key	query	seed_ortholog	evalue	score	eggNOG_OGs	description	preferred_name	GOs	KEGG_ko	KEGG_pathway	brite	PFAMs
3225	GEA49197.1	1205908.AKXW01000005_gene3323	4.3e-289	791.0	COG0739@1|root,COG0739@2|Bacteria,1MVTF@1224|Proteobacteria,1RM7S@1236|Gammaproteobacteria,1XUZ4@135623|Vibrionales	COG0739 Membrane proteins related to metalloendopeptidases	yebA	-	-	-	-	OapA,OapA_N,Peptidase_M23
3225	GEA49198.1	1205908.AKXW01000005_gene3324	2.6e-278	761.0	COG0162@1|root,COG0162@2|Bacteria,1MVUQ@1224|Proteobacteria,1RPKC@1236|Gammaproteobacteria,1XVI5@135623|Vibrionales	Catalyzes the attachment of tyrosine to tRNA(Tyr) in a two-step reaction tyrosine is first activated by ATP to form Tyr- AMP and then transferred to the acceptor end of tRNA(Tyr)	tyrS	GO:0003674,GO:0003824,GO:0004812,GO:0004831,GO:0005575,GO:0005622,GO:0005623,GO:0005737,GO:0005829,GO:0006082,GO:0006139,GO:0006399,GO:0006412,GO:0006418,GO:0006437,GO:0006518,GO:0006520,GO:0006725,GO:0006807,GO:0008150,GO:0008152,GO:0009058,GO:0009059,GO:0009987,GO:0010467,GO:0016070,GO:0016874,GO:0016875,GO:0019538,GO:0019752,GO:0034641,GO:0034645,GO:0034660,GO:0043038,GO:0043039,GO:0043043,GO:0043170,GO:0043436,GO:0043603,GO:0043604,GO:0044237,GO:0044238,GO:0044249,GO:0044260,GO:0044267,GO:0044271,GO:0044281,GO:0044424,GO:0044444,GO:0044464,GO:0046483,GO:0071704,GO:0090304,GO:0140098,GO:0140101,GO:1901360,GO:1901564,GO:1901566,GO:1901576	ko:K01866	ko00970,map00970	ko00000,ko00001,ko00002,ko01000,ko01007,ko03016,ko03029	S4,tRNA-synt_1b
3225	GEA49199.1	1205908.AKXW01000005_gene3325	1.08e-183	513.0	COG2239@1|root,COG2239@2|Bacteria,1MW24@1224|Proteobacteria,1RYH1@1236|Gammaproteobacteria,1XVN6@135623|Vibrionales	Mg Co Ni transporter MgtE (Contains CBS domain)	VP2469	-	ko:K06213	-	ko00000,ko02000	MgtE
3225	GEA49200.1	1205908.AKXW01000005_gene3326	2.63e-302	827.0	COG2027@1|root,COG2027@2|Bacteria,1MW40@1224|Proteobacteria,1RP8V@1236|Gammaproteobacteria,1XUAV@135623|Vibrionales	COG2027 D-alanyl-D-alanine carboxypeptidase (penicillin-binding protein 4)	dacB	-	ko:K07259	ko00550,map00550	ko00000,ko00001,ko01000,ko01002,ko01011	Peptidase_S13
3225	GEA49201.1	1219072.VHA01S_063_00170	1.89e-212	591.0	COG3203@1|root,COG3203@2|Bacteria,1QTIE@1224|Proteobacteria,1SWVJ@1236|Gammaproteobacteria,1XSH5@135623|Vibrionales	COG3203 Outer membrane protein (porin)	-	-	-	-	-	Porin_1,Porin_4
3225	GEA49202.1	1205908.AKXW01000005_gene3328	1.62e-101	295.0	COG0782@1|root,COG0782@2|Bacteria,1RCXW@1224|Proteobacteria,1S3UP@1236|Gammaproteobacteria,1XTS8@135623|Vibrionales	Necessary for efficient RNA polymerase transcription elongation past template-encoded arresting sites. The arresting sites in DNA have the property of trapping a certain fraction of elongating RNA polymerases that pass through, resulting in locked ternary complexes. Cleavage of the nascent transcript by cleavage factors such as GreA or GreB allows the resumption of elongation from the new 3'terminus. GreA releases sequences of 2 to 3 nucleotides	greA	GO:0006139,GO:0006351,GO:0006354,GO:0006725,GO:0006807,GO:0008150,GO:0008152,GO:0009058,GO:0009059,GO:0009987,GO:0010467,GO:0016070,GO:0018130,GO:0019438,GO:0032774,GO:0034641,GO:0034645,GO:0034654,GO:0043170,GO:0044237,GO:0044238,GO:0044249,GO:0044260,GO:0044271,GO:0046483,GO:0071704,GO:0090304,GO:0097659,GO:1901360,GO:1901362,GO:1901576	ko:K03624	-	ko00000,ko03021	GreA_GreB,GreA_GreB_N
3225	GEA49203.1	1219080.VEZ01S_02_00480	2.01e-58	181.0	COG1534@1|root,COG1534@2|Bacteria,1N8K5@1224|Proteobacteria,1SDIM@1236|Gammaproteobacteria,1XXTH@135623|Vibrionales	RNA-binding protein containing KH domain, possibly ribosomal protein	yhbY	-	ko:K07574	-	ko00000,ko03009	CRS1_YhbY
3225	GEA49204.1	1205908.AKXW01000005_gene3330	1.24e-144	408.0	COG0293@1|root,COG0293@2|Bacteria,1MW1C@1224|Proteobacteria,1RN5M@1236|Gammaproteobacteria,1XTF8@135623|Vibrionales	Specifically methylates the uridine in position 2552 of 23S rRNA at the 2'-O position of the ribose in the fully assembled 50S ribosomal subunit	ftsJ	-	ko:K02427	-	ko00000,ko01000,ko03009	FtsJ
3225	GEA49205.1	1205908.AKXW01000005_gene3331	0.0	1217.0	COG0465@1|root,COG0465@2|Bacteria,1MU6J@1224|Proteobacteria,1RME8@1236|Gammaproteobacteria,1XT56@135623|Vibrionales	Acts as a processive, ATP-dependent zinc metallopeptidase for both cytoplasmic and membrane proteins. Plays a role in the quality control of integral membrane proteins	ftsH	-	ko:K03798	-	ko00000,ko00002,ko01000,ko01002,ko03110	AAA,FtsH_ext,Peptidase_M41
3225	GEA49206.1	1205908.AKXW01000005_gene3332	2.35e-180	504.0	COG0294@1|root,COG0294@2|Bacteria,1MUIR@1224|Proteobacteria,1RM8G@1236|Gammaproteobacteria,1XTE1@135623|Vibrionales	Catalyzes the condensation of para-aminobenzoate (pABA) with 6-hydroxymethyl-7,8-dihydropterin diphosphate (DHPt-PP) to form 7,8-dihydropteroate (H2Pte), the immediate precursor of folate derivatives	folP	-	ko:K00796	ko00790,ko01100,map00790,map01100	ko00000,ko00001,ko00002,ko01000	Pterin_bind
3225	GEA49207.1	1205908.AKXW01000005_gene3333	1.89e-310	847.0	COG1109@1|root,COG1109@2|Bacteria,1MU24@1224|Proteobacteria,1RMR2@1236|Gammaproteobacteria,1XU1U@135623|Vibrionales	Catalyzes the conversion of glucosamine-6-phosphate to glucosamine-1-phosphate	glmM	-	ko:K03431	ko00520,ko01100,ko01130,map00520,map01100,map01130	ko00000,ko00001,ko01000	PGM_PMM_I,PGM_PMM_II,PGM_PMM_III,PGM_PMM_IV
3225	GEA49208.1	1205908.AKXW01000005_gene3334	1.56e-185	516.0	COG0483@1|root,COG0483@2|Bacteria,1MUQT@1224|Proteobacteria,1RNME@1236|Gammaproteobacteria,1XSBJ@135623|Vibrionales	COG0483 Archaeal fructose-1,6-bisphosphatase and related enzymes of inositol monophosphatase family	suhB	GO:0003674,GO:0003824,GO:0005975,GO:0006020,GO:0006066,GO:0006793,GO:0006796,GO:0007154,GO:0007165,GO:0008150,GO:0008152,GO:0008934,GO:0009056,GO:0009987,GO:0016311,GO:0016787,GO:0016788,GO:0016791,GO:0019637,GO:0019751,GO:0023052,GO:0042578,GO:0043647,GO:0044237,GO:0044238,GO:0044262,GO:0044281,GO:0044282,GO:0046164,GO:0046174,GO:0046434,GO:0046838,GO:0046855,GO:0050789,GO:0050794,GO:0050896,GO:0051716,GO:0052745,GO:0052834,GO:0065007,GO:0071545,GO:0071704,GO:1901575,GO:1901615,GO:1901616	ko:K01092	ko00521,ko00562,ko01100,ko04070,map00521,map00562,map01100,map04070	ko00000,ko00001,ko00002,ko01000	Inositol_P
3225	GEA49209.1	1205908.AKXW01000005_gene3335	2.65e-160	450.0	COG0565@1|root,COG0565@2|Bacteria,1N47Y@1224|Proteobacteria,1RPD3@1236|Gammaproteobacteria,1XSWM@135623|Vibrionales	Catalyzes the formation of 2'O-methylated cytidine (Cm32) or 2'O-methylated uridine (Um32) at position 32 in tRNA	trmJ	-	ko:K15396	-	ko00000,ko01000,ko03016	SpoU_methylase
3225	GEA49210.1	1205908.AKXW01000005_gene3336	1.97e-110	318.0	COG1959@1|root,COG1959@2|Bacteria,1RDA4@1224|Proteobacteria,1S3RW@1236|Gammaproteobacteria,1XTCH@135623|Vibrionales	Regulates the transcription of several operons and genes involved in the biogenesis of Fe-S clusters and Fe-S-containing proteins	iscR	-	ko:K13643	-	ko00000,ko03000	Rrf2
3225	GEA49211.1	1205908.AKXW01000005_gene3337	2.03e-291	795.0	COG1104@1|root,COG1104@2|Bacteria,1MU1C@1224|Proteobacteria,1RNCD@1236|Gammaproteobacteria,1XSAE@135623|Vibrionales	Master enzyme that delivers sulfur to a number of partners involved in Fe-S cluster assembly, tRNA modification or cofactor biosynthesis. Catalyzes the removal of elemental sulfur atoms from cysteine to produce alanine. Functions as a sulfur delivery protein for Fe-S cluster synthesis onto IscU, an Fe-S scaffold assembly protein, as well as other S acceptor proteins	iscS	GO:0003674,GO:0003824,GO:0008483,GO:0016740,GO:0016769	ko:K04487	ko00730,ko01100,ko04122,map00730,map01100,map04122	ko00000,ko00001,ko01000,ko02048,ko03016,ko03029	Aminotran_5
3225	GEA49212.1	1205908.AKXW01000005_gene3338	2.06e-85	251.0	COG0822@1|root,COG0822@2|Bacteria,1RD5K@1224|Proteobacteria,1S3P1@1236|Gammaproteobacteria,1XWW7@135623|Vibrionales	A scaffold on which IscS assembles Fe-S clusters. It is likely that Fe-S cluster coordination is flexible as the role of this complex is to build and then hand off Fe-S clusters	iscU	-	ko:K04488	-	ko00000	NifU_N
3225	GEA49213.1	1205908.AKXW01000005_gene3339	1.4e-69	210.0	COG0316@1|root,COG0316@2|Bacteria,1RH6T@1224|Proteobacteria,1S5XD@1236|Gammaproteobacteria,1XXFW@135623|Vibrionales	Is able to transfer iron-sulfur clusters to apo- ferredoxin. Multiple cycles of 2Fe2S cluster formation and transfer are observed, suggesting that IscA acts catalytically. Recruits intracellular free iron so as to provide iron for the assembly of transient iron-sulfur cluster in IscU in the presence of IscS, L-cysteine and the thioredoxin reductase system	iscA	-	ko:K13628	-	ko00000,ko03016	Fe-S_biosyn
3225	GEA49214.1	1205908.AKXW01000005_gene3340	1.1e-108	314.0	COG1076@1|root,COG1076@2|Bacteria,1RHZX@1224|Proteobacteria,1S9YH@1236|Gammaproteobacteria,1XTU9@135623|Vibrionales	Co-chaperone involved in the maturation of iron-sulfur cluster-containing proteins. Seems to help targeting proteins to be folded toward HscA	hscB	GO:0006457,GO:0008150,GO:0009987	ko:K04082	-	ko00000,ko03029,ko03110	DnaJ,HSCB_C
3225	GEA49215.1	1205908.AKXW01000005_gene3341	0.0	1125.0	COG0443@1|root,COG0443@2|Bacteria,1MVQI@1224|Proteobacteria,1RN74@1236|Gammaproteobacteria,1XT9W@135623|Vibrionales	Chaperone involved in the maturation of iron-sulfur cluster-containing proteins. Has a low intrinsic ATPase activity which is markedly stimulated by HscB	hscA	GO:0006457,GO:0008150,GO:0009987	ko:K04044	-	ko00000,ko03110	HSP70
3225	GEA49216.1	1205908.AKXW01000005_gene3342	4.77e-77	229.0	COG0633@1|root,COG0633@2|Bacteria,1RHDC@1224|Proteobacteria,1S5XW@1236|Gammaproteobacteria,1XXAG@135623|Vibrionales	Ferredoxin	fdx	-	ko:K04755	-	ko00000	Fer2
3225	GEA49217.1	1205908.AKXW01000005_gene3343	6.33e-42	137.0	COG2975@1|root,COG2975@2|Bacteria,1N7C1@1224|Proteobacteria,1SC9F@1236|Gammaproteobacteria,1XYVQ@135623|Vibrionales	protein conserved in bacteria	iscX	-	-	-	-	Fe-S_assembly
3225	GEA49218.1	1205908.AKXW01000005_gene3344	2.27e-307	838.0	COG0260@1|root,COG0260@2|Bacteria,1MUIN@1224|Proteobacteria,1RNFI@1236|Gammaproteobacteria,1XUTG@135623|Vibrionales	Probably plays an important role in intracellular peptide degradation	pepB	GO:0003674,GO:0003824,GO:0006508,GO:0006807,GO:0008150,GO:0008152,GO:0008233,GO:0016787,GO:0019538,GO:0043170,GO:0044238,GO:0071704,GO:0140096,GO:1901564	ko:K07751	ko00480,ko01100,map00480,map01100	ko00000,ko00001,ko01000,ko01002	DUF3663,Peptidase_M17
3225	GEA49219.1	1205908.AKXW01000005_gene3345	6.34e-94	274.0	COG0105@1|root,COG0105@2|Bacteria,1R9ZA@1224|Proteobacteria,1S1Z3@1236|Gammaproteobacteria,1XX25@135623|Vibrionales	Major role in the synthesis of nucleoside triphosphates other than ATP. The ATP gamma phosphate is transferred to the NDP beta phosphate via a ping-pong mechanism, using a phosphorylated active-site intermediate	ndk	GO:0003674,GO:0003824,GO:0004550,GO:0005575,GO:0005622,GO:0005623,GO:0006139,GO:0006163,GO:0006165,GO:0006220,GO:0006725,GO:0006753,GO:0006793,GO:0006796,GO:0006807,GO:0008150,GO:0008152,GO:0009117,GO:0009132,GO:0009987,GO:0015949,GO:0016301,GO:0016310,GO:0016740,GO:0016772,GO:0016776,GO:0019205,GO:0019637,GO:0034641,GO:0044237,GO:0044238,GO:0044281,GO:0044464,GO:0046483,GO:0046939,GO:0055086,GO:0071704,GO:0072521,GO:0072527,GO:1901360,GO:1901564	ko:K00940	ko00230,ko00240,ko00983,ko01100,ko01110,ko01130,ko04016,map00230,map00240,map00983,map01100,map01110,map01130,map04016	ko00000,ko00001,ko00002,ko01000,ko04131	NDK
3225	GEA49220.1	1205908.AKXW01000005_gene3346	5.81e-272	743.0	COG0820@1|root,COG0820@2|Bacteria,1MUYK@1224|Proteobacteria,1RMUI@1236|Gammaproteobacteria,1XSQG@135623|Vibrionales	Specifically methylates position 2 of adenine 2503 in 23S rRNA and position 2 of adenine 37 in tRNAs	rlmN	GO:0000154,GO:0001510,GO:0003674,GO:0003824,GO:0006139,GO:0006364,GO:0006396,GO:0006399,GO:0006400,GO:0006725,GO:0006807,GO:0008033,GO:0008150,GO:0008152,GO:0008168,GO:0008173,GO:0008175,GO:0008649,GO:0008757,GO:0009451,GO:0009987,GO:0010467,GO:0016070,GO:0016072,GO:0016740,GO:0016741,GO:0022613,GO:0030488,GO:0031167,GO:0032259,GO:0034470,GO:0034641,GO:0034660,GO:0042254,GO:0043170,GO:0043412,GO:0043414,GO:0044085,GO:0044237,GO:0044238,GO:0044260,GO:0046483,GO:0070475,GO:0071704,GO:0071840,GO:0090304,GO:0140098,GO:0140101,GO:0140102,GO:1901360	ko:K06941	-	ko00000,ko01000,ko03009	Radical_SAM
3225	GEA49221.1	1205908.AKXW01000005_gene3347	7.61e-148	417.0	COG3063@1|root,COG3063@2|Bacteria,1MXPC@1224|Proteobacteria,1RY78@1236|Gammaproteobacteria,1XSMH@135623|Vibrionales	COG3063 Tfp pilus assembly protein PilF	pilF	-	ko:K02656	-	ko00000,ko02035,ko02044	TPR_12,TPR_16,TPR_17,TPR_19,TPR_2,TPR_6,TPR_8
3225	GEA49222.1	1205908.AKXW01000005_gene3348	5.29e-194	541.0	COG1426@1|root,COG1426@2|Bacteria,1N240@1224|Proteobacteria,1RQMV@1236|Gammaproteobacteria,1XSGH@135623|Vibrionales	protein conserved in bacteria	rodZ	-	ko:K15539	-	ko00000	DUF4115,HTH_25
3225	GEA49223.1	1205908.AKXW01000005_gene3349	1.14e-254	700.0	COG0821@1|root,COG0821@2|Bacteria,1MUAX@1224|Proteobacteria,1RMXZ@1236|Gammaproteobacteria,1XSUH@135623|Vibrionales	Converts 2C-methyl-D-erythritol 2,4-cyclodiphosphate (ME-2,4cPP) into 1-hydroxy-2-methyl-2-(E)-butenyl 4-diphosphate	ispG	GO:0003674,GO:0003824,GO:0006081,GO:0006082,GO:0006090,GO:0006629,GO:0006644,GO:0006720,GO:0006793,GO:0006796,GO:0008150,GO:0008152,GO:0008299,GO:0008610,GO:0008654,GO:0009058,GO:0009240,GO:0009987,GO:0016491,GO:0016725,GO:0019288,GO:0019637,GO:0019682,GO:0019752,GO:0032787,GO:0043436,GO:0044237,GO:0044238,GO:0044249,GO:0044255,GO:0044281,GO:0046429,GO:0046490,GO:0052592,GO:0055114,GO:0071704,GO:0090407,GO:1901135,GO:1901576	ko:K03526	ko00900,ko01100,ko01110,ko01130,map00900,map01100,map01110,map01130	ko00000,ko00001,ko00002,ko01000	GcpE
3225	GEA49224.1	1205908.AKXW01000005_gene3350	1.65e-299	817.0	COG0124@1|root,COG0124@2|Bacteria,1MV2K@1224|Proteobacteria,1RPHI@1236|Gammaproteobacteria,1XTDT@135623|Vibrionales	Histidyl-tRNA synthetase	hisS	GO:0003674,GO:0003824,GO:0004812,GO:0004821,GO:0006082,GO:0006139,GO:0006399,GO:0006412,GO:0006418,GO:0006427,GO:0006518,GO:0006520,GO:0006725,GO:0006807,GO:0008150,GO:0008152,GO:0009058,GO:0009059,GO:0009987,GO:0010467,GO:0016070,GO:0016874,GO:0016875,GO:0019538,GO:0019752,GO:0034641,GO:0034645,GO:0034660,GO:0043038,GO:0043039,GO:0043043,GO:0043170,GO:0043436,GO:0043603,GO:0043604,GO:0044237,GO:0044238,GO:0044249,GO:0044260,GO:0044267,GO:0044271,GO:0044281,GO:0046483,GO:0071704,GO:0090304,GO:0140098,GO:0140101,GO:1901360,GO:1901564,GO:1901566,GO:1901576	ko:K01892	ko00970,map00970	ko00000,ko00001,ko00002,ko01000,ko01007,ko03016	HGTP_anticodon,tRNA-synt_His
3225	GEA49225.1	1205908.AKXW01000005_gene3351	6.35e-131	373.0	COG2976@1|root,COG2976@2|Bacteria,1N117@1224|Proteobacteria,1SASA@1236|Gammaproteobacteria,1XTXY@135623|Vibrionales	protein conserved in bacteria	-	-	-	-	-	TPR_21
3225	GEA49226.1	1205908.AKXW01000005_gene3352	2.64e-209	586.0	COG1520@1|root,COG1520@2|Bacteria,1MXIJ@1224|Proteobacteria,1RN4V@1236|Gammaproteobacteria,1XSD2@135623|Vibrionales	Part of the outer membrane protein assembly complex, which is involved in assembly and insertion of beta-barrel proteins into the outer membrane	bamB	GO:0003674,GO:0003824,GO:0008150,GO:0008152,GO:0016491,GO:0055114	ko:K17713	-	ko00000,ko02000	PQQ_2,PQQ_3
3225	GEA49227.1	1205908.AKXW01000005_gene3353	0.0	919.0	COG1160@1|root,COG1160@2|Bacteria,1MU9S@1224|Proteobacteria,1RMSF@1236|Gammaproteobacteria,1XTH0@135623|Vibrionales	GTPase that plays an essential role in the late steps of ribosome biogenesis	der	GO:0000166,GO:0001882,GO:0001883,GO:0003674,GO:0005488,GO:0005525,GO:0017076,GO:0019001,GO:0032549,GO:0032550,GO:0032553,GO:0032555,GO:0032561,GO:0035639,GO:0036094,GO:0043167,GO:0043168,GO:0097159,GO:0097367,GO:1901265,GO:1901363	ko:K03977	-	ko00000,ko03009	KH_dom-like,MMR_HSR1
3225	GEA49228.1	1219080.VEZ01S_02_00230	6.06e-36	122.0	COG1198@1|root,COG1198@2|Bacteria,1NHFG@1224|Proteobacteria,1SGTI@1236|Gammaproteobacteria,1XYUA@135623|Vibrionales	zinc-ribbons	-	-	-	-	-	zinc-ribbons_6
3225	GEA49229.1	1205908.AKXW01000005_gene3354	5.01e-228	637.0	COG1570@1|root,COG1570@2|Bacteria,1MUA4@1224|Proteobacteria,1RNAZ@1236|Gammaproteobacteria,1XSYD@135623|Vibrionales	Bidirectionally degrades single-stranded DNA into large acid-insoluble oligonucleotides, which are then degraded further into small acid-soluble oligonucleotides	xseA	GO:0003674,GO:0003824,GO:0004518,GO:0004527,GO:0004529,GO:0004536,GO:0005575,GO:0005622,GO:0005623,GO:0006139,GO:0006259,GO:0006308,GO:0006725,GO:0006807,GO:0008150,GO:0008152,GO:0008855,GO:0009056,GO:0009057,GO:0009318,GO:0009987,GO:0016787,GO:0016788,GO:0016796,GO:0016895,GO:0019439,GO:0032991,GO:0034641,GO:0034655,GO:0043170,GO:0044237,GO:0044238,GO:0044248,GO:0044260,GO:0044265,GO:0044270,GO:0044424,GO:0044464,GO:0046483,GO:0046700,GO:0071704,GO:0090304,GO:0090305,GO:0140097,GO:1901360,GO:1901361,GO:1901575,GO:1902494	ko:K03601	ko03430,map03430	ko00000,ko00001,ko01000,ko03400	Exonuc_VII_L,tRNA_anti_2
3225	GEA49230.1	1205908.AKXW01000005_gene3355	0.0	908.0	COG0516@1|root,COG0517@1|root,COG0516@2|Bacteria,COG0517@2|Bacteria,1MUJM@1224|Proteobacteria,1RMT8@1236|Gammaproteobacteria,1XT7Z@135623|Vibrionales	Catalyzes the conversion of inosine 5'-phosphate (IMP) to xanthosine 5'-phosphate (XMP), the first committed and rate- limiting step in the de novo synthesis of guanine nucleotides, and therefore plays an important role in the regulation of cell growth	guaB	-	ko:K00088	ko00230,ko00983,ko01100,ko01110,map00230,map00983,map01100,map01110	ko00000,ko00001,ko00002,ko01000,ko04147	CBS,IMPDH
3225	GEA49231.1	1205908.AKXW01000005_gene3356	0.0	1051.0	COG0518@1|root,COG0519@1|root,COG0518@2|Bacteria,COG0519@2|Bacteria,1MU2A@1224|Proteobacteria,1RP81@1236|Gammaproteobacteria,1XTWC@135623|Vibrionales	Catalyzes the synthesis of GMP from XMP	guaA	GO:0003674,GO:0003824,GO:0003921,GO:0003922,GO:0006139,GO:0006163,GO:0006164,GO:0006177,GO:0006725,GO:0006753,GO:0006793,GO:0006796,GO:0006807,GO:0008150,GO:0008152,GO:0009058,GO:0009116,GO:0009117,GO:0009119,GO:0009123,GO:0009124,GO:0009126,GO:0009127,GO:0009150,GO:0009152,GO:0009156,GO:0009161,GO:0009163,GO:0009165,GO:0009167,GO:0009168,GO:0009259,GO:0009260,GO:0009987,GO:0016874,GO:0016879,GO:0016884,GO:0018130,GO:0019438,GO:0019637,GO:0019693,GO:0034404,GO:0034641,GO:0034654,GO:0042278,GO:0042451,GO:0042455,GO:0044237,GO:0044238,GO:0044249,GO:0044271,GO:0044281,GO:0044283,GO:0046037,GO:0046128,GO:0046129,GO:0046390,GO:0046483,GO:0055086,GO:0071704,GO:0072521,GO:0072522,GO:0090407,GO:1901068,GO:1901070,GO:1901135,GO:1901137,GO:1901293,GO:1901360,GO:1901362,GO:1901564,GO:1901566,GO:1901576,GO:1901657,GO:1901659	ko:K01951	ko00230,ko00983,ko01100,map00230,map00983,map01100	ko00000,ko00001,ko00002,ko01000,ko01002	GATase,GMP_synt_C,NAD_synthase
3225	GEA49232.1	1219072.VHA01S_020_00060	6.4e-93	274.0	COG3122@1|root,COG3122@2|Bacteria,1N15V@1224|Proteobacteria,1S5V0@1236|Gammaproteobacteria,1XTMW@135623|Vibrionales	nucleoprotein polynucleotide-associated enzyme	yaiL	-	ko:K09912	-	ko00000	DUF2058
3225	GEA49233.1	1205908.AKXW01000005_gene3358	7.34e-271	741.0	COG4134@1|root,COG4134@2|Bacteria,1MWJ7@1224|Proteobacteria,1RQ0I@1236|Gammaproteobacteria,1XST3@135623|Vibrionales	transport system periplasmic component	-	-	ko:K05777	-	ko00000,ko00002,ko02000	SBP_bac_8
3225	GEA49234.1	1205908.AKXW01000005_gene3359	0.0	1068.0	COG4135@1|root,COG4135@2|Bacteria,1MV6R@1224|Proteobacteria,1RR4B@1236|Gammaproteobacteria,1XSNA@135623|Vibrionales	transport system, permease component	-	-	ko:K05778	-	ko00000,ko00002,ko02000	BPD_transp_1
3225	GEA49235.1	1219072.VHA01S_020_00090	1.69e-127	365.0	COG4136@1|root,COG4136@2|Bacteria,1RA88@1224|Proteobacteria,1S4G8@1236|Gammaproteobacteria,1XVW5@135623|Vibrionales	ABC transporter, ATP-binding protein	-	-	ko:K05779	-	ko00000,ko00002,ko02000	ABC_tran
3225	GEA49236.1	1205908.AKXW01000005_gene3361	4.7e-136	385.0	COG0558@1|root,COG0558@2|Bacteria,1RD5Y@1224|Proteobacteria,1S2R8@1236|Gammaproteobacteria,1XTFE@135623|Vibrionales	Belongs to the CDP-alcohol phosphatidyltransferase class-I family	-	-	ko:K00995	ko00564,ko01100,map00564,map01100	ko00000,ko00001,ko01000	CDP-OH_P_transf
3225	GEA49237.1	1205908.AKXW01000005_gene3363	0.0	948.0	COG0517@1|root,COG2116@1|root,COG0517@2|Bacteria,COG2116@2|Bacteria,1MU0W@1224|Proteobacteria,1RQ6K@1236|Gammaproteobacteria,1XUCS@135623|Vibrionales	COG2116 Formate nitrite family of transporters	VVA0737	-	ko:K06212	-	ko00000,ko02000	CBS,Form_Nir_trans
3225	GEA49238.1	1205908.AKXW01000005_gene3364	1.53e-212	588.0	COG0583@1|root,COG0583@2|Bacteria,1MWVU@1224|Proteobacteria,1RPT8@1236|Gammaproteobacteria,1XTZM@135623|Vibrionales	Transcriptional regulator	-	-	-	-	-	HTH_1,LysR_substrate
3225	GEA49239.1	1205908.AKXW01000005_gene3365	6.31e-68	206.0	COG0640@1|root,COG0640@2|Bacteria,1N7I7@1224|Proteobacteria,1SQPT@1236|Gammaproteobacteria,1XYC8@135623|Vibrionales	transcriptional regulators	-	-	-	-	-	HTH_20,HTH_5
3225	GEA49240.1	1205908.AKXW01000005_gene3366	4.28e-233	644.0	COG0798@1|root,COG0798@2|Bacteria,1MUXY@1224|Proteobacteria,1RP2I@1236|Gammaproteobacteria,1XTTT@135623|Vibrionales	COG0798 Arsenite efflux pump ACR3 and related permeases	arsB	-	ko:K03325	-	ko00000,ko02000	SBF
3225	GEA49241.1	1205908.AKXW01000045_gene3579	3.62e-241	672.0	COG3863@1|root,COG3863@2|Bacteria,1R3R2@1224|Proteobacteria,1TIYZ@1236|Gammaproteobacteria,1Y025@135623|Vibrionales	Permuted papain-like amidase enzyme, YaeF/YiiX, C92 family	-	-	-	-	-	Peptidase_C92
3225	GEA49242.1	1205908.AKXW01000045_gene3578	5.4e-199	558.0	2A45W@1|root,30SQX@2|Bacteria,1PC2Z@1224|Proteobacteria,1TIY1@1236|Gammaproteobacteria,1XZZG@135623|Vibrionales	-	-	-	-	-	-	-
3225	GEA49243.1	1205908.AKXW01000005_gene3367	3.98e-111	319.0	2ANU3@1|root,31DUE@2|Bacteria,1RJ8P@1224|Proteobacteria,1THI4@1236|Gammaproteobacteria,1XW0S@135623|Vibrionales	-	-	-	-	-	-	-
3225	GEA49244.1	1205908.AKXW01000005_gene3368	1.11e-210	583.0	COG3181@1|root,COG3181@2|Bacteria,1MXEX@1224|Proteobacteria,1RPKH@1236|Gammaproteobacteria,1XSIQ@135623|Vibrionales	protein conserved in bacteria	-	-	-	-	-	TctC
3225	GEA49245.1	1205908.AKXW01000005_gene3369	2.07e-86	256.0	2B2ER@1|root,31UZD@2|Bacteria,1QJPN@1224|Proteobacteria,1THQK@1236|Gammaproteobacteria,1XX6M@135623|Vibrionales	Tripartite tricarboxylate transporter TctB family	-	-	-	-	-	TctB
3225	GEA49246.1	1205908.AKXW01000005_gene3370	0.0	890.0	COG3333@1|root,COG3333@2|Bacteria,1MUKR@1224|Proteobacteria,1RMQB@1236|Gammaproteobacteria,1XUNK@135623|Vibrionales	protein conserved in bacteria	-	-	ko:K07793	ko02020,map02020	ko00000,ko00001,ko02000	TctA
3225	GEA49247.1	1205908.AKXW01000005_gene3371	1.39e-240	665.0	COG5297@1|root,COG5297@2|Bacteria,1PWA0@1224|Proteobacteria,1RRD7@1236|Gammaproteobacteria,1XVAX@135623|Vibrionales	Alginate lyase	-	-	-	-	-	Alginate_lyase2
3225	GEA49248.1	1205908.AKXW01000005_gene3376	7.68e-173	483.0	COG4221@1|root,COG4221@2|Bacteria,1MUF8@1224|Proteobacteria,1RMKM@1236|Gammaproteobacteria,1XUEP@135623|Vibrionales	Belongs to the short-chain dehydrogenases reductases (SDR) family	-	-	ko:K15373	ko00430,ko01100,map00430,map01100	ko00000,ko00001,ko01000	adh_short
3225	GEA49249.1	1205908.AKXW01000005_gene3377	2.22e-133	382.0	COG0730@1|root,COG0730@2|Bacteria,1NAFA@1224|Proteobacteria,1S538@1236|Gammaproteobacteria,1XXG9@135623|Vibrionales	Sulfite exporter TauE/SafE	-	-	ko:K07090	-	ko00000	TauE
3225	GEA49250.1	1205908.AKXW01000005_gene3378	2.44e-302	826.0	COG0160@1|root,COG0160@2|Bacteria,1QTZ3@1224|Proteobacteria,1T1T0@1236|Gammaproteobacteria,1Y3CF@135623|Vibrionales	Aminotransferase class-III	-	-	ko:K15372	ko00410,ko00430,ko01100,map00410,map00430,map01100	ko00000,ko00001,ko01000	Aminotran_3
3225	GEA49251.1	1205908.AKXW01000005_gene3379	0.0	970.0	COG1167@1|root,COG1167@2|Bacteria,1MVGT@1224|Proteobacteria,1RPFK@1236|Gammaproteobacteria,1XTBA@135623|Vibrionales	COG1167 Transcriptional regulators containing a DNA-binding HTH domain and an aminotransferase domain (MocR family) and their eukaryotic orthologs	-	-	ko:K00375	-	ko00000,ko03000	Aminotran_1_2,GntR
3225	GEA49252.1	1205908.AKXW01000005_gene3380	3.93e-189	527.0	COG0834@1|root,COG0834@2|Bacteria,1P59E@1224|Proteobacteria,1RZI4@1236|Gammaproteobacteria,1XWJY@135623|Vibrionales	NMT1/THI5 like	-	-	ko:K02030	-	ko00000,ko00002,ko02000	SBP_bac_3
3225	GEA49253.1	1205908.AKXW01000005_gene3381	1.81e-139	395.0	COG0765@1|root,COG0765@2|Bacteria,1RDWI@1224|Proteobacteria,1RSNW@1236|Gammaproteobacteria,1XWU5@135623|Vibrionales	Binding-protein-dependent transport system inner membrane component	-	-	ko:K02029	-	ko00000,ko00002,ko02000	BPD_transp_1
3225	GEA49254.1	1205908.AKXW01000005_gene3382	6.55e-146	412.0	COG0765@1|root,COG0765@2|Bacteria,1R6B2@1224|Proteobacteria,1RZ1R@1236|Gammaproteobacteria,1XWQ4@135623|Vibrionales	Binding-protein-dependent transport system inner membrane component	-	-	ko:K02029	-	ko00000,ko00002,ko02000	BPD_transp_1
3225	GEA49255.1	1205908.AKXW01000005_gene3383	9.24e-187	521.0	COG1126@1|root,COG1126@2|Bacteria,1MU9Q@1224|Proteobacteria,1RP8M@1236|Gammaproteobacteria,1XWHC@135623|Vibrionales	AAA domain, putative AbiEii toxin, Type IV TA system	-	-	ko:K02028	-	ko00000,ko00002,ko01000,ko02000	ABC_tran
3225	GEA49256.1	1205908.AKXW01000005_gene3384	0.0	1250.0	28HPB@1|root,2Z7XC@2|Bacteria,1MVUK@1224|Proteobacteria,1RQN9@1236|Gammaproteobacteria,1XVXN@135623|Vibrionales	Alginate lyase	-	-	-	-	-	Alginate_lyase,Hepar_II_III
3225	GEA49257.1	1205908.AKXW01000005_gene3385	0.0	885.0	COG1904@1|root,COG1904@2|Bacteria,1MVRI@1224|Proteobacteria,1RMRR@1236|Gammaproteobacteria,1XTDU@135623|Vibrionales	glucuronate isomerase activity	uxaC	-	ko:K01812	ko00040,ko01100,map00040,map01100	ko00000,ko00001,ko00002,ko01000	UxaC
3225	GEA49258.1	1205908.AKXW01000005_gene3388	4.28e-176	491.0	COG1028@1|root,COG1028@2|Bacteria,1MWB6@1224|Proteobacteria,1RMZB@1236|Gammaproteobacteria,1XSTX@135623|Vibrionales	Enoyl-(Acyl carrier protein) reductase	-	-	ko:K00065	ko00040,map00040	ko00000,ko00001,ko01000	adh_short_C2
3225	GEA49259.1	1205908.AKXW01000005_gene3389	2.38e-252	692.0	2DB9E@1|root,2Z7WK@2|Bacteria,1QX0F@1224|Proteobacteria,1T32A@1236|Gammaproteobacteria,1XV13@135623|Vibrionales	Alginate lyase	-	-	-	-	-	Alginate_lyase2
3225	GEA49261.1	1205908.AKXW01000005_gene3392	4.46e-89	262.0	COG0797@1|root,COG0797@2|Bacteria,1MZ8S@1224|Proteobacteria,1S9P2@1236|Gammaproteobacteria,1XX8C@135623|Vibrionales	Lytic transglycosylase with a strong preference for naked glycan strands that lack stem peptides	-	-	ko:K03642	-	ko00000	DPBB_1
3225	GEA49262.1	1205908.AKXW01000005_gene3393	9.94e-154	435.0	COG2137@1|root,COG2137@2|Bacteria,1RBWZ@1224|Proteobacteria,1S2R3@1236|Gammaproteobacteria,1XVJD@135623|Vibrionales	Modulates RecA activity	recX	-	ko:K03565	-	ko00000,ko03400	RecX
3225	GEA49263.1	1517681.HW45_15470	1.33e-56	179.0	2ECBH@1|root,3369W@2|Bacteria,1NE1Q@1224|Proteobacteria,1SF6Y@1236|Gammaproteobacteria,1Y0WQ@135623|Vibrionales	-	-	-	-	-	-	-
3225	GEA49265.1	1116375.VEJY3_05040	2.29e-39	133.0	2AWU8@1|root,31NRE@2|Bacteria,1QKFR@1224|Proteobacteria,1TIJN@1236|Gammaproteobacteria,1XZ8Y@135623|Vibrionales	-	-	-	-	-	-	-
3225	GEA49267.1	1205908.AKXW01000146_gene1829	1.22e-145	421.0	COG4974@1|root,COG4974@2|Bacteria,1PSPB@1224|Proteobacteria,1TCG3@1236|Gammaproteobacteria,1XWI6@135623|Vibrionales	Integrase	-	-	-	-	-	Integrase_1,Phage_int_SAM_5
3225	GEA49268.1	243277.VC_0516	2.95e-79	257.0	COG0582@1|root,COG0582@2|Bacteria,1MU23@1224|Proteobacteria,1RMJ1@1236|Gammaproteobacteria,1XTXF@135623|Vibrionales	Belongs to the 'phage' integrase family	-	-	-	-	-	Arm-DNA-bind_3,Phage_int_SAM_3,Phage_integrase
3225	GEA49272.1	617140.AJZE01000077_gene1336	1.32e-258	727.0	COG1574@1|root,COG1574@2|Bacteria,1MWP2@1224|Proteobacteria,1RNB7@1236|Gammaproteobacteria,1XTUF@135623|Vibrionales	metal-dependent hydrolase with the TIM-barrel fold	-	-	-	-	-	Amidohydro_3
3225	GEA49273.1	1208321.D104_12100	6.4e-25	102.0	COG3436@1|root,COG3436@2|Bacteria,1MYAC@1224|Proteobacteria,1T2KH@1236|Gammaproteobacteria,1XIK6@135619|Oceanospirillales	Transposase IS66 family	-	-	-	-	-	DDE_Tnp_IS66,DDE_Tnp_IS66_C,LZ_Tnp_IS66
3225	GEA49274.1	675817.VDA_002780	7.36e-148	432.0	COG0582@1|root,COG0582@2|Bacteria,1MU23@1224|Proteobacteria,1RMJ1@1236|Gammaproteobacteria,1XTXF@135623|Vibrionales	Belongs to the 'phage' integrase family	-	-	-	-	-	Arm-DNA-bind_3,Phage_int_SAM_3,Phage_integrase
3225	GEA49276.1	1484157.PSNIH2_15505	2.23e-50	178.0	COG1403@1|root,COG1403@2|Bacteria,1MWNP@1224|Proteobacteria,1RPF2@1236|Gammaproteobacteria,3W0F8@53335|Pantoea	HNH endonuclease	-	-	-	-	-	HNH_4
3225	GEA49277.1	945543.VIBR0546_09454	3.58e-66	207.0	COG1961@1|root,COG1961@2|Bacteria,1R3XB@1224|Proteobacteria,1RSC2@1236|Gammaproteobacteria,1XXK6@135623|Vibrionales	Resolvase, N terminal domain	-	-	-	-	-	HTH_38,HTH_7,Resolvase
3225	GEA49279.1	1187128.I2GUC6_9CAUD	5.5e-21	99.4	4QBHW@10239|Viruses,4QW8N@35237|dsDNA viruses  no RNA stage,4QTT7@28883|Caudovirales,4QJZQ@10662|Myoviridae	sequence-specific DNA binding transcription factor activity	-	-	-	-	-	-
3225	GEA49280.1	641491.DND132_0551	2.97e-20	103.0	COG0582@1|root,COG0582@2|Bacteria,1RAN4@1224|Proteobacteria,42TK5@68525|delta/epsilon subdivisions,2WQKS@28221|Deltaproteobacteria,2MH3B@213115|Desulfovibrionales	Belongs to the 'phage' integrase family	-	-	-	-	-	Phage_integrase
3225	GEA49282.1	1190603.AJYD01000005_gene4005	2.25e-150	441.0	COG3440@1|root,COG3440@2|Bacteria,1NHIB@1224|Proteobacteria,1S546@1236|Gammaproteobacteria,1Y0WN@135623|Vibrionales	Domain of unknown function (DUF3883)	-	-	-	-	-	DUF3427,DUF3883
3225	GEA49283.1	94122.Shewana3_0056	9.31e-52	178.0	2DP71@1|root,330U0@2|Bacteria,1R5A0@1224|Proteobacteria,1RS7S@1236|Gammaproteobacteria,2QEB9@267890|Shewanellaceae	Protein of unknown function (DUF2971)	-	-	-	-	-	DUF2971
3225	GEA49284.1	1117958.PE143B_0116020	1.23e-13	73.6	2EKSK@1|root,33EGB@2|Bacteria,1NIC6@1224|Proteobacteria,1SJ0V@1236|Gammaproteobacteria	-	-	-	-	-	-	-
3225	GEA49285.1	357804.Ping_1181	1.68e-97	288.0	COG1961@1|root,COG1961@2|Bacteria,1N34F@1224|Proteobacteria,1SBWI@1236|Gammaproteobacteria	Resolvase, N terminal domain	-	-	-	-	-	Resolvase
3225	GEA49286.1	195250.CM001776_gene2137	5.31e-78	249.0	COG4469@1|root,COG4469@2|Bacteria	-	coiA	-	ko:K06198	-	ko00000	CoiA
3225	GEA49288.1	457415.HMPREF1006_01290	4.5e-18	95.5	COG0582@1|root,COG0582@2|Bacteria	DNA integration	-	-	-	-	-	Phage_int_SAM_5,Phage_integrase
3225	GEA49289.1	1205908.AKXW01000125_gene418	6.79e-105	303.0	COG0691@1|root,COG0691@2|Bacteria,1RDFP@1224|Proteobacteria,1S3PT@1236|Gammaproteobacteria,1XTV7@135623|Vibrionales	Required for rescue of stalled ribosomes mediated by trans-translation. Binds to transfer-messenger RNA (tmRNA), required for stable association of tmRNA with ribosomes. tmRNA and SmpB together mimic tRNA shape, replacing the anticodon stem-loop with SmpB. tmRNA is encoded by the ssrA gene	smpB	-	ko:K03664	-	ko00000	SmpB
3225	GEA49290.1	1205908.AKXW01000125_gene417	2.65e-102	296.0	COG2867@1|root,COG2867@2|Bacteria,1RGUH@1224|Proteobacteria,1S61C@1236|Gammaproteobacteria,1XWWV@135623|Vibrionales	oligoketide cyclase lipid transport protein	ratA	GO:0003674,GO:0005488,GO:0006417,GO:0006446,GO:0008150,GO:0009889,GO:0009890,GO:0009892,GO:0010468,GO:0010556,GO:0010558,GO:0010605,GO:0010608,GO:0010629,GO:0017148,GO:0019222,GO:0031323,GO:0031324,GO:0031326,GO:0031327,GO:0032268,GO:0032269,GO:0034248,GO:0034249,GO:0043021,GO:0043023,GO:0044877,GO:0045947,GO:0048519,GO:0048523,GO:0050789,GO:0050794,GO:0051171,GO:0051172,GO:0051246,GO:0051248,GO:0060255,GO:0065007,GO:0080090,GO:2000112,GO:2000113	-	-	-	Polyketide_cyc
3225	GEA49291.1	1205908.AKXW01000125_gene416	1.43e-58	182.0	COG2914@1|root,COG2914@2|Bacteria,1MZCH@1224|Proteobacteria,1SCHG@1236|Gammaproteobacteria,1XXAY@135623|Vibrionales	Belongs to the UPF0125 (RnfH) family	yfjF	-	ko:K09801	-	ko00000	Ub-RnfH
3225	GEA49292.1	1205908.AKXW01000125_gene415	3.53e-80	238.0	COG2913@1|root,COG2913@2|Bacteria,1N6YW@1224|Proteobacteria,1SCTT@1236|Gammaproteobacteria,1XXFF@135623|Vibrionales	Part of the outer membrane protein assembly complex, which is involved in assembly and insertion of beta-barrel proteins into the outer membrane	bamE	-	ko:K06186	-	ko00000,ko02000	SmpA_OmlA
3225	GEA49293.1	1205908.AKXW01000125_gene414	0.0	1018.0	COG0497@1|root,COG0497@2|Bacteria,1MUNP@1224|Proteobacteria,1RNPZ@1236|Gammaproteobacteria,1XSEX@135623|Vibrionales	May be involved in recombinational repair of damaged DNA	recN	-	ko:K03631	-	ko00000,ko03400	AAA_23,SMC_N
3225	GEA49294.1	1205908.AKXW01000125_gene413	8.23e-219	604.0	COG0061@1|root,COG0061@2|Bacteria,1MUBC@1224|Proteobacteria,1RP84@1236|Gammaproteobacteria,1XTTS@135623|Vibrionales	Involved in the regulation of the intracellular balance of NAD and NADP, and is a key enzyme in the biosynthesis of NADP. Catalyzes specifically the phosphorylation on 2'-hydroxyl of the adenosine moiety of NAD to yield NADP	nadK	-	ko:K00858	ko00760,ko01100,map00760,map01100	ko00000,ko00001,ko01000	NAD_kinase
3225	GEA49295.1	1205908.AKXW01000125_gene412	1.07e-119	345.0	COG0576@1|root,COG0576@2|Bacteria,1RH8T@1224|Proteobacteria,1S5W5@1236|Gammaproteobacteria,1XT2V@135623|Vibrionales	Participates actively in the response to hyperosmotic and heat shock by preventing the aggregation of stress-denatured proteins, in association with DnaK and GrpE. It is the nucleotide exchange factor for DnaK and may function as a thermosensor. Unfolded proteins bind initially to DnaJ	grpE	GO:0000166,GO:0000774,GO:0003674,GO:0005488,GO:0005515,GO:0005575,GO:0005622,GO:0005623,GO:0005737,GO:0005829,GO:0006457,GO:0008150,GO:0009987,GO:0017076,GO:0030234,GO:0030554,GO:0036094,GO:0044424,GO:0044444,GO:0044464,GO:0050790,GO:0051082,GO:0060589,GO:0060590,GO:0065007,GO:0065009,GO:0097159,GO:0098772,GO:1901265,GO:1901363	ko:K03687	-	ko00000,ko03029,ko03110	GrpE
3225	GEA49296.1	1205908.AKXW01000125_gene411	0.0	1167.0	COG0443@1|root,COG0443@2|Bacteria,1MVEN@1224|Proteobacteria,1RMDD@1236|Gammaproteobacteria,1XUDT@135623|Vibrionales	Heat shock 70 kDa protein	dnaK	GO:0006457,GO:0008150,GO:0009987	ko:K04043	ko03018,ko04212,ko05152,map03018,map04212,map05152	ko00000,ko00001,ko03019,ko03029,ko03110,ko04147	HSP70
3225	GEA49297.1	1205908.AKXW01000125_gene410	1.23e-229	637.0	COG0484@1|root,COG0484@2|Bacteria,1MVMS@1224|Proteobacteria,1RNHY@1236|Gammaproteobacteria,1XT3G@135623|Vibrionales	ATP binding to DnaK triggers the release of the substrate protein, thus completing the reaction cycle. Several rounds of ATP-dependent interactions between DnaJ, DnaK and GrpE are required for fully efficient folding. Also involved, together with DnaK and GrpE, in the DNA replication of plasmids through activation of initiation proteins	dnaJ	GO:0006457,GO:0008150,GO:0009987	ko:K03686	-	ko00000,ko03029,ko03110	DnaJ,DnaJ_C,DnaJ_CXXCXGXG
3225	GEA49298.1	1205908.AKXW01000125_gene409	1.64e-88	263.0	2AWIS@1|root,31NFD@2|Bacteria,1QK6E@1224|Proteobacteria,1TI9N@1236|Gammaproteobacteria,1XYPT@135623|Vibrionales	-	-	-	ko:K08084	-	ko00000,ko02044	-
3225	GEA49299.1	1205908.AKXW01000125_gene408	8.21e-90	268.0	2AW5H@1|root,31N0H@2|Bacteria,1QJS7@1224|Proteobacteria,1THTH@1236|Gammaproteobacteria,1XXHD@135623|Vibrionales	-	-	-	-	-	-	-
3225	GEA49300.1	1205908.AKXW01000125_gene407	1.12e-145	417.0	2AW6V@1|root,31N1W@2|Bacteria,1QJTJ@1224|Proteobacteria,1THUW@1236|Gammaproteobacteria,1XXMS@135623|Vibrionales	-	-	-	-	-	-	-
3225	GEA49301.1	1205908.AKXW01000125_gene406	2.04e-55	175.0	2AWNB@1|root,31NJ3@2|Bacteria,1QK9R@1224|Proteobacteria,1TID8@1236|Gammaproteobacteria,1XYWW@135623|Vibrionales	-	-	-	-	-	-	-
3225	GEA49302.1	1205908.AKXW01000125_gene405	0.0	971.0	COG2978@1|root,COG2978@2|Bacteria,1MUJ1@1224|Proteobacteria,1RMAI@1236|Gammaproteobacteria,1XSAR@135623|Vibrionales	p-aminobenzoyl-glutamate transporter	abgT	-	-	-	-	ABG_transport
3225	GEA49303.1	1205908.AKXW01000125_gene404	2.64e-198	550.0	COG0627@1|root,COG0627@2|Bacteria,1MUID@1224|Proteobacteria,1RMR3@1236|Gammaproteobacteria,1XUG1@135623|Vibrionales	Serine hydrolase involved in the detoxification of formaldehyde	yeiG	-	ko:K01070	ko00680,ko01120,ko01200,map00680,map01120,map01200	ko00000,ko00001,ko01000	Esterase
3225	GEA49304.1	1205908.AKXW01000125_gene403	3.4e-278	759.0	COG1062@1|root,COG1062@2|Bacteria,1MUK4@1224|Proteobacteria,1RNQ4@1236|Gammaproteobacteria,1XSME@135623|Vibrionales	Belongs to the zinc-containing alcohol dehydrogenase family. Class-III subfamily	frmA	-	ko:K00121	ko00010,ko00071,ko00350,ko00625,ko00626,ko00680,ko00830,ko00980,ko00982,ko01100,ko01110,ko01120,ko01130,ko01200,ko01220,ko05204,map00010,map00071,map00350,map00625,map00626,map00680,map00830,map00980,map00982,map01100,map01110,map01120,map01130,map01200,map01220,map05204	ko00000,ko00001,ko01000	ADH_N,ADH_zinc_N
3225	GEA49305.1	1205908.AKXW01000125_gene402	5.77e-191	532.0	COG0583@1|root,COG0583@2|Bacteria,1MW16@1224|Proteobacteria,1RS6U@1236|Gammaproteobacteria,1XU3Y@135623|Vibrionales	Transcriptional regulator	-	-	-	-	-	HTH_1,LysR_substrate
3225	GEA49306.1	1205908.AKXW01000125_gene401	2.33e-102	298.0	COG0590@1|root,COG0590@2|Bacteria,1RGU0@1224|Proteobacteria,1S60Z@1236|Gammaproteobacteria,1XUA6@135623|Vibrionales	Catalyzes the deamination of adenosine to inosine at the wobble position 34 of tRNA(Arg2)	tadA	-	ko:K11991	-	ko00000,ko01000,ko03016	MafB19-deam
3225	GEA49307.1	1205908.AKXW01000125_gene400	0.0	927.0	COG4623@1|root,COG4623@2|Bacteria,1MWDS@1224|Proteobacteria,1RM8W@1236|Gammaproteobacteria,1XTC4@135623|Vibrionales	Murein-degrading enzyme that degrades murein glycan strands and insoluble, high-molecular weight murein sacculi, with the concomitant formation of a 1,6-anhydromuramoyl product. Lytic transglycosylases (LTs) play an integral role in the metabolism of the peptidoglycan (PG) sacculus. Their lytic action creates space within the PG sacculus to allow for its expansion as well as for the insertion of various structures such as secretion systems and flagella	mltF	GO:0000270,GO:0003674,GO:0003824,GO:0005575,GO:0005623,GO:0006022,GO:0006026,GO:0006027,GO:0006807,GO:0008150,GO:0008152,GO:0009056,GO:0009057,GO:0009253,GO:0009279,GO:0016020,GO:0019867,GO:0030203,GO:0030312,GO:0030313,GO:0031975,GO:0043170,GO:0044462,GO:0044464,GO:0071704,GO:0071944,GO:1901135,GO:1901136,GO:1901564,GO:1901565,GO:1901575	ko:K18691	-	ko00000,ko01000,ko01011	SBP_bac_3,SLT
3225	GEA49308.1	1205908.AKXW01000125_gene399	0.0	2535.0	COG0046@1|root,COG0047@1|root,COG0046@2|Bacteria,COG0047@2|Bacteria,1MYN4@1224|Proteobacteria,1RMRN@1236|Gammaproteobacteria,1XTXA@135623|Vibrionales	Phosphoribosylformylglycinamidine synthase involved in the purines biosynthetic pathway. Catalyzes the ATP-dependent conversion of formylglycinamide ribonucleotide (FGAR) and glutamine to yield formylglycinamidine ribonucleotide (FGAM) and glutamate	purL	GO:0003674,GO:0003824,GO:0004642,GO:0005575,GO:0005622,GO:0005623,GO:0005737,GO:0006139,GO:0006163,GO:0006164,GO:0006725,GO:0006753,GO:0006793,GO:0006796,GO:0006807,GO:0008150,GO:0008152,GO:0009058,GO:0009117,GO:0009150,GO:0009152,GO:0009165,GO:0009259,GO:0009260,GO:0009987,GO:0016874,GO:0016879,GO:0016884,GO:0018130,GO:0019438,GO:0019637,GO:0019693,GO:0034641,GO:0034654,GO:0044237,GO:0044238,GO:0044249,GO:0044271,GO:0044281,GO:0044424,GO:0044464,GO:0046390,GO:0046483,GO:0055086,GO:0071704,GO:0072521,GO:0072522,GO:0090407,GO:1901135,GO:1901137,GO:1901293,GO:1901360,GO:1901362,GO:1901564,GO:1901566,GO:1901576	ko:K01952	ko00230,ko01100,ko01110,ko01130,map00230,map01100,map01110,map01130	ko00000,ko00001,ko00002,ko01000	AIRS_C,GATase_5
3225	GEA49309.1	1205908.AKXW01000125_gene398	5.65e-119	340.0	2DIFJ@1|root,3033N@2|Bacteria,1QJMG@1224|Proteobacteria,1THN2@1236|Gammaproteobacteria,1XWTP@135623|Vibrionales	Domain of unknown function (DUF3332)	-	-	-	-	-	DUF3332
3225	GEA49310.1	1205908.AKXW01000125_gene397	0.0	941.0	COG2195@1|root,COG2195@2|Bacteria,1MUWK@1224|Proteobacteria,1RP5F@1236|Gammaproteobacteria,1XT90@135623|Vibrionales	aminoacyl-histidine dipeptidase	pepD	-	ko:K01270	ko00480,ko01100,map00480,map01100	ko00000,ko00001,ko01000,ko01002	M20_dimer,Peptidase_M20
3225	GEA49311.1	1205908.AKXW01000125_gene396	1.04e-288	791.0	COG2252@1|root,COG2252@2|Bacteria,1MUV0@1224|Proteobacteria,1RMBE@1236|Gammaproteobacteria,1XUUP@135623|Vibrionales	COG2252 Permeases	yieG	-	ko:K06901	-	ko00000,ko02000	Xan_ur_permease
3225	GEA49312.1	1205908.AKXW01000125_gene395	9.1e-111	318.0	COG2236@1|root,COG2236@2|Bacteria,1MWNE@1224|Proteobacteria,1RQ4C@1236|Gammaproteobacteria,1XSMG@135623|Vibrionales	Acts on guanine, xanthine and to a lesser extent hypoxanthine	gpt	GO:0000310,GO:0003674,GO:0003824,GO:0004422,GO:0005575,GO:0005622,GO:0005623,GO:0005737,GO:0005829,GO:0006139,GO:0006163,GO:0006164,GO:0006166,GO:0006177,GO:0006188,GO:0006725,GO:0006753,GO:0006793,GO:0006796,GO:0006807,GO:0008150,GO:0008152,GO:0009058,GO:0009116,GO:0009117,GO:0009119,GO:0009123,GO:0009124,GO:0009126,GO:0009127,GO:0009150,GO:0009152,GO:0009156,GO:0009161,GO:0009163,GO:0009165,GO:0009167,GO:0009168,GO:0009259,GO:0009260,GO:0009987,GO:0016740,GO:0016757,GO:0016763,GO:0018130,GO:0019438,GO:0019637,GO:0019693,GO:0032261,GO:0032263,GO:0032264,GO:0032265,GO:0034404,GO:0034641,GO:0034654,GO:0042278,GO:0042451,GO:0042455,GO:0043094,GO:0043101,GO:0043173,GO:0043174,GO:0044237,GO:0044238,GO:0044249,GO:0044271,GO:0044281,GO:0044283,GO:0044424,GO:0044444,GO:0044464,GO:0046037,GO:0046040,GO:0046128,GO:0046129,GO:0046390,GO:0046483,GO:0055086,GO:0071704,GO:0072521,GO:0072522,GO:0090407,GO:0097292,GO:0097293,GO:1901068,GO:1901070,GO:1901135,GO:1901137,GO:1901293,GO:1901360,GO:1901362,GO:1901564,GO:1901566,GO:1901576,GO:1901657,GO:1901659	ko:K00769	ko00230,ko01100,ko01110,map00230,map01100,map01110	ko00000,ko00001,ko01000	Pribosyltran
3225	GEA49313.1	1205908.AKXW01000125_gene394	1.29e-298	814.0	COG1073@1|root,COG1073@2|Bacteria,1N5CG@1224|Proteobacteria,1RR2Y@1236|Gammaproteobacteria,1XSG1@135623|Vibrionales	Belongs to the UPF0255 family	frsA	-	ko:K11750	-	ko00000,ko01000	DUF1100
3225	GEA49314.1	1205908.AKXW01000125_gene393	3.14e-90	264.0	292QM@1|root,2ZQ8E@2|Bacteria,1N4UT@1224|Proteobacteria,1S3WH@1236|Gammaproteobacteria,1XY3C@135623|Vibrionales	Binds to the sigma-S subunit of RNA polymerase, activating expression of sigma-S-regulated genes. Stimulates RNA polymerase holoenzyme formation and may bind to several other sigma factors, such as sigma-70 and sigma-32	crl	GO:0003674,GO:0003700,GO:0006355,GO:0008150,GO:0009889,GO:0010468,GO:0010556,GO:0019219,GO:0019222,GO:0031323,GO:0031326,GO:0050789,GO:0050794,GO:0051171,GO:0051252,GO:0060255,GO:0065007,GO:0080090,GO:0140110,GO:1903506,GO:2000112,GO:2001141	ko:K11926	-	ko00000,ko03000	Crl
3225	GEA49315.1	1205908.AKXW01000125_gene392	8.91e-250	687.0	COG0263@1|root,COG0263@2|Bacteria,1MUBG@1224|Proteobacteria,1RM7X@1236|Gammaproteobacteria,1XTWE@135623|Vibrionales	Catalyzes the transfer of a phosphate group to glutamate to form L-glutamate 5-phosphate	proB	GO:0003674,GO:0003824,GO:0004349,GO:0005575,GO:0005622,GO:0005623,GO:0005737,GO:0005829,GO:0006082,GO:0006520,GO:0006560,GO:0006561,GO:0006793,GO:0006796,GO:0006807,GO:0008150,GO:0008152,GO:0008652,GO:0009058,GO:0009064,GO:0009084,GO:0009987,GO:0016053,GO:0016301,GO:0016310,GO:0016740,GO:0016772,GO:0016774,GO:0018130,GO:0019202,GO:0019752,GO:0043436,GO:0044237,GO:0044238,GO:0044249,GO:0044281,GO:0044283,GO:0044424,GO:0044444,GO:0044464,GO:0046394,GO:0046483,GO:0071704,GO:1901360,GO:1901362,GO:1901564,GO:1901566,GO:1901576,GO:1901605,GO:1901607	ko:K00931	ko00330,ko00332,ko01100,ko01130,ko01230,map00330,map00332,map01100,map01130,map01230	ko00000,ko00001,ko00002,ko01000	AA_kinase,PUA
3225	GEA49316.1	1205908.AKXW01000125_gene391	1.98e-279	766.0	COG0014@1|root,COG0014@2|Bacteria,1MUGJ@1224|Proteobacteria,1RMAY@1236|Gammaproteobacteria,1XT6D@135623|Vibrionales	Catalyzes the NADPH-dependent reduction of L-glutamate 5-phosphate into L-glutamate 5-semialdehyde and phosphate. The product spontaneously undergoes cyclization to form 1-pyrroline-5- carboxylate	proA	GO:0003674,GO:0003824,GO:0004350,GO:0006082,GO:0006520,GO:0006560,GO:0006561,GO:0006807,GO:0008150,GO:0008152,GO:0008652,GO:0009058,GO:0009064,GO:0009084,GO:0009987,GO:0016053,GO:0016491,GO:0016620,GO:0016903,GO:0018130,GO:0019752,GO:0043436,GO:0044237,GO:0044238,GO:0044249,GO:0044281,GO:0044283,GO:0046394,GO:0046483,GO:0055114,GO:0071704,GO:1901360,GO:1901362,GO:1901564,GO:1901566,GO:1901576,GO:1901605,GO:1901607	ko:K00147	ko00330,ko00332,ko01100,ko01110,ko01130,ko01230,map00330,map00332,map01100,map01110,map01130,map01230	ko00000,ko00001,ko00002,ko01000	Aldedh
3225	GEA49317.1	1205908.AKXW01000125_gene390	4.21e-100	290.0	COG1327@1|root,COG1327@2|Bacteria,1RE7V@1224|Proteobacteria,1S3P9@1236|Gammaproteobacteria,1XT5J@135623|Vibrionales	Negatively regulates transcription of bacterial ribonucleotide reductase nrd genes and operons by binding to NrdR- boxes	nrdR	-	ko:K07738	-	ko00000,ko03000	ATP-cone
3225	GEA49318.1	1205908.AKXW01000125_gene389	1.64e-243	671.0	COG0117@1|root,COG1985@1|root,COG0117@2|Bacteria,COG1985@2|Bacteria,1MUWT@1224|Proteobacteria,1RN2M@1236|Gammaproteobacteria,1XST0@135623|Vibrionales	Converts 2,5-diamino-6-(ribosylamino)-4(3h)-pyrimidinone 5'-phosphate into 5-amino-6-(ribosylamino)-2,4(1h,3h)- pyrimidinedione 5'-phosphate	ribD	-	ko:K11752	ko00740,ko01100,ko01110,ko02024,map00740,map01100,map01110,map02024	ko00000,ko00001,ko00002,ko01000	RibD_C,dCMP_cyt_deam_1
3225	GEA49319.1	1205908.AKXW01000125_gene388	3.01e-145	410.0	COG0307@1|root,COG0307@2|Bacteria,1MUMB@1224|Proteobacteria,1RMSY@1236|Gammaproteobacteria,1XTJZ@135623|Vibrionales	Riboflavin synthase alpha chain	ribE	-	ko:K00793	ko00740,ko01100,ko01110,map00740,map01100,map01110	ko00000,ko00001,ko00002,ko01000	Lum_binding
3225	GEA49320.1	1205908.AKXW01000125_gene387	1.06e-257	707.0	COG0108@1|root,COG0807@1|root,COG0108@2|Bacteria,COG0807@2|Bacteria,1MU8P@1224|Proteobacteria,1RQ49@1236|Gammaproteobacteria,1XSY7@135623|Vibrionales	Catalyzes the conversion of D-ribulose 5-phosphate to formate and 3,4-dihydroxy-2-butanone 4-phosphate	ribB	-	ko:K14652	ko00740,ko00790,ko01100,ko01110,map00740,map00790,map01100,map01110	ko00000,ko00001,ko00002,ko01000	DHBP_synthase,GTP_cyclohydro2
3225	GEA49321.1	1205908.AKXW01000125_gene386	5.44e-104	301.0	COG0054@1|root,COG0054@2|Bacteria,1RD9J@1224|Proteobacteria,1S3WD@1236|Gammaproteobacteria,1XTEC@135623|Vibrionales	Catalyzes the formation of 6,7-dimethyl-8- ribityllumazine by condensation of 5-amino-6-(D- ribitylamino)uracil with 3,4-dihydroxy-2-butanone 4-phosphate. This is the penultimate step in the biosynthesis of riboflavin	ribH	GO:0000906,GO:0003674,GO:0003824,GO:0005575,GO:0005622,GO:0005623,GO:0005737,GO:0005829,GO:0006766,GO:0006767,GO:0006771,GO:0006807,GO:0008150,GO:0008152,GO:0009058,GO:0009110,GO:0009231,GO:0009987,GO:0016740,GO:0016765,GO:0017144,GO:0018130,GO:0034641,GO:0042364,GO:0042726,GO:0042727,GO:0044237,GO:0044249,GO:0044271,GO:0044281,GO:0044283,GO:0044424,GO:0044444,GO:0044464,GO:0046483,GO:0071704,GO:1901360,GO:1901362,GO:1901564,GO:1901566,GO:1901576	ko:K00794	ko00740,ko01100,ko01110,map00740,map01100,map01110	ko00000,ko00001,ko00002,ko01000	DMRL_synthase
3225	GEA49322.1	1205908.AKXW01000125_gene385	1.1e-103	300.0	COG0781@1|root,COG0781@2|Bacteria,1RHFZ@1224|Proteobacteria,1S6AJ@1236|Gammaproteobacteria,1XSA8@135623|Vibrionales	Involved in transcription antitermination. Required for transcription of ribosomal RNA (rRNA) genes. Binds specifically to the boxA antiterminator sequence of the ribosomal RNA (rrn) operons	nusB	GO:0006139,GO:0006351,GO:0006353,GO:0006725,GO:0006807,GO:0008150,GO:0008152,GO:0009058,GO:0009059,GO:0009987,GO:0010467,GO:0016070,GO:0018130,GO:0019438,GO:0032774,GO:0034641,GO:0034645,GO:0034654,GO:0043170,GO:0044237,GO:0044238,GO:0044249,GO:0044260,GO:0044271,GO:0046483,GO:0071704,GO:0090304,GO:0097659,GO:1901360,GO:1901362,GO:1901576	ko:K03625	-	ko00000,ko03009,ko03021	NusB
3225	GEA49323.1	1205908.AKXW01000125_gene384	1.42e-204	569.0	COG0611@1|root,COG0611@2|Bacteria,1MU9X@1224|Proteobacteria,1RNHU@1236|Gammaproteobacteria,1XTKW@135623|Vibrionales	Catalyzes the ATP-dependent phosphorylation of thiamine- monophosphate (TMP) to form thiamine-pyrophosphate (TPP), the active form of vitamin B1	thiL	-	ko:K00946	ko00730,ko01100,map00730,map01100	ko00000,ko00001,ko00002,ko01000	AIRS,AIRS_C
3225	GEA49324.1	1205908.AKXW01000125_gene383	5.55e-116	332.0	COG1267@1|root,COG1267@2|Bacteria,1MZJA@1224|Proteobacteria,1S68A@1236|Gammaproteobacteria,1XTFB@135623|Vibrionales	Lipid phosphatase which dephosphorylates phosphatidylglycerophosphate (PGP) to phosphatidylglycerol (PG)	pgpA	-	ko:K01095	ko00564,ko01100,map00564,map01100	ko00000,ko00001,ko01000	PgpA
3225	GEA49325.1	1205908.AKXW01000125_gene382	0.0	1201.0	COG1154@1|root,COG1154@2|Bacteria,1MUSJ@1224|Proteobacteria,1RNQD@1236|Gammaproteobacteria,1XSY2@135623|Vibrionales	Catalyzes the acyloin condensation reaction between C atoms 2 and 3 of pyruvate and glyceraldehyde 3-phosphate to yield 1-deoxy-D-xylulose-5-phosphate (DXP)	dxs	GO:0003674,GO:0003824,GO:0006629,GO:0006720,GO:0006725,GO:0006766,GO:0006767,GO:0006772,GO:0006790,GO:0006807,GO:0008150,GO:0008152,GO:0008299,GO:0008610,GO:0008614,GO:0008615,GO:0008661,GO:0009058,GO:0009110,GO:0009228,GO:0009987,GO:0016740,GO:0016744,GO:0017144,GO:0018130,GO:0019438,GO:0034641,GO:0042364,GO:0042723,GO:0042724,GO:0042816,GO:0042819,GO:0044237,GO:0044238,GO:0044249,GO:0044255,GO:0044271,GO:0044272,GO:0044281,GO:0044283,GO:0046483,GO:0051186,GO:0051188,GO:0071704,GO:0072524,GO:0072525,GO:0072527,GO:0072528,GO:1901360,GO:1901362,GO:1901564,GO:1901566,GO:1901576,GO:1901615,GO:1901617	ko:K01662	ko00730,ko00900,ko01100,ko01110,ko01130,map00730,map00900,map01100,map01110,map01130	ko00000,ko00001,ko00002,ko01000	DXP_synthase_N,Transket_pyr,Transketolase_C
3225	GEA49326.1	1205908.AKXW01000125_gene381	3.76e-192	535.0	COG0142@1|root,COG0142@2|Bacteria,1MWNG@1224|Proteobacteria,1RMKY@1236|Gammaproteobacteria,1XTUM@135623|Vibrionales	Belongs to the FPP GGPP synthase family	ispA	-	ko:K00795	ko00900,ko01100,ko01110,ko01130,map00900,map01100,map01110,map01130	ko00000,ko00001,ko00002,ko01000,ko01006	polyprenyl_synt
3225	GEA49327.1	1205908.AKXW01000125_gene380	4.22e-50	159.0	COG1722@1|root,COG1722@2|Bacteria,1N72V@1224|Proteobacteria,1SC7N@1236|Gammaproteobacteria,1XYBF@135623|Vibrionales	Bidirectionally degrades single-stranded DNA into large acid-insoluble oligonucleotides, which are then degraded further into small acid-soluble oligonucleotides	xseB	GO:0003674,GO:0003824,GO:0004518,GO:0004527,GO:0004529,GO:0004536,GO:0005575,GO:0005622,GO:0005623,GO:0006139,GO:0006259,GO:0006308,GO:0006725,GO:0006807,GO:0008150,GO:0008152,GO:0008855,GO:0009056,GO:0009057,GO:0009318,GO:0009987,GO:0016787,GO:0016788,GO:0016796,GO:0016895,GO:0019439,GO:0032991,GO:0034641,GO:0034655,GO:0043170,GO:0044237,GO:0044238,GO:0044248,GO:0044260,GO:0044265,GO:0044270,GO:0044424,GO:0044464,GO:0046483,GO:0046700,GO:0071704,GO:0090304,GO:0090305,GO:0140097,GO:1901360,GO:1901361,GO:1901575,GO:1902494	ko:K03602	ko03430,map03430	ko00000,ko00001,ko01000,ko03400	Exonuc_VII_S
3225	GEA49328.1	1205908.AKXW01000125_gene379	0.0	895.0	COG0301@1|root,COG0607@1|root,COG0301@2|Bacteria,COG0607@2|Bacteria,1MWD3@1224|Proteobacteria,1RNZT@1236|Gammaproteobacteria,1XT1D@135623|Vibrionales	Catalyzes the ATP-dependent transfer of a sulfur to tRNA to produce 4-thiouridine in position 8 of tRNAs, which functions as a near-UV photosensor. Also catalyzes the transfer of sulfur to the sulfur carrier protein ThiS, forming ThiS-thiocarboxylate. This is a step in the synthesis of thiazole, in the thiamine biosynthesis pathway. The sulfur is donated as persulfide by IscS	thiI	GO:0003674,GO:0003824,GO:0006725,GO:0006766,GO:0006767,GO:0006772,GO:0006790,GO:0006807,GO:0008150,GO:0008152,GO:0009058,GO:0009110,GO:0009228,GO:0009987,GO:0017144,GO:0018130,GO:0019438,GO:0034641,GO:0042364,GO:0042723,GO:0042724,GO:0044237,GO:0044249,GO:0044271,GO:0044272,GO:0044281,GO:0044283,GO:0046483,GO:0071704,GO:0072527,GO:0072528,GO:1901360,GO:1901362,GO:1901564,GO:1901566,GO:1901576	ko:K03151	ko00730,ko01100,ko04122,map00730,map01100,map04122	ko00000,ko00001,ko01000,ko03016	THUMP,ThiI
3225	GEA49329.1	1205908.AKXW01000125_gene378	1.16e-209	580.0	COG0583@1|root,COG0583@2|Bacteria,1MWY0@1224|Proteobacteria,1RP7Q@1236|Gammaproteobacteria,1XUQR@135623|Vibrionales	Transcriptional regulator	gcvA	-	ko:K03566	ko02026,map02026	ko00000,ko00001,ko03000	HTH_1,LysR_substrate
3225	GEA49330.1	1205908.AKXW01000125_gene377	3.75e-268	733.0	COG2933@1|root,COG2933@2|Bacteria,1MWBM@1224|Proteobacteria,1RMSB@1236|Gammaproteobacteria,1XV45@135623|Vibrionales	Belongs to the class I-like SAM-binding methyltransferase superfamily. RNA methyltransferase RlmE family. RlmM subfamily	rlmM	-	ko:K06968	-	ko00000,ko01000,ko03009	FtsJ
3225	GEA49331.1	1205908.AKXW01000101_gene1392	5.38e-172	481.0	COG0258@1|root,COG0258@2|Bacteria,1MX9Y@1224|Proteobacteria,1RQZE@1236|Gammaproteobacteria,1XTDZ@135623|Vibrionales	Has flap endonuclease activity. During DNA replication, flap endonucleases cleave the 5'-overhanging flap structure that is generated by displacement synthesis when DNA polymerase encounters the 5'-end of a downstream Okazaki fragment	xni	GO:0003674,GO:0003824,GO:0004518,GO:0004527,GO:0006139,GO:0006259,GO:0006281,GO:0006308,GO:0006725,GO:0006807,GO:0006950,GO:0006974,GO:0008150,GO:0008152,GO:0009056,GO:0009057,GO:0009987,GO:0016787,GO:0016788,GO:0019439,GO:0033554,GO:0034641,GO:0034655,GO:0043170,GO:0044237,GO:0044238,GO:0044248,GO:0044260,GO:0044265,GO:0044270,GO:0046483,GO:0046700,GO:0050896,GO:0051716,GO:0071704,GO:0090304,GO:0090305,GO:1901360,GO:1901361,GO:1901575	ko:K01146	-	ko00000	5_3_exonuc,5_3_exonuc_N
3225	GEA49332.1	1205908.AKXW01000101_gene1391	0.0	874.0	COG1611@1|root,COG1611@2|Bacteria,1MVQJ@1224|Proteobacteria,1RQHX@1236|Gammaproteobacteria,1XVEP@135623|Vibrionales	Rossmann fold nucleotide-binding protein	ygdH	-	ko:K06966	ko00230,ko00240,map00230,map00240	ko00000,ko00001,ko01000	DUF3412,DUF4478,Lysine_decarbox
3225	GEA49333.1	1205908.AKXW01000101_gene1390	0.0	1262.0	COG0457@1|root,COG0457@2|Bacteria,1RDRI@1224|Proteobacteria,1S3PB@1236|Gammaproteobacteria,1XTIH@135623|Vibrionales	COG0457 FOG TPR repeat	-	-	-	-	-	TPR_12
3225	GEA49334.1	1205908.AKXW01000101_gene1389	4.62e-191	531.0	COG0780@1|root,COG2904@1|root,COG0780@2|Bacteria,COG2904@2|Bacteria,1MW0M@1224|Proteobacteria,1RNXM@1236|Gammaproteobacteria,1XSYX@135623|Vibrionales	Catalyzes the NADPH-dependent reduction of 7-cyano-7- deazaguanine (preQ0) to 7-aminomethyl-7-deazaguanine (preQ1)	queF	-	ko:K06879	ko00790,ko01100,map00790,map01100	ko00000,ko00001,ko01000,ko03016	QueF,QueF_N
3225	GEA49335.1	1205908.AKXW01000101_gene1388	8.56e-121	346.0	28Q4G@1|root,2ZCMR@2|Bacteria,1RAB3@1224|Proteobacteria,1S2N3@1236|Gammaproteobacteria,1XVSC@135623|Vibrionales	Interacts with the SecY protein in vivo. May bind preferentially to an uncomplexed state of SecY, thus functioning either as a chelating agent for excess SecY in the cell or as a regulatory factor that negatively controls the translocase function	syd	-	ko:K15723	-	ko00000	Syd
3225	GEA49336.1	1205908.AKXW01000101_gene1387	2.84e-197	545.0	COG5595@1|root,COG5595@2|Bacteria,1NDR3@1224|Proteobacteria,1RRXG@1236|Gammaproteobacteria,1XTPF@135623|Vibrionales	COG5595 Zn-ribbon-containing, possibly nucleic-acid-binding protein	HD1486	-	-	-	-	DUF2310
3225	GEA49337.1	1205908.AKXW01000101_gene1386	4.2e-158	445.0	COG0566@1|root,COG0566@2|Bacteria,1R9JA@1224|Proteobacteria,1RY04@1236|Gammaproteobacteria,1XUGN@135623|Vibrionales	COG0566 rRNA methylases	-	-	ko:K03437	-	ko00000,ko03016	SpoU_methylase
3225	GEA49338.1	1205908.AKXW01000101_gene1385	3.85e-76	226.0	COG1146@1|root,COG1146@2|Bacteria,1RH5I@1224|Proteobacteria,1S5ZK@1236|Gammaproteobacteria,1XXFH@135623|Vibrionales	Ferredoxins are iron-sulfur proteins that transfer electrons in a wide variety of metabolic reactions	fdxA	-	ko:K05524	-	ko00000	DUF3470,Fer4,Fer4_9
3225	GEA49339.1	1205908.AKXW01000101_gene1384	0.0	1044.0	COG2509@1|root,COG2509@2|Bacteria,1MV6P@1224|Proteobacteria,1RPTW@1236|Gammaproteobacteria,1XVBT@135623|Vibrionales	FAD-dependent dehydrogenases	-	-	ko:K07137	-	ko00000	Amino_oxidase,FAD_binding_3
3225	GEA49340.1	1205908.AKXW01000101_gene1383	2.44e-99	288.0	COG1671@1|root,COG1671@2|Bacteria,1RCZA@1224|Proteobacteria,1S3QM@1236|Gammaproteobacteria,1XWZB@135623|Vibrionales	Belongs to the UPF0178 family	yaiI	-	ko:K09768	-	ko00000	DUF188
3225	GEA49341.1	1205908.AKXW01000101_gene1382	1.94e-49	158.0	2CEIZ@1|root,33JKV@2|Bacteria,1NMVX@1224|Proteobacteria,1SHB5@1236|Gammaproteobacteria,1XYIQ@135623|Vibrionales	-	SO1611	-	-	-	-	-
3225	GEA49342.1	1205908.AKXW01000101_gene1380	1.08e-62	192.0	2CHAX@1|root,32ZC9@2|Bacteria,1N6X2@1224|Proteobacteria,1SGKD@1236|Gammaproteobacteria,1XY31@135623|Vibrionales	Protein of unknown function (DUF3301)	-	-	-	-	-	DUF3301
3225	GEA49343.1	1205908.AKXW01000101_gene1379	4.98e-232	640.0	28K8N@1|root,2Z9WC@2|Bacteria,1R5V8@1224|Proteobacteria,1S3I5@1236|Gammaproteobacteria,1XUIP@135623|Vibrionales	Protein of unknown function (DUF3549)	-	-	-	-	-	DUF3549
3225	GEA49344.1	1205908.AKXW01000101_gene1378	9.59e-58	180.0	COG3098@1|root,COG3098@2|Bacteria,1N7AG@1224|Proteobacteria,1SCXJ@1236|Gammaproteobacteria,1XYYN@135623|Vibrionales	protein conserved in bacteria	VV2562	-	-	-	-	DUF446
3225	GEA49345.1	1205908.AKXW01000101_gene1377	5.9e-172	480.0	COG0564@1|root,COG0564@2|Bacteria,1N8GW@1224|Proteobacteria,1RMZ7@1236|Gammaproteobacteria,1XSJX@135623|Vibrionales	COG0564 Pseudouridylate synthases, 23S RNA-specific	truC	GO:0001522,GO:0003674,GO:0003824,GO:0005575,GO:0005622,GO:0005623,GO:0005737,GO:0005829,GO:0006139,GO:0006396,GO:0006399,GO:0006400,GO:0006725,GO:0006807,GO:0008033,GO:0008150,GO:0008152,GO:0009451,GO:0009982,GO:0009987,GO:0010467,GO:0016070,GO:0016853,GO:0016866,GO:0031119,GO:0034470,GO:0034641,GO:0034660,GO:0043170,GO:0043412,GO:0044237,GO:0044238,GO:0044424,GO:0044444,GO:0044464,GO:0046483,GO:0071704,GO:0090304,GO:1901360	ko:K06175	-	ko00000,ko01000,ko03016	PseudoU_synth_2
3225	GEA49346.1	1205908.AKXW01000101_gene1376	2.96e-82	244.0	28NXJ@1|root,2ZBV4@2|Bacteria,1RD2V@1224|Proteobacteria,1S3XU@1236|Gammaproteobacteria,1XXER@135623|Vibrionales	Belongs to the UPF0325 family	-	-	-	-	-	DUF3461
3225	GEA49347.1	1205908.AKXW01000101_gene1375	0.0	1680.0	COG2844@1|root,COG2844@2|Bacteria,1MV54@1224|Proteobacteria,1RN5T@1236|Gammaproteobacteria,1XU15@135623|Vibrionales	Modifies, by uridylylation and deuridylylation, the PII regulatory proteins (GlnB and homologs), in response to the nitrogen status of the cell that GlnD senses through the glutamine level. Under low glutamine levels, catalyzes the conversion of the PII proteins and UTP to PII-UMP and PPi, while under higher glutamine levels, GlnD hydrolyzes PII-UMP to PII and UMP (deuridylylation). Thus, controls uridylylation state and activity of the PII proteins, and plays an important role in the regulation of nitrogen	glnD	GO:0003674,GO:0003824,GO:0006082,GO:0006520,GO:0006541,GO:0006542,GO:0006807,GO:0008150,GO:0008152,GO:0008652,GO:0008773,GO:0009058,GO:0009064,GO:0009084,GO:0009987,GO:0016053,GO:0016740,GO:0016772,GO:0016779,GO:0019752,GO:0043436,GO:0044237,GO:0044238,GO:0044249,GO:0044281,GO:0044283,GO:0046394,GO:0070569,GO:0071704,GO:0140096,GO:1901564,GO:1901566,GO:1901576,GO:1901605,GO:1901607	ko:K00990	ko02020,map02020	ko00000,ko00001,ko01000	ACT,GlnD_UR_UTase,HD,NTP_transf_2
3225	GEA49348.1	1205908.AKXW01000101_gene1374	0.0	1532.0	COG0834@1|root,COG2206@1|root,COG3437@1|root,COG0834@2|Bacteria,COG2206@2|Bacteria,COG3437@2|Bacteria,1MV37@1224|Proteobacteria,1RM9C@1236|Gammaproteobacteria,1XSHM@135623|Vibrionales	COG0840 Methyl-accepting chemotaxis protein	-	-	-	-	-	HD_5,SBP_bac_3,dCache_1
3225	GEA49349.1	1205908.AKXW01000101_gene1373	4.56e-211	583.0	COG0024@1|root,COG0024@2|Bacteria,1MU99@1224|Proteobacteria,1RMHN@1236|Gammaproteobacteria,1XU50@135623|Vibrionales	Removes the N-terminal methionine from nascent proteins. The N-terminal methionine is often cleaved when the second residue in the primary sequence is small and uncharged (Met-Ala-, Cys, Gly, Pro, Ser, Thr, or Val). Requires deformylation of the N(alpha)-formylated initiator methionine before it can be hydrolyzed	map	-	ko:K01265	-	ko00000,ko01000,ko01002	Peptidase_M24
3225	GEA49350.1	1205908.AKXW01000101_gene1372	5.85e-169	472.0	COG0052@1|root,COG0052@2|Bacteria,1MU33@1224|Proteobacteria,1RN0Z@1236|Gammaproteobacteria,1XTTD@135623|Vibrionales	Belongs to the universal ribosomal protein uS2 family	rpsB	GO:0003674,GO:0003735,GO:0005198,GO:0005575,GO:0005622,GO:0005623,GO:0005737,GO:0005829,GO:0005840,GO:0006412,GO:0006518,GO:0006807,GO:0008150,GO:0008152,GO:0009058,GO:0009059,GO:0009987,GO:0010467,GO:0015935,GO:0019538,GO:0022626,GO:0022627,GO:0032991,GO:0034641,GO:0034645,GO:0043043,GO:0043170,GO:0043226,GO:0043228,GO:0043229,GO:0043232,GO:0043603,GO:0043604,GO:0044237,GO:0044238,GO:0044249,GO:0044260,GO:0044267,GO:0044271,GO:0044391,GO:0044422,GO:0044424,GO:0044444,GO:0044445,GO:0044446,GO:0044464,GO:0071704,GO:1901564,GO:1901566,GO:1901576,GO:1990904	ko:K02967	ko03010,map03010	br01610,ko00000,ko00001,ko00002,ko03011	Ribosomal_S2
3225	GEA49351.1	1205908.AKXW01000101_gene1371	4.34e-178	498.0	COG0264@1|root,COG0264@2|Bacteria,1MUS2@1224|Proteobacteria,1RPBJ@1236|Gammaproteobacteria,1XSH9@135623|Vibrionales	Associates with the EF-Tu.GDP complex and induces the exchange of GDP to GTP. It remains bound to the aminoacyl-tRNA.EF- Tu.GTP complex up to the GTP hydrolysis stage on the ribosome	tsf	GO:0003674,GO:0003676,GO:0003723,GO:0003746,GO:0005488,GO:0006412,GO:0006414,GO:0006518,GO:0006807,GO:0008135,GO:0008150,GO:0008152,GO:0009058,GO:0009059,GO:0009987,GO:0010467,GO:0019538,GO:0034641,GO:0034645,GO:0043043,GO:0043170,GO:0043603,GO:0043604,GO:0044237,GO:0044238,GO:0044249,GO:0044260,GO:0044267,GO:0044271,GO:0071704,GO:0097159,GO:1901363,GO:1901564,GO:1901566,GO:1901576	ko:K02357	-	ko00000,ko03012,ko03029	EF_TS
3225	GEA49352.1	1205908.AKXW01000101_gene1370	1.44e-169	474.0	COG0528@1|root,COG0528@2|Bacteria,1MV3N@1224|Proteobacteria,1RMHX@1236|Gammaproteobacteria,1XTPA@135623|Vibrionales	Catalyzes the reversible phosphorylation of UMP to UDP	pyrH	-	ko:K09903	ko00240,ko01100,map00240,map01100	ko00000,ko00001,ko01000	AA_kinase
3225	GEA49353.1	1205908.AKXW01000101_gene1369	6.48e-117	336.0	COG0233@1|root,COG0233@2|Bacteria,1N66T@1224|Proteobacteria,1RN75@1236|Gammaproteobacteria,1XUSS@135623|Vibrionales	Responsible for the release of ribosomes from messenger RNA at the termination of protein biosynthesis. May increase the efficiency of translation by recycling ribosomes from one round of translation to another	frr	GO:0002181,GO:0002184,GO:0003674,GO:0005488,GO:0005575,GO:0005622,GO:0005623,GO:0005737,GO:0006412,GO:0006415,GO:0006518,GO:0006807,GO:0008150,GO:0008152,GO:0009058,GO:0009059,GO:0009987,GO:0010467,GO:0016043,GO:0019538,GO:0022411,GO:0032984,GO:0034641,GO:0034645,GO:0043021,GO:0043023,GO:0043043,GO:0043170,GO:0043603,GO:0043604,GO:0043624,GO:0043933,GO:0044237,GO:0044238,GO:0044249,GO:0044260,GO:0044267,GO:0044271,GO:0044424,GO:0044464,GO:0044877,GO:0071704,GO:0071840,GO:1901564,GO:1901566,GO:1901576	ko:K02838	-	ko00000,ko03012	RRF
3225	GEA49354.1	1205908.AKXW01000101_gene1368	1.49e-175	489.0	COG0020@1|root,COG0020@2|Bacteria,1MVP1@1224|Proteobacteria,1RMVX@1236|Gammaproteobacteria,1XTBC@135623|Vibrionales	Catalyzes the sequential condensation of isopentenyl diphosphate (IPP) with (2E,6E)-farnesyl diphosphate (E,E-FPP) to yield (2Z,6Z,10Z,14Z,18Z,22Z,26Z,30Z,34E,38E)-undecaprenyl diphosphate (di-trans,octa-cis-UPP). UPP is the precursor of glycosyl carrier lipid in the biosynthesis of bacterial cell wall polysaccharide components such as peptidoglycan and lipopolysaccharide	uppS	GO:0000270,GO:0002094,GO:0003674,GO:0003824,GO:0004659,GO:0005575,GO:0005622,GO:0005623,GO:0005737,GO:0005829,GO:0006022,GO:0006023,GO:0006024,GO:0006066,GO:0006629,GO:0006720,GO:0006807,GO:0008150,GO:0008152,GO:0008299,GO:0008610,GO:0009058,GO:0009059,GO:0009252,GO:0009273,GO:0009987,GO:0016093,GO:0016094,GO:0016740,GO:0016765,GO:0030203,GO:0034645,GO:0042546,GO:0043170,GO:0044036,GO:0044038,GO:0044085,GO:0044237,GO:0044238,GO:0044249,GO:0044255,GO:0044260,GO:0044281,GO:0044283,GO:0044424,GO:0044444,GO:0044464,GO:0046165,GO:0070589,GO:0071554,GO:0071704,GO:0071840,GO:1901135,GO:1901137,GO:1901564,GO:1901566,GO:1901576,GO:1901615,GO:1901617	ko:K00806	ko00900,ko01110,map00900,map01110	ko00000,ko00001,ko01000,ko01006	Prenyltransf
3225	GEA49355.1	1205908.AKXW01000101_gene1367	4.46e-192	534.0	COG4589@1|root,COG4589@2|Bacteria,1R34Q@1224|Proteobacteria,1T63B@1236|Gammaproteobacteria,1XSRD@135623|Vibrionales	Belongs to the CDS family	cdsA	-	ko:K00981	ko00564,ko01100,ko01110,ko04070,map00564,map01100,map01110,map04070	ko00000,ko00001,ko00002,ko01000	CTP_transf_1
3225	GEA49356.1	1205908.AKXW01000101_gene1366	2.64e-268	736.0	COG0743@1|root,COG0743@2|Bacteria,1MU4G@1224|Proteobacteria,1RNNW@1236|Gammaproteobacteria,1XT3U@135623|Vibrionales	Catalyzes the NADP-dependent rearrangement and reduction of 1-deoxy-D-xylulose-5-phosphate (DXP) to 2-C-methyl-D-erythritol 4-phosphate (MEP)	dxr	GO:0000166,GO:0003674,GO:0003824,GO:0005488,GO:0006081,GO:0006082,GO:0006090,GO:0006629,GO:0006644,GO:0006720,GO:0006721,GO:0006793,GO:0006796,GO:0008150,GO:0008152,GO:0008299,GO:0008610,GO:0008654,GO:0009058,GO:0009240,GO:0009987,GO:0016114,GO:0016491,GO:0016614,GO:0016616,GO:0019288,GO:0019637,GO:0019682,GO:0019752,GO:0030145,GO:0030604,GO:0032787,GO:0036094,GO:0043167,GO:0043168,GO:0043169,GO:0043436,GO:0044237,GO:0044238,GO:0044249,GO:0044255,GO:0044281,GO:0046490,GO:0046872,GO:0046914,GO:0048037,GO:0050661,GO:0050662,GO:0051483,GO:0051484,GO:0055114,GO:0070402,GO:0071704,GO:0090407,GO:0097159,GO:1901135,GO:1901265,GO:1901363,GO:1901576	ko:K00099	ko00900,ko01100,ko01110,ko01130,map00900,map01100,map01110,map01130	ko00000,ko00001,ko00002,ko01000	DXPR_C,DXP_redisom_C,DXP_reductoisom
3225	GEA49357.1	1205908.AKXW01000101_gene1365	2.32e-314	857.0	COG0750@1|root,COG0750@2|Bacteria,1MU91@1224|Proteobacteria,1RMIX@1236|Gammaproteobacteria,1XUCN@135623|Vibrionales	Zinc metalloprotease	rseP	-	ko:K11749	ko02024,ko04112,map02024,map04112	ko00000,ko00001,ko01000,ko01002	PDZ,PDZ_2,Peptidase_M50
3225	GEA49358.1	1205908.AKXW01000101_gene1364	0.0	1585.0	COG4775@1|root,COG4775@2|Bacteria,1MU0D@1224|Proteobacteria,1RMAP@1236|Gammaproteobacteria,1XTPE@135623|Vibrionales	Part of the outer membrane protein assembly complex, which is involved in assembly and insertion of beta-barrel proteins into the outer membrane	bamA	-	ko:K07277	-	ko00000,ko02000,ko03029	Bac_surface_Ag,POTRA
3225	GEA49359.1	1205908.AKXW01000101_gene1363	6.32e-98	286.0	COG2825@1|root,COG2825@2|Bacteria,1RD8X@1224|Proteobacteria,1RQIE@1236|Gammaproteobacteria,1XUST@135623|Vibrionales	Molecular chaperone that interacts specifically with outer membrane proteins, thus maintaining the solubility of early folding intermediates during passage through the periplasm	skp	GO:0005575,GO:0005623,GO:0009279,GO:0016020,GO:0019867,GO:0030312,GO:0030313,GO:0031975,GO:0044462,GO:0044464,GO:0071944	ko:K06142	-	ko00000	OmpH
3225	GEA49360.1	1205908.AKXW01000101_gene1362	1.55e-168	479.0	COG1044@1|root,COG1044@2|Bacteria,1MUX6@1224|Proteobacteria,1RNYI@1236|Gammaproteobacteria,1XSDH@135623|Vibrionales	Catalyzes the N-acylation of UDP-3-O-acylglucosamine using 3-hydroxyacyl-ACP as the acyl donor. Is involved in the biosynthesis of lipid A, a phosphorylated glycolipid that anchors the lipopolysaccharide to the outer membrane of the cell	lpxD	GO:0003674,GO:0003824,GO:0005975,GO:0006629,GO:0006643,GO:0006644,GO:0006664,GO:0006793,GO:0006796,GO:0008150,GO:0008152,GO:0008610,GO:0008654,GO:0009058,GO:0009245,GO:0009247,GO:0009311,GO:0009312,GO:0009987,GO:0016051,GO:0016740,GO:0016746,GO:0019637,GO:0044237,GO:0044238,GO:0044249,GO:0044255,GO:0046467,GO:0046493,GO:0071704,GO:0090407,GO:1901135,GO:1901137,GO:1901269,GO:1901271,GO:1901576,GO:1903509	ko:K02536	ko00540,ko01100,map00540,map01100	ko00000,ko00001,ko00002,ko01000,ko01005	Hexapep,Hexapep_2,LpxD
3225	GEA49361.1	1219072.VHA01S_014_00330	4.73e-102	295.0	COG0764@1|root,COG0764@2|Bacteria,1RH2T@1224|Proteobacteria,1S63E@1236|Gammaproteobacteria,1XVJ6@135623|Vibrionales	Involved in unsaturated fatty acids biosynthesis. Catalyzes the dehydration of short chain beta-hydroxyacyl-ACPs and long chain saturated and unsaturated beta-hydroxyacyl-ACPs	fabZ	GO:0003674,GO:0003824,GO:0006082,GO:0006629,GO:0006631,GO:0006633,GO:0008150,GO:0008152,GO:0008610,GO:0009058,GO:0009987,GO:0016053,GO:0016829,GO:0016835,GO:0016836,GO:0019752,GO:0032787,GO:0043436,GO:0044237,GO:0044238,GO:0044249,GO:0044255,GO:0044281,GO:0044283,GO:0046394,GO:0071704,GO:0072330,GO:1901576	ko:K02372	ko00061,ko00780,ko01100,ko01212,map00061,map00780,map01100,map01212	ko00000,ko00001,ko00002,ko01000,ko01004	FabA
3225	GEA49362.1	1205908.AKXW01000101_gene1360	2.96e-156	442.0	COG1043@1|root,COG1043@2|Bacteria,1MUHQ@1224|Proteobacteria,1RPHB@1236|Gammaproteobacteria,1XSN6@135623|Vibrionales	Involved in the biosynthesis of lipid A, a phosphorylated glycolipid that anchors the lipopolysaccharide to the outer membrane of the cell	lpxA	GO:0003674,GO:0003824,GO:0005975,GO:0006629,GO:0006643,GO:0006644,GO:0006664,GO:0006793,GO:0006796,GO:0008150,GO:0008152,GO:0008374,GO:0008610,GO:0008654,GO:0008780,GO:0009058,GO:0009245,GO:0009247,GO:0009311,GO:0009312,GO:0009987,GO:0016051,GO:0016740,GO:0016746,GO:0016747,GO:0019637,GO:0044237,GO:0044238,GO:0044249,GO:0044255,GO:0046467,GO:0046493,GO:0071704,GO:0090407,GO:1901135,GO:1901137,GO:1901269,GO:1901271,GO:1901576,GO:1903509	ko:K00677	ko00540,ko01100,ko01503,map00540,map01100,map01503	ko00000,ko00001,ko00002,ko01000,ko01005	Acetyltransf_11,Hexapep
3225	GEA49363.1	1205908.AKXW01000101_gene1359	1.13e-269	738.0	COG0763@1|root,COG0763@2|Bacteria,1MVBI@1224|Proteobacteria,1RNS1@1236|Gammaproteobacteria,1XSUV@135623|Vibrionales	Condensation of UDP-2,3-diacylglucosamine and 2,3- diacylglucosamine-1-phosphate to form lipid A disaccharide, a precursor of lipid A, a phosphorylated glycolipid that anchors the lipopolysaccharide to the outer membrane of the cell	lpxB	GO:0003674,GO:0003824,GO:0005488,GO:0005543,GO:0005575,GO:0005622,GO:0005623,GO:0005737,GO:0005829,GO:0005975,GO:0006629,GO:0006643,GO:0006644,GO:0006664,GO:0006793,GO:0006796,GO:0008150,GO:0008152,GO:0008194,GO:0008289,GO:0008610,GO:0008654,GO:0008915,GO:0009058,GO:0009245,GO:0009247,GO:0009311,GO:0009312,GO:0009987,GO:0016051,GO:0016740,GO:0016757,GO:0016758,GO:0019637,GO:0043167,GO:0043168,GO:0044237,GO:0044238,GO:0044249,GO:0044255,GO:0044424,GO:0044444,GO:0044464,GO:0046467,GO:0046493,GO:0071704,GO:0090407,GO:1901135,GO:1901137,GO:1901269,GO:1901271,GO:1901576,GO:1903509	ko:K00748	ko00540,ko01100,map00540,map01100	ko00000,ko00001,ko00002,ko01000,ko01003,ko01005	LpxB
3225	GEA49364.1	1205908.AKXW01000101_gene1358	3.16e-136	386.0	COG0164@1|root,COG0164@2|Bacteria,1RA65@1224|Proteobacteria,1RQ4B@1236|Gammaproteobacteria,1XSNB@135623|Vibrionales	Endonuclease that specifically degrades the RNA of RNA- DNA hybrids	rnhB	GO:0003674,GO:0003824,GO:0004518,GO:0004519,GO:0004521,GO:0004523,GO:0004540,GO:0005575,GO:0005622,GO:0005623,GO:0006139,GO:0006259,GO:0006260,GO:0006261,GO:0006271,GO:0006273,GO:0006281,GO:0006298,GO:0006401,GO:0006725,GO:0006807,GO:0006950,GO:0006974,GO:0008150,GO:0008152,GO:0009056,GO:0009057,GO:0009058,GO:0009059,GO:0009987,GO:0016070,GO:0016787,GO:0016788,GO:0016891,GO:0016893,GO:0019439,GO:0022616,GO:0032299,GO:0032991,GO:0033554,GO:0033567,GO:0034641,GO:0034645,GO:0034655,GO:0043137,GO:0043170,GO:0044237,GO:0044238,GO:0044248,GO:0044249,GO:0044260,GO:0044265,GO:0044270,GO:0044424,GO:0044464,GO:0046483,GO:0046700,GO:0050896,GO:0051716,GO:0071704,GO:0090304,GO:0090305,GO:0090501,GO:0090502,GO:0140098,GO:1901360,GO:1901361,GO:1901575,GO:1901576	ko:K03470	ko03030,map03030	ko00000,ko00001,ko01000,ko03032	RNase_HII
3225	GEA49365.1	1205908.AKXW01000101_gene1357	0.0	2245.0	COG0587@1|root,COG0587@2|Bacteria,1MUIF@1224|Proteobacteria,1RP0K@1236|Gammaproteobacteria,1XTXD@135623|Vibrionales	COG0587 DNA polymerase III, alpha subunit	dnaE	GO:0003674,GO:0003824,GO:0003887,GO:0005575,GO:0005622,GO:0005623,GO:0006139,GO:0006259,GO:0006260,GO:0006725,GO:0006807,GO:0008150,GO:0008152,GO:0009058,GO:0009059,GO:0009360,GO:0009987,GO:0016740,GO:0016772,GO:0016779,GO:0018130,GO:0019438,GO:0032991,GO:0034061,GO:0034641,GO:0034645,GO:0034654,GO:0042575,GO:0043170,GO:0044237,GO:0044238,GO:0044249,GO:0044260,GO:0044271,GO:0044424,GO:0044464,GO:0046483,GO:0061695,GO:0071704,GO:0071897,GO:0090304,GO:0140097,GO:1901360,GO:1901362,GO:1901576,GO:1902494,GO:1990234	ko:K02337	ko00230,ko00240,ko01100,ko03030,ko03430,ko03440,map00230,map00240,map01100,map03030,map03430,map03440	ko00000,ko00001,ko00002,ko01000,ko03032,ko03400	DNA_pol3_alpha,HHH_6,PHP,tRNA_anti-codon
3225	GEA49366.1	1205908.AKXW01000101_gene1356	4.99e-224	618.0	COG0825@1|root,COG0825@2|Bacteria,1MURN@1224|Proteobacteria,1RNN8@1236|Gammaproteobacteria,1XU3J@135623|Vibrionales	Component of the acetyl coenzyme A carboxylase (ACC) complex. First, biotin carboxylase catalyzes the carboxylation of biotin on its carrier protein (BCCP) and then the CO(2) group is transferred by the carboxyltransferase to acetyl-CoA to form malonyl-CoA	accA	GO:0003674,GO:0003824,GO:0003989,GO:0005575,GO:0005622,GO:0005623,GO:0005737,GO:0006082,GO:0006629,GO:0006631,GO:0006633,GO:0008150,GO:0008152,GO:0008610,GO:0009058,GO:0009317,GO:0009987,GO:0016053,GO:0016421,GO:0016874,GO:0016885,GO:0019752,GO:0032787,GO:0032991,GO:0043436,GO:0044237,GO:0044238,GO:0044249,GO:0044255,GO:0044281,GO:0044283,GO:0044424,GO:0044444,GO:0044464,GO:0046394,GO:0071704,GO:0072330,GO:1901576,GO:1902494	ko:K01962	ko00061,ko00620,ko00640,ko00720,ko01100,ko01110,ko01120,ko01130,ko01200,ko01212,map00061,map00620,map00640,map00720,map01100,map01110,map01120,map01130,map01200,map01212	ko00000,ko00001,ko00002,ko01000	ACCA
3225	GEA49367.1	1205908.AKXW01000101_gene1355	2.55e-275	758.0	COG0037@1|root,COG0037@2|Bacteria,1MU85@1224|Proteobacteria,1RN14@1236|Gammaproteobacteria,1XTTB@135623|Vibrionales	Ligates lysine onto the cytidine present at position 34 of the AUA codon-specific tRNA(Ile) that contains the anticodon CAU, in an ATP-dependent manner. Cytidine is converted to lysidine, thus changing the amino acid specificity of the tRNA from methionine to isoleucine	tilS	-	ko:K04075	-	ko00000,ko01000,ko03016	ATP_bind_3,TilS,TilS_C
3225	GEA49368.1	1205908.AKXW01000101_gene1354	5.84e-58	180.0	COG2863@1|root,COG2863@2|Bacteria,1N7W9@1224|Proteobacteria,1S90Z@1236|Gammaproteobacteria,1XXSJ@135623|Vibrionales	COG2863 Cytochrome c553	-	-	-	-	-	Cytochrom_C
3225	GEA49369.1	1205908.AKXW01000101_gene1353	2.99e-71	214.0	COG0347@1|root,COG0347@2|Bacteria,1RGWK@1224|Proteobacteria,1S67I@1236|Gammaproteobacteria,1XXCB@135623|Vibrionales	Belongs to the P(II) protein family	glnB	-	ko:K04751	ko02020,map02020	ko00000,ko00001	P-II
3225	GEA49370.1	1205908.AKXW01000101_gene1352	3.6e-188	525.0	COG3021@1|root,COG3021@2|Bacteria,1MVPP@1224|Proteobacteria,1RMBH@1236|Gammaproteobacteria,1XTWA@135623|Vibrionales	protein conserved in bacteria	-	-	-	-	-	Exo_endo_phos
3225	GEA49371.1	1219080.VEZ01S_01_00990	1.2e-314	865.0	COG0741@1|root,COG1388@1|root,COG0741@2|Bacteria,COG1388@2|Bacteria,1MWKE@1224|Proteobacteria,1RMFZ@1236|Gammaproteobacteria,1XUFQ@135623|Vibrionales	COG0741 Soluble lytic murein transglycosylase and related regulatory proteins (some contain LysM invasin domains)	mltD	-	ko:K08307	-	ko00000,ko01000,ko01011	LysM,SLT
3225	GEA49372.1	1205908.AKXW01000057_gene153	4.49e-182	506.0	COG0491@1|root,COG0491@2|Bacteria,1MU8Q@1224|Proteobacteria,1S22I@1236|Gammaproteobacteria,1XTAM@135623|Vibrionales	Thiolesterase that catalyzes the hydrolysis of S-D- lactoyl-glutathione to form glutathione and D-lactic acid	gloB	GO:0003674,GO:0003824,GO:0004416,GO:0006518,GO:0006575,GO:0006749,GO:0006790,GO:0006807,GO:0008150,GO:0008152,GO:0009987,GO:0016787,GO:0016788,GO:0016790,GO:0034641,GO:0043603,GO:0044237,GO:0051186,GO:0071704,GO:1901564	ko:K01069	ko00620,map00620	ko00000,ko00001,ko01000	HAGH_C,Lactamase_B
3225	GEA49373.1	1219080.VEZ01S_01_00970	4.86e-172	480.0	COG0500@1|root,COG2226@2|Bacteria,1QTWC@1224|Proteobacteria,1RS4G@1236|Gammaproteobacteria,1XTUC@135623|Vibrionales	COG0500 SAM-dependent methyltransferases	yafS	-	-	-	-	Methyltransf_11
3225	GEA49374.1	1205908.AKXW01000057_gene151	4.01e-114	326.0	COG0328@1|root,COG0328@2|Bacteria,1RCZ1@1224|Proteobacteria,1S3YC@1236|Gammaproteobacteria,1XT8K@135623|Vibrionales	Endonuclease that specifically degrades the RNA of RNA- DNA hybrids	rnhA	GO:0003674,GO:0003824,GO:0004518,GO:0004519,GO:0004521,GO:0004523,GO:0004540,GO:0006139,GO:0006259,GO:0006260,GO:0006261,GO:0006271,GO:0006273,GO:0006401,GO:0006725,GO:0006807,GO:0008150,GO:0008152,GO:0009056,GO:0009057,GO:0009058,GO:0009059,GO:0009987,GO:0016070,GO:0016787,GO:0016788,GO:0016891,GO:0016893,GO:0019439,GO:0022616,GO:0033567,GO:0034641,GO:0034645,GO:0034655,GO:0043137,GO:0043170,GO:0044237,GO:0044238,GO:0044248,GO:0044249,GO:0044260,GO:0044265,GO:0044270,GO:0046483,GO:0046700,GO:0071704,GO:0090304,GO:0090305,GO:0090501,GO:0090502,GO:0140098,GO:1901360,GO:1901361,GO:1901575,GO:1901576	ko:K03469	ko03030,map03030	ko00000,ko00001,ko01000,ko03032	RNase_H
3225	GEA49375.1	1205908.AKXW01000057_gene150	2.69e-168	470.0	COG0847@1|root,COG0847@2|Bacteria,1MV8Z@1224|Proteobacteria,1RNHQ@1236|Gammaproteobacteria,1XTSV@135623|Vibrionales	DNA polymerase III is a complex, multichain enzyme responsible for most of the replicative synthesis in bacteria. The epsilon subunit contain the editing function and is a proofreading 3'-5' exonuclease	dnaQ	-	ko:K02342	ko00230,ko00240,ko01100,ko03030,ko03430,ko03440,map00230,map00240,map01100,map03030,map03430,map03440	ko00000,ko00001,ko00002,ko01000,ko03032,ko03400	RNase_T
3225	GEA49376.1	1205908.AKXW01000058_gene149	0.0	1416.0	COG1960@1|root,COG1960@2|Bacteria,1MUDR@1224|Proteobacteria,1RPM5@1236|Gammaproteobacteria,1XTG6@135623|Vibrionales	COG1960 Acyl-CoA dehydrogenases	fadE	-	ko:K06445	ko00071,ko01100,ko01212,map00071,map01100,map01212	ko00000,ko00001,ko00002,ko01000	Acyl-CoA_dh_1,Acyl-CoA_dh_N,DUF1974
3225	GEA49377.1	1205908.AKXW01000058_gene148	7.88e-131	372.0	COG0279@1|root,COG0279@2|Bacteria,1NVIE@1224|Proteobacteria,1RP6M@1236|Gammaproteobacteria,1XSJH@135623|Vibrionales	Catalyzes the isomerization of sedoheptulose 7-phosphate in D-glycero-D-manno-heptose 7-phosphate	gmhA	GO:0000271,GO:0003674,GO:0003824,GO:0005975,GO:0005976,GO:0006629,GO:0008150,GO:0008152,GO:0008610,GO:0008653,GO:0008968,GO:0009058,GO:0009059,GO:0009103,GO:0009244,GO:0009311,GO:0009312,GO:0009987,GO:0016051,GO:0016853,GO:0016866,GO:0016868,GO:0033692,GO:0034637,GO:0034645,GO:0043170,GO:0044237,GO:0044238,GO:0044249,GO:0044255,GO:0044260,GO:0044262,GO:0044264,GO:0046401,GO:0071704,GO:1901135,GO:1901137,GO:1901576,GO:1903509	ko:K03271	ko00540,ko01100,map00540,map01100	ko00000,ko00001,ko00002,ko01000,ko01005	SIS_2
3225	GEA49378.1	1205908.AKXW01000058_gene147	4.89e-201	556.0	COG0121@1|root,COG0121@2|Bacteria,1MU1J@1224|Proteobacteria,1RNEK@1236|Gammaproteobacteria,1XTCN@135623|Vibrionales	glutamine amidotransferase	yafJ	-	-	-	-	GATase_4
3225	GEA49379.1	1219072.VHA01S_014_00510	9.86e-118	352.0	COG5640@1|root,COG5640@2|Bacteria,1R5CZ@1224|Proteobacteria,1S0JW@1236|Gammaproteobacteria,1XT1R@135623|Vibrionales	trypsin-like serine protease	-	-	-	-	-	Trypsin
3225	GEA49380.1	1205908.AKXW01000058_gene146	2.89e-118	339.0	COG0299@1|root,COG0299@2|Bacteria,1MWN1@1224|Proteobacteria,1RMHS@1236|Gammaproteobacteria,1XSWT@135623|Vibrionales	Catalyzes the transfer of a formyl group from 10- formyltetrahydrofolate to 5-phospho-ribosyl-glycinamide (GAR), producing 5-phospho-ribosyl-N-formylglycinamide (FGAR) and tetrahydrofolate	purN	-	ko:K11175	ko00230,ko00670,ko01100,ko01110,ko01130,map00230,map00670,map01100,map01110,map01130	ko00000,ko00001,ko00002,ko01000	Formyl_trans_N
3225	GEA49381.1	1205908.AKXW01000058_gene145	1.27e-251	690.0	COG0150@1|root,COG0150@2|Bacteria,1MURG@1224|Proteobacteria,1RNZZ@1236|Gammaproteobacteria,1XSF7@135623|Vibrionales	Phosphoribosylformylglycinamidine cyclo-ligase	purM	GO:0003674,GO:0003824,GO:0004641,GO:0006139,GO:0006163,GO:0006164,GO:0006725,GO:0006753,GO:0006793,GO:0006796,GO:0006807,GO:0008150,GO:0008152,GO:0009058,GO:0009117,GO:0009150,GO:0009152,GO:0009165,GO:0009259,GO:0009260,GO:0009987,GO:0016874,GO:0016879,GO:0016882,GO:0018130,GO:0019438,GO:0019637,GO:0019693,GO:0034641,GO:0034654,GO:0044237,GO:0044238,GO:0044249,GO:0044271,GO:0044281,GO:0046390,GO:0046483,GO:0055086,GO:0071704,GO:0072521,GO:0072522,GO:0090407,GO:1901135,GO:1901137,GO:1901293,GO:1901360,GO:1901362,GO:1901564,GO:1901566,GO:1901576	ko:K01933	ko00230,ko01100,ko01110,ko01130,map00230,map01100,map01110,map01130	ko00000,ko00001,ko00002,ko01000	AIRS,AIRS_C
3225	GEA49382.1	1205908.AKXW01000058_gene144	1.07e-143	407.0	COG0035@1|root,COG0035@2|Bacteria,1MV4N@1224|Proteobacteria,1RPBG@1236|Gammaproteobacteria,1XTNV@135623|Vibrionales	Catalyzes the conversion of uracil and 5-phospho-alpha- D-ribose 1-diphosphate (PRPP) to UMP and diphosphate	upp	GO:0003674,GO:0003824,GO:0004845,GO:0004849,GO:0005575,GO:0005622,GO:0005623,GO:0005737,GO:0005829,GO:0006139,GO:0006206,GO:0006213,GO:0006220,GO:0006221,GO:0006222,GO:0006725,GO:0006753,GO:0006793,GO:0006796,GO:0006807,GO:0008150,GO:0008152,GO:0008655,GO:0009058,GO:0009112,GO:0009116,GO:0009117,GO:0009119,GO:0009123,GO:0009124,GO:0009129,GO:0009130,GO:0009156,GO:0009161,GO:0009163,GO:0009165,GO:0009173,GO:0009174,GO:0009218,GO:0009220,GO:0009259,GO:0009260,GO:0009987,GO:0016301,GO:0016310,GO:0016740,GO:0016757,GO:0016763,GO:0016772,GO:0018130,GO:0019205,GO:0019206,GO:0019438,GO:0019637,GO:0019693,GO:0034404,GO:0034641,GO:0034654,GO:0042455,GO:0043094,GO:0043097,GO:0043174,GO:0044237,GO:0044238,GO:0044249,GO:0044271,GO:0044281,GO:0044283,GO:0044424,GO:0044444,GO:0044464,GO:0046049,GO:0046131,GO:0046132,GO:0046134,GO:0046390,GO:0046483,GO:0055086,GO:0071704,GO:0072527,GO:0072528,GO:0090407,GO:1901135,GO:1901137,GO:1901293,GO:1901360,GO:1901362,GO:1901564,GO:1901566,GO:1901576,GO:1901657,GO:1901659	ko:K00761	ko00240,ko01100,map00240,map01100	ko00000,ko00001,ko01000	UPRTase
3225	GEA49383.1	1205908.AKXW01000058_gene143	2.58e-242	671.0	COG3249@1|root,COG3249@2|Bacteria,1N0PD@1224|Proteobacteria,1S9C4@1236|Gammaproteobacteria,1XU1W@135623|Vibrionales	protein conserved in bacteria	VV2512	-	ko:K09938	-	ko00000	DUF2066
3225	GEA49384.1	1205908.AKXW01000058_gene142	0.0	1083.0	COG3507@1|root,COG3507@2|Bacteria,1NNX4@1224|Proteobacteria,1RYTM@1236|Gammaproteobacteria	Belongs to the glycosyl hydrolase 43 family	yagH	-	ko:K01198	ko00520,ko01100,map00520,map01100	ko00000,ko00001,ko01000	DUF1349,Glyco_hydro_43
3225	GEA49385.1	1205908.AKXW01000058_gene141	5.98e-94	275.0	COG3308@1|root,COG3308@2|Bacteria,1N134@1224|Proteobacteria,1S8XA@1236|Gammaproteobacteria,1XY46@135623|Vibrionales	Predicted membrane protein (DUF2069)	-	-	-	-	-	DUF2069
3225	GEA49386.1	1205908.AKXW01000058_gene140	4.88e-72	217.0	COG1393@1|root,COG1393@2|Bacteria,1MZ4Z@1224|Proteobacteria,1S8XH@1236|Gammaproteobacteria,1XXT8@135623|Vibrionales	COG1393 Arsenate reductase and related proteins, glutaredoxin family	arsC	-	ko:K00537	-	ko00000,ko01000	ArsC
3225	GEA49387.1	1205908.AKXW01000058_gene139	0.0	884.0	COG4783@1|root,COG4783@2|Bacteria,1MVFV@1224|Proteobacteria,1RP5S@1236|Gammaproteobacteria,1XUZK@135623|Vibrionales	Functions as both a chaperone and a metalloprotease. Maintains the integrity of the outer membrane by promoting either the assembly or the elimination of outer membrane proteins, depending on their folding state	yfgC	-	-	-	-	Peptidase_M48,TPR_19,TPR_8
3225	GEA49388.1	1219072.VHA01S_014_00590	2.51e-25	95.9	COG0425@1|root,COG0425@2|Bacteria	sulfur carrier activity	-	-	ko:K04085	ko04122,map04122	ko00000,ko00001,ko01000,ko03016	TusA
3225	GEA49389.1	1205908.AKXW01000058_gene137	5.6e-218	605.0	COG0628@1|root,COG0628@2|Bacteria,1MW0B@1224|Proteobacteria,1RPVP@1236|Gammaproteobacteria,1XV05@135623|Vibrionales	AI-2E family transporter	perM	-	ko:K03548	-	ko00000,ko02000	AI-2E_transport
3225	GEA49390.1	1205908.AKXW01000058_gene136	9.07e-107	308.0	COG1225@1|root,COG1225@2|Bacteria,1RD4R@1224|Proteobacteria,1RQ7F@1236|Gammaproteobacteria,1XSCX@135623|Vibrionales	COG1225 Peroxiredoxin	bcp	-	ko:K03564	-	ko00000,ko01000	AhpC-TSA
3225	GEA49391.1	1205908.AKXW01000058_gene135	8.55e-110	317.0	COG2716@1|root,COG2716@2|Bacteria,1R7W7@1224|Proteobacteria,1RSDP@1236|Gammaproteobacteria,1XVQB@135623|Vibrionales	glycine cleavage system	gcvR	-	ko:K03567	ko02026,map02026	ko00000,ko00001,ko03000	ACT_6
3225	GEA49392.1	1205908.AKXW01000058_gene134	5.48e-203	562.0	COG0329@1|root,COG0329@2|Bacteria,1MUCM@1224|Proteobacteria,1RNH9@1236|Gammaproteobacteria,1XUPA@135623|Vibrionales	Catalyzes the condensation of (S)-aspartate-beta- semialdehyde (S)-ASA and pyruvate to 4-hydroxy- tetrahydrodipicolinate (HTPA)	dapA	GO:0003674,GO:0003824,GO:0006082,GO:0006520,GO:0006553,GO:0006807,GO:0008150,GO:0008152,GO:0008652,GO:0008840,GO:0009058,GO:0009066,GO:0009067,GO:0009085,GO:0009089,GO:0009987,GO:0016053,GO:0016829,GO:0016835,GO:0016836,GO:0019752,GO:0043436,GO:0043648,GO:0044237,GO:0044238,GO:0044249,GO:0044281,GO:0044283,GO:0046394,GO:0046451,GO:0071704,GO:1901564,GO:1901566,GO:1901576,GO:1901605,GO:1901607	ko:K01714	ko00261,ko00300,ko01100,ko01110,ko01120,ko01130,ko01230,map00261,map00300,map01100,map01110,map01120,map01130,map01230	ko00000,ko00001,ko00002,ko01000	DHDPS
3225	GEA49393.1	1205908.AKXW01000058_gene133	5.25e-236	650.0	COG3317@1|root,COG3317@2|Bacteria,1MUUK@1224|Proteobacteria,1RN2X@1236|Gammaproteobacteria,1XTAQ@135623|Vibrionales	Part of the outer membrane protein assembly complex, which is involved in assembly and insertion of beta-barrel proteins into the outer membrane	bamC	-	ko:K07287	-	ko00000,ko02000	Lipoprotein_18
3225	GEA49394.1	1205908.AKXW01000058_gene132	2.44e-40	134.0	2AWNI@1|root,31NJB@2|Bacteria,1QKA0@1224|Proteobacteria,1TIDI@1236|Gammaproteobacteria,1XYXM@135623|Vibrionales	Protein of unknown function (DUF2897)	-	-	-	-	-	DUF2897
3225	GEA49395.1	1205908.AKXW01000058_gene131	9.47e-144	407.0	COG1876@1|root,COG1876@2|Bacteria,1N2IC@1224|Proteobacteria,1S0DU@1236|Gammaproteobacteria,1XTV4@135623|Vibrionales	COG1876 D-alanyl-D-alanine carboxypeptidase	-	-	-	-	-	VanY
3225	GEA49396.1	1205908.AKXW01000058_gene130	2.37e-270	740.0	COG0624@1|root,COG0624@2|Bacteria,1MW6G@1224|Proteobacteria,1RMNQ@1236|Gammaproteobacteria,1XTY6@135623|Vibrionales	Catalyzes the hydrolysis of N-succinyl-L,L- diaminopimelic acid (SDAP), forming succinate and LL-2,6- diaminoheptanedioate (DAP), an intermediate involved in the bacterial biosynthesis of lysine and meso-diaminopimelic acid, an essential component of bacterial cell walls	dapE	GO:0003674,GO:0003824,GO:0006082,GO:0006520,GO:0006553,GO:0006807,GO:0008150,GO:0008152,GO:0008652,GO:0009014,GO:0009058,GO:0009066,GO:0009067,GO:0009085,GO:0009089,GO:0009987,GO:0016053,GO:0016787,GO:0016810,GO:0016811,GO:0019752,GO:0043436,GO:0043648,GO:0044237,GO:0044238,GO:0044249,GO:0044281,GO:0044283,GO:0046394,GO:0046451,GO:0071704,GO:1901564,GO:1901566,GO:1901576,GO:1901605,GO:1901607	ko:K01439	ko00300,ko01100,ko01120,ko01230,map00300,map01100,map01120,map01230	ko00000,ko00001,ko00002,ko01000	M20_dimer,Peptidase_M20
3225	GEA49397.1	1205908.AKXW01000058_gene129	9.47e-79	234.0	COG1393@1|root,COG1393@2|Bacteria,1MZ6S@1224|Proteobacteria,1S8TR@1236|Gammaproteobacteria,1XXZI@135623|Vibrionales	Belongs to the ArsC family	yffB	-	-	-	-	ArsC
3225	GEA49398.1	1205908.AKXW01000058_gene128	3.57e-65	197.0	COG4519@1|root,COG4519@2|Bacteria,1N38K@1224|Proteobacteria,1SAIP@1236|Gammaproteobacteria,1XXSB@135623|Vibrionales	protein conserved in bacteria	-	-	-	-	-	HTH_43
3225	GEA49399.1	1205908.AKXW01000058_gene127	2.18e-44	147.0	2E37U@1|root,32Y7H@2|Bacteria,1N8JQ@1224|Proteobacteria,1SCAH@1236|Gammaproteobacteria,1XYDU@135623|Vibrionales	Protein of unknown function (DUF2956)	VC2147	-	-	-	-	DUF2956
3225	GEA49400.1	1205908.AKXW01000058_gene126	3.14e-104	301.0	2C10D@1|root,33BS1@2|Bacteria,1NK6Q@1224|Proteobacteria,1SH7K@1236|Gammaproteobacteria,1XXNW@135623|Vibrionales	Protein of unknown function (DUF2919)	-	-	-	-	-	DUF2919
3225	GEA49401.1	1205908.AKXW01000058_gene125	9.18e-211	583.0	COG2837@1|root,COG2837@2|Bacteria,1MWDD@1224|Proteobacteria,1RMZJ@1236|Gammaproteobacteria,1XU5E@135623|Vibrionales	iron-dependent peroxidase	-	-	ko:K07223	-	ko00000	Dyp_perox
3225	GEA49402.1	1205908.AKXW01000058_gene124	1.03e-112	324.0	COG2190@1|root,COG2190@2|Bacteria,1MWIQ@1224|Proteobacteria,1RNE3@1236|Gammaproteobacteria,1XT2S@135623|Vibrionales	COG2190 Phosphotransferase system IIA components	crr	-	ko:K02777	ko00010,ko00500,ko00520,ko02026,ko02060,ko05111,map00010,map00500,map00520,map02026,map02060,map05111	ko00000,ko00001,ko00002,ko01000,ko02000	PTS_EIIA_1
3225	GEA49403.1	1205908.AKXW01000058_gene123	0.0	1060.0	COG1080@1|root,COG1080@2|Bacteria,1MUT8@1224|Proteobacteria,1RN6R@1236|Gammaproteobacteria,1XSKW@135623|Vibrionales	General (non sugar-specific) component of the phosphoenolpyruvate-dependent sugar phosphotransferase system (sugar PTS). This major carbohydrate active-transport system catalyzes the phosphorylation of incoming sugar substrates concomitantly with their translocation across the cell membrane. Enzyme I transfers the phosphoryl group from phosphoenolpyruvate (PEP) to the phosphoryl carrier protein (HPr)	ptsI	-	ko:K08483	ko02060,map02060	ko00000,ko00001,ko01000,ko02000	PEP-utilisers_N,PEP-utilizers,PEP-utilizers_C
3225	GEA49404.1	1205908.AKXW01000058_gene122	5.79e-52	164.0	COG1925@1|root,COG1925@2|Bacteria,1N0CV@1224|Proteobacteria,1S9R2@1236|Gammaproteobacteria,1XXVH@135623|Vibrionales	phosphocarrier protein hpr	ptsH	GO:0003674,GO:0003824,GO:0005215,GO:0006810,GO:0008150,GO:0008643,GO:0008982,GO:0009401,GO:0015144,GO:0016740,GO:0016772,GO:0016773,GO:0022804,GO:0022857,GO:0034219,GO:0051179,GO:0051234,GO:0055085,GO:0071702	ko:K02784	ko02060,map02060	ko00000,ko00001,ko02000	PTS-HPr
3225	GEA49405.1	1205908.AKXW01000058_gene121	7.87e-218	602.0	COG0031@1|root,COG0031@2|Bacteria,1MUBE@1224|Proteobacteria,1RN6J@1236|Gammaproteobacteria,1XTGD@135623|Vibrionales	Belongs to the cysteine synthase cystathionine beta- synthase family	cysK	-	ko:K01738	ko00270,ko00920,ko01100,ko01110,ko01120,ko01130,ko01200,ko01230,map00270,map00920,map01100,map01110,map01120,map01130,map01200,map01230	ko00000,ko00001,ko00002,ko01000	PALP
3225	GEA49406.1	1205908.AKXW01000058_gene120	1.69e-168	471.0	COG2981@1|root,COG2981@2|Bacteria,1MVFT@1224|Proteobacteria,1RMQT@1236|Gammaproteobacteria,1XTRY@135623|Vibrionales	High affinity, high specificity proton-dependent sulfate transporter, which mediates sulfate uptake. Provides the sulfur source for the cysteine synthesis pathway	cysZ	GO:0003674,GO:0005215	ko:K06203	-	ko00000	EI24
3225	GEA49407.1	1205908.AKXW01000058_gene119	8.41e-191	535.0	COG3115@1|root,COG3115@2|Bacteria,1MVHR@1224|Proteobacteria,1RMDB@1236|Gammaproteobacteria,1XSIV@135623|Vibrionales	Essential cell division protein that stabilizes the FtsZ protofilaments by cross-linking them and that serves as a cytoplasmic membrane anchor for the Z ring. Also required for the recruitment to the septal ring of downstream cell division proteins	zipA	-	ko:K03528	-	ko00000,ko03036	ZipA_C
3225	GEA49408.1	1205908.AKXW01000058_gene118	0.0	1258.0	COG0272@1|root,COG0272@2|Bacteria,1MV3R@1224|Proteobacteria,1RPAV@1236|Gammaproteobacteria,1XSJC@135623|Vibrionales	DNA ligase that catalyzes the formation of phosphodiester linkages between 5'-phosphoryl and 3'-hydroxyl groups in double-stranded DNA using NAD as a coenzyme and as the energy source for the reaction. It is essential for DNA replication and repair of damaged DNA	ligA	GO:0003674,GO:0003824,GO:0003909,GO:0003911,GO:0005575,GO:0005622,GO:0005623,GO:0005737,GO:0005829,GO:0006139,GO:0006259,GO:0006260,GO:0006266,GO:0006281,GO:0006284,GO:0006288,GO:0006310,GO:0006725,GO:0006807,GO:0006950,GO:0006974,GO:0008150,GO:0008152,GO:0009058,GO:0009059,GO:0009987,GO:0016874,GO:0016886,GO:0033554,GO:0034641,GO:0034645,GO:0043170,GO:0044237,GO:0044238,GO:0044249,GO:0044260,GO:0044424,GO:0044444,GO:0044464,GO:0046483,GO:0050896,GO:0051103,GO:0051716,GO:0071704,GO:0090304,GO:0140097,GO:1901360,GO:1901576	ko:K01972	ko03030,ko03410,ko03420,ko03430,map03030,map03410,map03420,map03430	ko00000,ko00001,ko01000,ko03032,ko03400	BRCT,DNA_ligase_OB,DNA_ligase_ZBD,DNA_ligase_aden,HHH_2,HHH_5
3225	GEA49409.1	1205908.AKXW01000058_gene117	1.46e-96	281.0	COG1585@1|root,COG1585@2|Bacteria,1N0CQ@1224|Proteobacteria,1SC5D@1236|Gammaproteobacteria,1XXC3@135623|Vibrionales	COG1585 Membrane protein implicated in regulation of membrane protease activity	-	-	ko:K07340	-	ko00000	NfeD
3225	GEA49410.1	1205908.AKXW01000058_gene116	1.04e-164	467.0	COG0330@1|root,COG0330@2|Bacteria,1MUM8@1224|Proteobacteria,1RNW8@1236|Gammaproteobacteria,1XTTR@135623|Vibrionales	COG0330 Membrane protease subunits, stomatin prohibitin homologs	qmcA	-	-	-	-	Band_7,Band_7_C
3225	GEA49412.1	1051646.VITU9109_07598	4.1e-10	60.5	2EXZT@1|root,33R8V@2|Bacteria,1NSK6@1224|Proteobacteria,1SM15@1236|Gammaproteobacteria	-	-	-	-	-	-	-
3225	GEA49413.1	1051646.VITU9109_07603	3.85e-95	290.0	COG0477@1|root,COG2814@2|Bacteria,1PH8F@1224|Proteobacteria,1RU5V@1236|Gammaproteobacteria,1Y1WS@135623|Vibrionales	Evidence 3 Function proposed based on presence of conserved amino acid motif, structural feature or limited homology	-	-	-	-	-	-
3225	GEA49414.1	1051646.VITU9109_13686	4.37e-135	401.0	COG0671@1|root,COG0671@2|Bacteria,1RIRR@1224|Proteobacteria,1T0AG@1236|Gammaproteobacteria,1XVS2@135623|Vibrionales	Acid phosphatase homologues	-	-	-	-	-	PAP2
3225	GEA49415.1	1051646.VITU9109_07608	0.0	1621.0	COG0841@1|root,COG0841@2|Bacteria,1NTT2@1224|Proteobacteria,1SJY2@1236|Gammaproteobacteria,1Y0NT@135623|Vibrionales	Belongs to the resistance-nodulation-cell division (RND) (TC 2.A.6) family	-	-	-	-	-	ACR_tran
3225	GEA49416.1	225849.swp_0966	1.49e-136	394.0	COG0583@1|root,COG0583@2|Bacteria,1NUGA@1224|Proteobacteria,1SN8H@1236|Gammaproteobacteria,2QDBE@267890|Shewanellaceae	LysR substrate binding domain	-	-	-	-	-	HTH_1,LysR_substrate
3225	GEA49417.1	1517681.HW45_11530	0.000467	43.5	2CBCZ@1|root,33U0Z@2|Bacteria,1NUW4@1224|Proteobacteria,1SN9T@1236|Gammaproteobacteria,1Y20I@135623|Vibrionales	Acyl-coenzyme A:6-aminopenicillanic acid acyl-transferase	-	-	-	-	-	AAT
3225	GEA49421.1	1336233.JAEH01000005_gene1769	1.96e-89	270.0	2EX6R@1|root,33QHN@2|Bacteria,1NRBR@1224|Proteobacteria,1SMT4@1236|Gammaproteobacteria,2QAG4@267890|Shewanellaceae	-	-	-	-	-	-	-
3225	GEA49422.1	1051646.VITU9109_13666	4.96e-155	441.0	COG0583@1|root,COG0583@2|Bacteria,1MVGZ@1224|Proteobacteria,1SKJ0@1236|Gammaproteobacteria,1XUHC@135623|Vibrionales	Bacterial regulatory helix-turn-helix protein, lysR family	-	-	-	-	-	HTH_1,LysR_substrate
3225	GEA49423.1	1190606.AJYG01000077_gene4159	3.22e-13	72.4	28V67@1|root,2ZH9E@2|Bacteria,1P66A@1224|Proteobacteria,1SUV2@1236|Gammaproteobacteria,1XYK7@135623|Vibrionales	Outer membrane protein beta-barrel domain	-	-	ko:K16078	-	ko00000,ko02000	OMP_b-brl
3225	GEA49424.1	1517681.HW45_13175	6.85e-08	57.4	28V67@1|root,2ZH9E@2|Bacteria,1P66A@1224|Proteobacteria,1SUV2@1236|Gammaproteobacteria,1XYK7@135623|Vibrionales	Outer membrane protein beta-barrel domain	-	-	ko:K16078	-	ko00000,ko02000	OMP_b-brl
3225	GEA49425.1	1190606.AJYG01000077_gene4159	8.75e-13	71.2	28V67@1|root,2ZH9E@2|Bacteria,1P66A@1224|Proteobacteria,1SUV2@1236|Gammaproteobacteria,1XYK7@135623|Vibrionales	Outer membrane protein beta-barrel domain	-	-	ko:K16078	-	ko00000,ko02000	OMP_b-brl
3225	GEA49426.1	1336233.JAEH01000046_gene3779	1.83e-97	295.0	COG0583@1|root,COG0583@2|Bacteria	DNA-binding transcription factor activity	-	-	-	-	-	HTH_1,LysR_substrate
3225	GEA49427.1	1238450.VIBNISOn1_840061	7.07e-36	134.0	COG3637@1|root,COG3637@2|Bacteria,1N7AR@1224|Proteobacteria,1SG7N@1236|Gammaproteobacteria,1XXFP@135623|Vibrionales	Has lipid A 3-O-deacylase activity. Hydrolyzes the ester bond at the 3 position of lipid A, a bioactive component of lipopolysaccharide (LPS), thereby releasing the primary fatty acyl moiety	-	-	-	-	-	DUF481
3225	GEA49428.1	1051646.VITU9109_13641	9.67e-43	145.0	COG4125@1|root,COG4125@2|Bacteria,1RHF1@1224|Proteobacteria,1S5XG@1236|Gammaproteobacteria,1XXKE@135623|Vibrionales	Chlorhexidine efflux transporter	-	-	-	-	-	BTP
3225	GEA49429.1	1402135.SUH3_19255	2.6e-11	64.7	COG4125@1|root,COG4125@2|Bacteria,1RHF1@1224|Proteobacteria,2U9K3@28211|Alphaproteobacteria,3ZXP2@60136|Sulfitobacter	Chlorhexidine efflux transporter	-	-	-	-	-	BTP
3225	GEA49430.1	1517681.HW45_13175	9.08e-11	65.9	28V67@1|root,2ZH9E@2|Bacteria,1P66A@1224|Proteobacteria,1SUV2@1236|Gammaproteobacteria,1XYK7@135623|Vibrionales	Outer membrane protein beta-barrel domain	-	-	ko:K16078	-	ko00000,ko02000	OMP_b-brl
3225	GEA49432.1	1517681.HW45_13175	7.02e-11	65.9	28V67@1|root,2ZH9E@2|Bacteria,1P66A@1224|Proteobacteria,1SUV2@1236|Gammaproteobacteria,1XYK7@135623|Vibrionales	Outer membrane protein beta-barrel domain	-	-	ko:K16078	-	ko00000,ko02000	OMP_b-brl
3225	GEA49433.1	1278307.KB906977_gene1712	4.25e-10	63.5	28V67@1|root,2ZH9E@2|Bacteria,1P66A@1224|Proteobacteria,1SUV2@1236|Gammaproteobacteria	Outer membrane protein beta-barrel domain	-	-	ko:K16078	-	ko00000,ko02000	OMP_b-brl
3225	GEA49434.1	1051646.VITU9109_13661	1.9e-132	384.0	COG0583@1|root,COG0583@2|Bacteria,1QKXT@1224|Proteobacteria,1TJ3V@1236|Gammaproteobacteria,1Y0GK@135623|Vibrionales	Bacterial regulatory helix-turn-helix protein, lysR family	-	-	-	-	-	HTH_1,LysR_substrate
3225	GEA49435.1	1051646.VITU9109_13442	6.48e-183	516.0	COG3049@1|root,COG3049@2|Bacteria	Linear amide C-N hydrolases, choloylglycine hydrolase family	cbh	-	ko:K01442	ko00120,ko00121,ko01100,map00120,map00121,map01100	ko00000,ko00001,ko01000	CBAH
3225	GEA49436.1	1205908.AKXW01000058_gene115	1.52e-157	447.0	COG3118@1|root,COG3118@2|Bacteria,1MV0R@1224|Proteobacteria,1RMSQ@1236|Gammaproteobacteria,1XST1@135623|Vibrionales	COG3118 Thioredoxin domain-containing protein	ybbN	-	ko:K05838	-	ko00000,ko03110	TPR_19,TPR_20,Thioredoxin
3225	GEA49437.1	1205908.AKXW01000058_gene114	8.15e-210	580.0	COG1090@1|root,COG1090@2|Bacteria,1MUB4@1224|Proteobacteria,1RN6A@1236|Gammaproteobacteria,1XSDX@135623|Vibrionales	nucleoside-diphosphate sugar epimerase	yfcH	-	ko:K07071	-	ko00000	DUF1731,Epimerase
3225	GEA49438.1	1205908.AKXW01000058_gene113	9.82e-151	426.0	arCOG03638@1|root,2Z7NN@2|Bacteria,1R3Y6@1224|Proteobacteria,1RTWY@1236|Gammaproteobacteria,1XU34@135623|Vibrionales	Protein of unknown function (DUF1538)	-	-	-	-	-	DUF1538
3225	GEA49439.1	1205908.AKXW01000058_gene112	8.57e-177	494.0	arCOG03638@1|root,2Z8W3@2|Bacteria,1N2PH@1224|Proteobacteria,1RMI8@1236|Gammaproteobacteria,1XUA3@135623|Vibrionales	Protein of unknown function (DUF1538)	-	-	-	-	-	DUF1538
3225	GEA49440.1	1205908.AKXW01000058_gene111	7.79e-69	209.0	COG0347@1|root,COG0347@2|Bacteria,1RI28@1224|Proteobacteria,1S62Z@1236|Gammaproteobacteria,1XXA8@135623|Vibrionales	Belongs to the P(II) protein family	VV0993	-	-	-	-	-
3225	GEA49441.1	1205908.AKXW01000058_gene110	1.52e-89	263.0	COG2905@1|root,COG2905@2|Bacteria,1MZGY@1224|Proteobacteria,1S86K@1236|Gammaproteobacteria,1XXFK@135623|Vibrionales	COG0517 FOG CBS domain	-	-	-	-	-	CBS
3225	GEA49442.1	1205908.AKXW01000058_gene109	3.66e-121	346.0	COG0622@1|root,COG0622@2|Bacteria,1R3Y7@1224|Proteobacteria,1RY3X@1236|Gammaproteobacteria,1XT08@135623|Vibrionales	Phosphoesterase	yfcE	-	ko:K07095	-	ko00000	Metallophos_2
3225	GEA49443.1	1336233.JAEH01000007_gene2433	8.02e-11	62.8	COG0583@1|root,COG0583@2|Bacteria,1R6B4@1224|Proteobacteria,1RZ71@1236|Gammaproteobacteria	transcriptional regulator	-	-	-	-	-	HTH_1,LysR_substrate
3225	GEA49444.1	1336233.JAEH01000007_gene2433	4.2e-06	50.4	COG0583@1|root,COG0583@2|Bacteria,1R6B4@1224|Proteobacteria,1RZ71@1236|Gammaproteobacteria	transcriptional regulator	-	-	-	-	-	HTH_1,LysR_substrate
3225	GEA49445.1	1336233.JAEH01000001_gene731	4.51e-150	435.0	2CBCZ@1|root,33U0Z@2|Bacteria,1NUW4@1224|Proteobacteria,1SN9T@1236|Gammaproteobacteria,2QDHS@267890|Shewanellaceae	-	-	-	-	-	-	AAT
3225	GEA49446.1	1336233.JAEH01000007_gene2433	4.14e-193	538.0	COG0583@1|root,COG0583@2|Bacteria,1R6B4@1224|Proteobacteria,1RZ71@1236|Gammaproteobacteria	transcriptional regulator	-	-	-	-	-	HTH_1,LysR_substrate
3225	GEA49447.1	1205908.AKXW01000058_gene108	3.29e-116	333.0	2AVZE@1|root,31MTT@2|Bacteria,1QJJZ@1224|Proteobacteria,1THKE@1236|Gammaproteobacteria,1XWII@135623|Vibrionales	Trans-membrane regulatory protein ToxS	toxS	GO:0005575,GO:0005623,GO:0005886,GO:0007154,GO:0007165,GO:0008150,GO:0009987,GO:0016020,GO:0023052,GO:0044464,GO:0050789,GO:0050794,GO:0050896,GO:0051716,GO:0065007,GO:0071944	ko:K10922	ko05111,map05111	ko00000,ko00001	ToxS
3225	GEA49448.1	1205908.AKXW01000058_gene107	5.32e-182	508.0	COG3710@1|root,COG3710@2|Bacteria,1QXRC@1224|Proteobacteria,1SDUS@1236|Gammaproteobacteria,1XUD7@135623|Vibrionales	COG3710 DNA-binding winged-HTH domains	toxR	GO:0000156,GO:0000160,GO:0003674,GO:0006355,GO:0007154,GO:0007165,GO:0008150,GO:0009405,GO:0009889,GO:0009987,GO:0010468,GO:0010556,GO:0019219,GO:0019222,GO:0023052,GO:0031323,GO:0031326,GO:0035556,GO:0044419,GO:0050789,GO:0050794,GO:0050896,GO:0051171,GO:0051252,GO:0051704,GO:0051716,GO:0060089,GO:0060255,GO:0065007,GO:0080090,GO:1903506,GO:2000112,GO:2001141	ko:K10921	ko05111,map05111	ko00000,ko00001	Trans_reg_C
3225	GEA49449.1	1205908.AKXW01000058_gene106	0.0	1198.0	COG0326@1|root,COG0326@2|Bacteria,1MUUE@1224|Proteobacteria,1RNWD@1236|Gammaproteobacteria,1XSVC@135623|Vibrionales	Molecular chaperone. Has ATPase activity	htpG	GO:0006457,GO:0008150,GO:0009987	ko:K04079	ko04141,ko04151,ko04217,ko04612,ko04621,ko04626,ko04657,ko04659,ko04914,ko04915,ko05200,ko05215,ko05418,map04141,map04151,map04217,map04612,map04621,map04626,map04657,map04659,map04914,map04915,map05200,map05215,map05418	ko00000,ko00001,ko01009,ko03029,ko03051,ko03110,ko04131,ko04147	HATPase_c,HATPase_c_3,HSP90
3225	GEA49450.1	1205908.AKXW01000058_gene105	4e-148	417.0	COG0563@1|root,COG0563@2|Bacteria,1MXCZ@1224|Proteobacteria,1RMT6@1236|Gammaproteobacteria,1XT6A@135623|Vibrionales	Catalyzes the reversible transfer of the terminal phosphate group between ATP and AMP. Plays an important role in cellular energy homeostasis and in adenine nucleotide metabolism	adk	GO:0003674,GO:0003824,GO:0004017,GO:0006139,GO:0006725,GO:0006753,GO:0006793,GO:0006796,GO:0006807,GO:0008150,GO:0008152,GO:0009058,GO:0009117,GO:0009123,GO:0009165,GO:0009987,GO:0015949,GO:0016301,GO:0016310,GO:0016740,GO:0016772,GO:0016776,GO:0018130,GO:0019205,GO:0019438,GO:0019637,GO:0034641,GO:0034654,GO:0044237,GO:0044238,GO:0044249,GO:0044271,GO:0044281,GO:0046483,GO:0046940,GO:0050145,GO:0055086,GO:0071704,GO:0090407,GO:1901293,GO:1901360,GO:1901362,GO:1901576	ko:K00939	ko00230,ko00730,ko01100,ko01110,ko01130,map00230,map00730,map01100,map01110,map01130	ko00000,ko00001,ko00002,ko01000,ko04147	ADK,ADK_lid
3225	GEA49451.1	1205908.AKXW01000058_gene104	6.04e-223	615.0	COG0276@1|root,COG0276@2|Bacteria,1MVR1@1224|Proteobacteria,1RMMS@1236|Gammaproteobacteria,1XUVQ@135623|Vibrionales	Catalyzes the ferrous insertion into protoporphyrin IX	hemH	GO:0003674,GO:0003824,GO:0004325,GO:0006725,GO:0006778,GO:0006779,GO:0006783,GO:0006807,GO:0008150,GO:0008152,GO:0009058,GO:0009987,GO:0016829,GO:0018130,GO:0019438,GO:0033013,GO:0033014,GO:0034641,GO:0042168,GO:0042440,GO:0044237,GO:0044249,GO:0044271,GO:0046148,GO:0046483,GO:0051186,GO:0051188,GO:0071704,GO:1901360,GO:1901362,GO:1901564,GO:1901566,GO:1901576	ko:K01772	ko00860,ko01100,ko01110,map00860,map01100,map01110	ko00000,ko00001,ko00002,ko01000	Ferrochelatase
3225	GEA49452.1	1205908.AKXW01000058_gene103	3.29e-103	300.0	COG0250@1|root,COG0250@2|Bacteria,1N01W@1224|Proteobacteria,1S91B@1236|Gammaproteobacteria,1XX33@135623|Vibrionales	Enhances distal genes transcription elongation in a specialized subset of operons that encode extracytoplasmic components	rfaH	-	ko:K05785	-	ko00000,ko03000	NusG
3225	GEA49453.1	1205908.AKXW01000058_gene102	0.0	1106.0	COG0367@1|root,COG0367@2|Bacteria,1MW4E@1224|Proteobacteria,1RQ7D@1236|Gammaproteobacteria,1XSW2@135623|Vibrionales	Asparagine synthetase B	asnB	-	ko:K01953	ko00250,ko01100,ko01110,map00250,map01100,map01110	ko00000,ko00001,ko01000,ko01002	Asn_synthase,GATase_7
3225	GEA49454.1	1205908.AKXW01000058_gene101	1.24e-223	622.0	COG2199@1|root,COG3706@2|Bacteria,1NECV@1224|Proteobacteria,1S1ZR@1236|Gammaproteobacteria,1XVI8@135623|Vibrionales	Membrane associated GGDEF protein	-	-	-	-	-	GGDEF
3225	GEA49455.1	1205908.AKXW01000058_gene100	0.0	977.0	COG1226@1|root,COG4651@1|root,COG1226@2|Bacteria,COG4651@2|Bacteria,1MV34@1224|Proteobacteria,1RNH4@1236|Gammaproteobacteria,1XV3J@135623|Vibrionales	Belongs to the monovalent cation proton antiporter 2 (CPA2) transporter (TC 2.A.37) family	-	-	-	-	-	Na_H_Exchanger,TrkA_N
3225	GEA49456.1	1205908.AKXW01000058_gene99	3.46e-284	777.0	COG1846@1|root,COG1940@1|root,COG1846@2|Bacteria,COG1940@2|Bacteria,1NFM0@1224|Proteobacteria,1RNEA@1236|Gammaproteobacteria,1XT2N@135623|Vibrionales	COG1940 Transcriptional regulator sugar kinase	nagC	-	ko:K02565	-	ko00000,ko03000	MarR,ROK
3225	GEA49457.1	1205908.AKXW01000058_gene98	3.76e-267	732.0	COG1820@1|root,COG1820@2|Bacteria,1MW8Y@1224|Proteobacteria,1RMRV@1236|Gammaproteobacteria,1XT70@135623|Vibrionales	Belongs to the metallo-dependent hydrolases superfamily. NagA family	nagA	GO:0003674,GO:0003824,GO:0006040,GO:0006044,GO:0006046,GO:0008150,GO:0008152,GO:0008448,GO:0009056,GO:0009987,GO:0016043,GO:0016787,GO:0016810,GO:0016811,GO:0019213,GO:0022607,GO:0043933,GO:0044085,GO:0046348,GO:0051259,GO:0051260,GO:0051262,GO:0051289,GO:0065003,GO:0071704,GO:0071840,GO:1901071,GO:1901072,GO:1901135,GO:1901136,GO:1901575	ko:K01443	ko00520,ko01130,map00520,map01130	ko00000,ko00001,ko01000	Amidohydro_1
3225	GEA49458.1	1205908.AKXW01000058_gene97	2.05e-185	516.0	COG0363@1|root,COG0363@2|Bacteria,1MVEA@1224|Proteobacteria,1RQ2V@1236|Gammaproteobacteria,1XV23@135623|Vibrionales	Catalyzes the reversible isomerization-deamination of glucosamine 6-phosphate (GlcN6P) to form fructose 6-phosphate (Fru6P) and ammonium ion	nagB	GO:0003674,GO:0003824,GO:0004342,GO:0005575,GO:0005622,GO:0005623,GO:0005737,GO:0005829,GO:0006040,GO:0006044,GO:0008150,GO:0008152,GO:0016787,GO:0016853,GO:0016860,GO:0016861,GO:0019239,GO:0044424,GO:0044444,GO:0044464,GO:0071704,GO:1901071,GO:1901135	ko:K02564	ko00520,ko01100,map00520,map01100	ko00000,ko00001,ko01000	Glucosamine_iso
3225	GEA49459.1	1205908.AKXW01000058_gene96	0.0	869.0	COG1263@1|root,COG1264@1|root,COG1263@2|Bacteria,COG1264@2|Bacteria,1MY1V@1224|Proteobacteria,1RMYZ@1236|Gammaproteobacteria,1XTN9@135623|Vibrionales	COG1263 Phosphotransferase system IIC components, glucose maltose N-acetylglucosamine-specific	nagE	-	ko:K02803,ko:K02804	ko00520,ko02060,map00520,map02060	ko00000,ko00001,ko00002,ko01000,ko02000	PTS_EIIB,PTS_EIIC
3225	GEA49460.1	1205908.AKXW01000058_gene95	0.0	1112.0	COG0008@1|root,COG0008@2|Bacteria,1MUC8@1224|Proteobacteria,1RQ7G@1236|Gammaproteobacteria,1XV77@135623|Vibrionales	COG0008 Glutamyl- and glutaminyl-tRNA synthetases	glnS	GO:0003674,GO:0003824,GO:0004812,GO:0004819,GO:0006082,GO:0006139,GO:0006399,GO:0006412,GO:0006418,GO:0006425,GO:0006518,GO:0006520,GO:0006725,GO:0006807,GO:0008150,GO:0008152,GO:0009058,GO:0009059,GO:0009987,GO:0010467,GO:0016070,GO:0016874,GO:0016875,GO:0019538,GO:0019752,GO:0034641,GO:0034645,GO:0034660,GO:0043038,GO:0043039,GO:0043043,GO:0043170,GO:0043436,GO:0043603,GO:0043604,GO:0044237,GO:0044238,GO:0044249,GO:0044260,GO:0044267,GO:0044271,GO:0044281,GO:0046483,GO:0071704,GO:0090304,GO:0140098,GO:0140101,GO:1901360,GO:1901564,GO:1901566,GO:1901576	ko:K01886	ko00970,ko01100,map00970,map01100	ko00000,ko00001,ko00002,ko01000,ko01007,ko03016	tRNA-synt_1c,tRNA-synt_1c_C
3225	GEA49461.1	1205908.AKXW01000058_gene94	3.47e-117	338.0	COG2165@1|root,COG2165@2|Bacteria,1MYR5@1224|Proteobacteria,1S6ZI@1236|Gammaproteobacteria,1XXMH@135623|Vibrionales	Prokaryotic N-terminal methylation motif	-	-	-	-	-	N_methyl
3225	GEA49462.1	1205908.AKXW01000058_gene93	1.08e-106	307.0	COG0735@1|root,COG0735@2|Bacteria,1RDWJ@1224|Proteobacteria,1S4H7@1236|Gammaproteobacteria,1XUH6@135623|Vibrionales	Belongs to the Fur family	fur	GO:0000976,GO:0001067,GO:0001130,GO:0001216,GO:0001217,GO:0003674,GO:0003676,GO:0003677,GO:0003690,GO:0003700,GO:0005488,GO:0005575,GO:0006355,GO:0008150,GO:0009889,GO:0009890,GO:0009891,GO:0009892,GO:0009893,GO:0010468,GO:0010556,GO:0010557,GO:0010558,GO:0010604,GO:0010605,GO:0010628,GO:0010629,GO:0019219,GO:0019222,GO:0031323,GO:0031324,GO:0031325,GO:0031326,GO:0031327,GO:0031328,GO:0032991,GO:0032993,GO:0043565,GO:0044212,GO:0045892,GO:0045893,GO:0045934,GO:0045935,GO:0048518,GO:0048519,GO:0048522,GO:0048523,GO:0050789,GO:0050794,GO:0051171,GO:0051172,GO:0051173,GO:0051252,GO:0051253,GO:0051254,GO:0060255,GO:0065007,GO:0080090,GO:0097159,GO:0140110,GO:1901363,GO:1902679,GO:1902680,GO:1903506,GO:1903507,GO:1903508,GO:1990837,GO:2000112,GO:2000113,GO:2001141	ko:K03711	-	ko00000,ko03000	FUR
3225	GEA49463.1	1205908.AKXW01000058_gene92	3.18e-128	363.0	COG0716@1|root,COG0716@2|Bacteria,1MX7F@1224|Proteobacteria,1RMNT@1236|Gammaproteobacteria,1XT3A@135623|Vibrionales	Low-potential electron donor to a number of redox enzymes	fldA	-	ko:K03839	-	ko00000	Flavodoxin_1
3225	GEA49464.1	1205908.AKXW01000058_gene91	3.42e-45	145.0	2E5H5@1|root,3308N@2|Bacteria,1NB87@1224|Proteobacteria,1SDHI@1236|Gammaproteobacteria,1XYD8@135623|Vibrionales	Protein of unknown function (DUF2788)	-	-	-	-	-	DUF2788
3225	GEA49465.1	1205908.AKXW01000058_gene90	1.86e-167	469.0	COG2267@1|root,COG2267@2|Bacteria,1QUFS@1224|Proteobacteria,1T1XF@1236|Gammaproteobacteria,1XV01@135623|Vibrionales	PGAP1-like protein	-	-	ko:K01175	-	ko00000,ko01000	Abhydrolase_1,Abhydrolase_6
3225	GEA49466.1	1205908.AKXW01000058_gene89	8.87e-120	343.0	COG3057@1|root,COG3057@2|Bacteria,1MUW8@1224|Proteobacteria,1RQ83@1236|Gammaproteobacteria,1XVQ2@135623|Vibrionales	Negative regulator of replication initiation, which contributes to regulation of DNA replication and ensures that replication initiation occurs exactly once per chromosome per cell cycle. Binds to pairs of hemimethylated GATC sequences in the oriC region, thus preventing assembly of replication proteins and re- initiation at newly replicated origins. Repression is relieved when the region becomes fully methylated	seqA	GO:0003674,GO:0003676,GO:0003677,GO:0003688,GO:0003690,GO:0005488,GO:0006275,GO:0008150,GO:0008156,GO:0009889,GO:0009890,GO:0009892,GO:0010556,GO:0010558,GO:0010605,GO:0019219,GO:0019222,GO:0031323,GO:0031324,GO:0031326,GO:0031327,GO:0043565,GO:0045934,GO:0048519,GO:0048523,GO:0050789,GO:0050794,GO:0051052,GO:0051053,GO:0051171,GO:0051172,GO:0060255,GO:0065007,GO:0080090,GO:0097159,GO:1901363,GO:1990837,GO:2000112,GO:2000113	ko:K03645	-	ko00000,ko03032,ko03036	SeqA,SeqA_N
3225	GEA49467.1	1205908.AKXW01000058_gene88	0.0	1078.0	COG0033@1|root,COG0033@2|Bacteria,1MU5S@1224|Proteobacteria,1RPDV@1236|Gammaproteobacteria,1XT0B@135623|Vibrionales	Phosphoglucomutase	pgm	-	ko:K01835	ko00010,ko00030,ko00052,ko00230,ko00500,ko00520,ko00521,ko01100,ko01110,ko01120,ko01130,map00010,map00030,map00052,map00230,map00500,map00520,map00521,map01100,map01110,map01120,map01130	ko00000,ko00001,ko00002,ko01000	PGM_PMM_I,PGM_PMM_II,PGM_PMM_III,PGM_PMM_IV
3225	GEA49468.1	1205908.AKXW01000058_gene87	1.18e-180	503.0	COG3782@1|root,COG3782@2|Bacteria,1N971@1224|Proteobacteria,1SD24@1236|Gammaproteobacteria,1XSBE@135623|Vibrionales	protein conserved in bacteria	-	-	ko:K09977	-	ko00000	DUF1853
3225	GEA49469.1	1205908.AKXW01000058_gene86	6.58e-175	488.0	COG0327@1|root,COG0327@2|Bacteria,1MVUN@1224|Proteobacteria,1RNBU@1236|Gammaproteobacteria,1XUIZ@135623|Vibrionales	NIF3 (NGG1p interacting factor 3)	ybgI	GO:0005575,GO:0005622,GO:0005623,GO:0005737,GO:0044424,GO:0044464	-	-	-	NIF3
3225	GEA49470.1	1205908.AKXW01000058_gene78	0.0	870.0	COG0372@1|root,COG0372@2|Bacteria,1MUKX@1224|Proteobacteria,1RNDK@1236|Gammaproteobacteria,1XSCA@135623|Vibrionales	Belongs to the citrate synthase family	gltA	-	ko:K01647	ko00020,ko00630,ko01100,ko01110,ko01120,ko01130,ko01200,ko01210,ko01230,map00020,map00630,map01100,map01110,map01120,map01130,map01200,map01210,map01230	br01601,ko00000,ko00001,ko00002,ko01000	Citrate_synt
3225	GEA49471.1	1219072.VHA01S_014_01160	7.21e-81	240.0	COG2009@1|root,COG2009@2|Bacteria,1RIGZ@1224|Proteobacteria,1S5ZE@1236|Gammaproteobacteria,1XXGA@135623|Vibrionales	COG2009 Succinate dehydrogenase fumarate reductase, cytochrome b subunit	sdhC	-	ko:K00241	ko00020,ko00190,ko00650,ko00720,ko01100,ko01110,ko01120,ko01130,ko01200,map00020,map00190,map00650,map00720,map01100,map01110,map01120,map01130,map01200	ko00000,ko00001,ko00002	Sdh_cyt
3225	GEA49472.1	1205908.AKXW01000058_gene76	2.84e-75	225.0	COG2142@1|root,COG2142@2|Bacteria,1MZR9@1224|Proteobacteria,1S9TS@1236|Gammaproteobacteria,1XX9X@135623|Vibrionales	Membrane-anchoring subunit of succinate dehydrogenase (SDH)	sdhD	-	ko:K00242	ko00020,ko00190,ko00650,ko00720,ko01100,ko01110,ko01120,ko01130,ko01200,map00020,map00190,map00650,map00720,map01100,map01110,map01120,map01130,map01200	ko00000,ko00001,ko00002	Sdh_cyt
3225	GEA49473.1	1187848.AJYQ01000152_gene2349	0.0	1144.0	COG1053@1|root,COG1053@2|Bacteria,1MU5M@1224|Proteobacteria,1RMU2@1236|Gammaproteobacteria,1XUJA@135623|Vibrionales	Belongs to the FAD-dependent oxidoreductase 2 family. FRD SDH subfamily	sdhA	-	ko:K00239	ko00020,ko00190,ko00650,ko00720,ko01100,ko01110,ko01120,ko01130,ko01200,ko05134,map00020,map00190,map00650,map00720,map01100,map01110,map01120,map01130,map01200,map05134	ko00000,ko00001,ko00002,ko01000	FAD_binding_2,Succ_DH_flav_C
3225	GEA49474.1	1205908.AKXW01000058_gene74	1.11e-174	486.0	COG0479@1|root,COG0479@2|Bacteria,1MVHS@1224|Proteobacteria,1RNWR@1236|Gammaproteobacteria,1XSXW@135623|Vibrionales	Belongs to the succinate dehydrogenase fumarate reductase iron-sulfur protein family	sdhB	-	ko:K00240	ko00020,ko00190,ko00650,ko00720,ko01100,ko01110,ko01120,ko01130,ko01200,map00020,map00190,map00650,map00720,map01100,map01110,map01120,map01130,map01200	ko00000,ko00001,ko00002,ko01000	Fer2_3,Fer4_17
3225	GEA49475.1	1205908.AKXW01000058_gene73	0.0	1880.0	COG0567@1|root,COG0567@2|Bacteria,1MVBF@1224|Proteobacteria,1RN8K@1236|Gammaproteobacteria,1XUQD@135623|Vibrionales	COG0567 2-oxoglutarate dehydrogenase complex, dehydrogenase (E1) component, and related enzymes	sucA	-	ko:K00164	ko00020,ko00310,ko00380,ko01100,ko01110,ko01120,ko01130,ko01200,map00020,map00310,map00380,map01100,map01110,map01120,map01130,map01200	br01601,ko00000,ko00001,ko00002,ko01000	2-oxogl_dehyd_N,E1_dh,OxoGdeHyase_C,Transket_pyr
3225	GEA49476.1	1205908.AKXW01000058_gene72	7.4e-263	723.0	COG0508@1|root,COG0508@2|Bacteria,1MUJD@1224|Proteobacteria,1RME0@1236|Gammaproteobacteria,1XTKP@135623|Vibrionales	The 2-oxoglutarate dehydrogenase complex catalyzes the overall conversion of 2-oxoglutarate to succinyl-CoA and CO(2)	sucB	-	ko:K00658	ko00020,ko00310,ko01100,ko01110,ko01120,ko01130,ko01200,map00020,map00310,map01100,map01110,map01120,map01130,map01200	br01601,ko00000,ko00001,ko00002,ko01000	2-oxoacid_dh,Biotin_lipoyl,E3_binding
3225	GEA49477.1	1205908.AKXW01000058_gene71	2.91e-268	736.0	COG0045@1|root,COG0045@2|Bacteria,1MVCE@1224|Proteobacteria,1RMSU@1236|Gammaproteobacteria,1XTU2@135623|Vibrionales	Succinyl-CoA synthetase functions in the citric acid cycle (TCA), coupling the hydrolysis of succinyl-CoA to the synthesis of either ATP or GTP and thus represents the only step of substrate-level phosphorylation in the TCA. The beta subunit provides nucleotide specificity of the enzyme and binds the substrate succinate, while the binding sites for coenzyme A and phosphate are found in the alpha subunit	sucC	GO:0003674,GO:0003824,GO:0004774,GO:0004775,GO:0006082,GO:0006091,GO:0006099,GO:0006101,GO:0008150,GO:0008152,GO:0009060,GO:0009987,GO:0015980,GO:0016874,GO:0016877,GO:0016878,GO:0016999,GO:0017144,GO:0019752,GO:0043436,GO:0044237,GO:0044238,GO:0044281,GO:0045333,GO:0055114,GO:0071704,GO:0072350	ko:K01903	ko00020,ko00640,ko00660,ko00720,ko01100,ko01110,ko01120,ko01130,ko01200,map00020,map00640,map00660,map00720,map01100,map01110,map01120,map01130,map01200	ko00000,ko00001,ko00002,ko01000	ATP-grasp_2,Ligase_CoA
3225	GEA49478.1	1205908.AKXW01000058_gene70	6.95e-205	567.0	COG0074@1|root,COG0074@2|Bacteria,1MUGA@1224|Proteobacteria,1RM7Y@1236|Gammaproteobacteria,1XSTF@135623|Vibrionales	Succinyl-CoA synthetase functions in the citric acid cycle (TCA), coupling the hydrolysis of succinyl-CoA to the synthesis of either ATP or GTP and thus represents the only step of substrate-level phosphorylation in the TCA. The alpha subunit of the enzyme binds the substrates coenzyme A and phosphate, while succinate binding and nucleotide specificity is provided by the beta subunit	sucD	-	ko:K01902	ko00020,ko00640,ko00660,ko00720,ko01100,ko01110,ko01120,ko01130,ko01200,map00020,map00640,map00660,map00720,map01100,map01110,map01120,map01130,map01200	ko00000,ko00001,ko00002,ko01000	CoA_binding,Ligase_CoA
3225	GEA49479.1	1205908.AKXW01000058_gene69	1.29e-165	465.0	COG1108@1|root,COG1108@2|Bacteria,1MVC2@1224|Proteobacteria,1RPYF@1236|Gammaproteobacteria,1XTAW@135623|Vibrionales	COG1108 ABC-type Mn2 Zn2 transport systems, permease components	znuB	-	ko:K09816	ko02010,map02010	ko00000,ko00001,ko00002,ko02000	ABC-3
3225	GEA49480.1	1205908.AKXW01000058_gene68	4.17e-171	480.0	COG1121@1|root,COG1121@2|Bacteria,1MUDW@1224|Proteobacteria,1RPJT@1236|Gammaproteobacteria,1XTI4@135623|Vibrionales	Part of the ABC transporter complex ZnuABC involved in zinc import. Responsible for energy coupling to the transport system	znuC	GO:0000041,GO:0003674,GO:0003824,GO:0005215,GO:0005385,GO:0006810,GO:0006811,GO:0006812,GO:0006829,GO:0008150,GO:0008324,GO:0015075,GO:0015318,GO:0015399,GO:0015405,GO:0016462,GO:0016787,GO:0016817,GO:0016818,GO:0016887,GO:0017111,GO:0022804,GO:0022857,GO:0022890,GO:0030001,GO:0034220,GO:0042623,GO:0042626,GO:0043492,GO:0046873,GO:0046915,GO:0051179,GO:0051234,GO:0055085,GO:0070838,GO:0071577,GO:0072509,GO:0072511,GO:0098655,GO:0098660,GO:0098662	ko:K09817	ko02010,map02010	ko00000,ko00001,ko00002,ko01000,ko02000	ABC_tran
3225	GEA49481.1	1205908.AKXW01000058_gene67	8.34e-197	546.0	COG4531@1|root,COG4531@2|Bacteria,1QTTI@1224|Proteobacteria,1RMRJ@1236|Gammaproteobacteria,1XT4D@135623|Vibrionales	COG4531 ABC-type Zn2 transport system, periplasmic component surface adhesin	znuA	-	ko:K09815	ko02010,map02010	ko00000,ko00001,ko00002,ko02000	ZnuA
3225	GEA49482.1	1205908.AKXW01000058_gene66	3.36e-42	138.0	COG1918@1|root,COG1918@2|Bacteria,1Q29A@1224|Proteobacteria,1SGFM@1236|Gammaproteobacteria,1XYYK@135623|Vibrionales	Fe2 transport system protein A	feoA	-	ko:K04758	-	ko00000,ko02000	FeoA
3225	GEA49483.1	1205908.AKXW01000058_gene65	0.0	1412.0	COG0370@1|root,COG0370@2|Bacteria,1MUZC@1224|Proteobacteria,1RME9@1236|Gammaproteobacteria,1XSYA@135623|Vibrionales	transporter of a GTP-driven Fe(2 ) uptake system	feoB	-	ko:K04759	-	ko00000,ko02000	FeoB_C,FeoB_N,Gate
3225	GEA49484.1	1205908.AKXW01000058_gene64	7.41e-45	145.0	2EGR8@1|root,33AHD@2|Bacteria,1QTRG@1224|Proteobacteria,1SUI3@1236|Gammaproteobacteria,1XYXP@135623|Vibrionales	FeoC like transcriptional regulator	VV1042	-	ko:K10123	-	ko00000,ko02000	FeoC
3225	GEA49485.1	1205908.AKXW01000058_gene62	2.89e-192	537.0	COG0697@1|root,COG0697@2|Bacteria,1RDQ0@1224|Proteobacteria,1SNBH@1236|Gammaproteobacteria,1XV3Q@135623|Vibrionales	EamA-like transporter family	-	-	-	-	-	EamA
3225	GEA49486.1	1205908.AKXW01000041_gene3706	0.0	875.0	COG0733@1|root,COG0733@2|Bacteria,1MUZJ@1224|Proteobacteria,1RPCT@1236|Gammaproteobacteria,1XT5X@135623|Vibrionales	COG0733 Na -dependent transporters of the SNF family	-	-	ko:K03308	-	ko00000	SNF
3225	GEA49487.1	1205908.AKXW01000041_gene3707	6.72e-213	589.0	COG0583@1|root,COG0583@2|Bacteria,1R509@1224|Proteobacteria,1RSBX@1236|Gammaproteobacteria,1XTC2@135623|Vibrionales	Transcriptional regulator	-	-	ko:K03566	ko02026,map02026	ko00000,ko00001,ko03000	HTH_1,LysR_substrate
3225	GEA49488.1	1205908.AKXW01000041_gene3708	3.1e-290	796.0	COG0534@1|root,COG0534@2|Bacteria,1MUAM@1224|Proteobacteria,1RP5M@1236|Gammaproteobacteria,1XUWA@135623|Vibrionales	COG0534 Na -driven multidrug efflux pump	-	-	ko:K03327	-	ko00000,ko02000	MatE
3225	GEA49489.1	1205908.AKXW01000041_gene3712	3.2e-54	169.0	2E588@1|root,3300P@2|Bacteria,1N79I@1224|Proteobacteria,1SCYA@1236|Gammaproteobacteria,1XXZB@135623|Vibrionales	Domain of unknown function (DUF5062)	VVA0683	-	-	-	-	DUF5062
3225	GEA49490.1	1027273.GZ77_00480	1.52e-42	156.0	COG0583@1|root,COG0583@2|Bacteria	DNA-binding transcription factor activity	-	-	-	-	-	HTH_1,LysR_substrate
3225	GEA49491.1	686578.AFFX01000010_gene2394	1.75e-73	242.0	COG1680@1|root,COG1680@2|Bacteria,1P3SQ@1224|Proteobacteria,1RRMI@1236|Gammaproteobacteria	COG1680 Beta-lactamase class C and other penicillin binding proteins	-	-	-	-	-	Beta-lactamase
3225	GEA49492.1	225849.swp_0601	5.84e-280	780.0	COG3961@1|root,COG3961@2|Bacteria,1MW2F@1224|Proteobacteria,1RQFY@1236|Gammaproteobacteria	Belongs to the TPP enzyme family	ipdC	-	ko:K01568,ko:K04103	ko00010,ko00380,ko01100,ko01110,ko01130,map00010,map00380,map01100,map01110,map01130	ko00000,ko00001,ko01000	TPP_enzyme_C,TPP_enzyme_M,TPP_enzyme_N
3225	GEA49493.1	520999.PROVALCAL_03728	4.85e-94	292.0	COG0388@1|root,COG0388@2|Bacteria,1RIJI@1224|Proteobacteria,1SA17@1236|Gammaproteobacteria,3Z9ZG@586|Providencia	Carbon-nitrogen hydrolase	-	-	-	-	-	CN_hydrolase
3225	GEA49494.1	1219072.VHA01S_012_00390	8.08e-39	145.0	COG0583@1|root,COG0583@2|Bacteria,1RM21@1224|Proteobacteria,1S6YP@1236|Gammaproteobacteria,1XVIQ@135623|Vibrionales	LysR substrate binding domain	-	-	-	-	-	HTH_1,LysR_substrate
3225	GEA49495.1	1205908.AKXW01000001_gene3222	3.22e-225	622.0	COG1227@1|root,COG1227@2|Bacteria,1P9JN@1224|Proteobacteria,1RZSV@1236|Gammaproteobacteria,1XVPU@135623|Vibrionales	DHHA2	VP1770	-	ko:K15986	ko00190,map00190	ko00000,ko00001,ko01000	DHH,DHHA2
3225	GEA49496.1	1205908.AKXW01000095_gene2372	6.64e-130	382.0	COG5361@1|root,COG5361@2|Bacteria,1NZZJ@1224|Proteobacteria,1RSI3@1236|Gammaproteobacteria,1XY1P@135623|Vibrionales	Protein of unknown function (DUF1254)	-	-	-	-	-	DUF1214,DUF1254
3225	GEA49497.1	1219072.VHA01S_004_00155	3.53e-165	471.0	COG3274@1|root,COG3274@2|Bacteria,1PX98@1224|Proteobacteria,1RMGG@1236|Gammaproteobacteria,1XY9X@135623|Vibrionales	Acyltransferase family	-	-	-	-	-	Acyl_transf_3
3225	GEA49498.1	1205908.AKXW01000001_gene3221	0.0	1095.0	COG0018@1|root,COG0018@2|Bacteria,1MU4J@1224|Proteobacteria,1RPRC@1236|Gammaproteobacteria,1XSVJ@135623|Vibrionales	Arginyl-tRNA synthetase	argS	GO:0003674,GO:0003824,GO:0004812,GO:0004814,GO:0005575,GO:0005622,GO:0005623,GO:0005737,GO:0006082,GO:0006139,GO:0006399,GO:0006412,GO:0006418,GO:0006420,GO:0006518,GO:0006520,GO:0006725,GO:0006807,GO:0008150,GO:0008152,GO:0009058,GO:0009059,GO:0009987,GO:0010467,GO:0016070,GO:0016874,GO:0016875,GO:0019538,GO:0019752,GO:0034641,GO:0034645,GO:0034660,GO:0043038,GO:0043039,GO:0043043,GO:0043170,GO:0043436,GO:0043603,GO:0043604,GO:0044237,GO:0044238,GO:0044249,GO:0044260,GO:0044267,GO:0044271,GO:0044281,GO:0044424,GO:0044464,GO:0046483,GO:0071704,GO:0090304,GO:0140098,GO:0140101,GO:1901360,GO:1901564,GO:1901566,GO:1901576	ko:K01887	ko00970,map00970	ko00000,ko00001,ko00002,ko01000,ko01007,ko03016,ko03029	Arg_tRNA_synt_N,DALR_1,tRNA-synt_1d
3225	GEA49499.1	1205908.AKXW01000001_gene3220	4.71e-122	349.0	COG3102@1|root,COG3102@2|Bacteria,1RB98@1224|Proteobacteria,1RYG4@1236|Gammaproteobacteria,1Y2NJ@135623|Vibrionales	YecM protein	-	-	ko:K09907	-	ko00000	YecM
3225	GEA49500.1	1205908.AKXW01000001_gene3219	8.39e-195	540.0	COG0788@1|root,COG0788@2|Bacteria,1MVCF@1224|Proteobacteria,1RN6Q@1236|Gammaproteobacteria,1XSK8@135623|Vibrionales	Catalyzes the hydrolysis of 10-formyltetrahydrofolate (formyl-FH4) to formate and tetrahydrofolate (FH4)	purU	-	ko:K01433	ko00630,ko00670,map00630,map00670	ko00000,ko00001,ko01000	ACT,Formyl_trans_N
3225	GEA49501.1	1205908.AKXW01000001_gene3218	0.0	1264.0	COG1199@1|root,COG1199@2|Bacteria,1MVCU@1224|Proteobacteria,1RMNX@1236|Gammaproteobacteria,1XSPF@135623|Vibrionales	ATP-dependent helicase	yoaA	-	ko:K03722	-	ko00000,ko01000,ko03400	DEAD,DEAD_2,Helicase_C_2,ResIII
3225	GEA49502.1	1205908.AKXW01000001_gene3217	7.07e-156	438.0	COG1214@1|root,COG1214@2|Bacteria,1MXPH@1224|Proteobacteria,1RPYX@1236|Gammaproteobacteria,1XTAV@135623|Vibrionales	COG1214 Inactive homolog of metal-dependent proteases	tsaB	-	ko:K14742	-	ko00000,ko03016	Peptidase_M22
3225	GEA49503.1	1205908.AKXW01000001_gene3216	1.01e-118	340.0	COG3065@1|root,COG3065@2|Bacteria,1MZ8C@1224|Proteobacteria,1S9UB@1236|Gammaproteobacteria,1XX72@135623|Vibrionales	COG3065 Starvation-inducible outer membrane lipoprotein	-	-	ko:K07285	-	ko00000	Slp
3225	GEA49504.1	1205908.AKXW01000001_gene3215	1.13e-158	448.0	COG0596@1|root,COG0596@2|Bacteria,1QTWQ@1224|Proteobacteria,1T1JQ@1236|Gammaproteobacteria,1Y358@135623|Vibrionales	Alpha/beta hydrolase family	-	-	-	-	-	Abhydrolase_1,Abhydrolase_6
3225	GEA49505.1	1205908.AKXW01000001_gene3214	0.0	1045.0	COG0318@1|root,COG0318@2|Bacteria,1MU6G@1224|Proteobacteria,1RMQ4@1236|Gammaproteobacteria,1XVCW@135623|Vibrionales	COG0318 Acyl-CoA synthetases (AMP-forming) AMP-acid ligases II	fadD	-	ko:K01897	ko00061,ko00071,ko01100,ko01212,ko02024,ko03320,ko04146,ko04216,ko04714,ko04920,map00061,map00071,map01100,map01212,map02024,map03320,map04146,map04216,map04714,map04920	ko00000,ko00001,ko00002,ko01000,ko01004,ko04147	AMP-binding,AMP-binding_C
3225	GEA49506.1	1205908.AKXW01000001_gene3213	2.61e-256	704.0	COG0349@1|root,COG0349@2|Bacteria,1MURV@1224|Proteobacteria,1RPBP@1236|Gammaproteobacteria,1XSSU@135623|Vibrionales	Exonuclease involved in the 3' processing of various precursor tRNAs. Initiates hydrolysis at the 3'-terminus of an RNA molecule and releases 5'-mononucleotides	rnd	-	ko:K03684	-	ko00000,ko01000,ko03016	DNA_pol_A_exo1,HRDC
3225	GEA49507.1	1205908.AKXW01000001_gene3212	1.53e-52	165.0	COG0851@1|root,COG0851@2|Bacteria,1N6QD@1224|Proteobacteria,1SC8W@1236|Gammaproteobacteria,1XXVX@135623|Vibrionales	Prevents the cell division inhibition by proteins MinC and MinD at internal division sites while permitting inhibition at polar sites. This ensures cell division at the proper site by restricting the formation of a division septum at the midpoint of the long axis of the cell	minE	-	ko:K03608	-	ko00000,ko03036,ko04812	MinE
3225	GEA49508.1	1205908.AKXW01000001_gene3211	8.64e-187	520.0	COG2894@1|root,COG2894@2|Bacteria,1MUEU@1224|Proteobacteria,1RNJ0@1236|Gammaproteobacteria,1XTBF@135623|Vibrionales	Belongs to the ParA family	minD	-	ko:K03609	-	ko00000,ko03036,ko04812	AAA_31,CbiA
3225	GEA49509.1	1205908.AKXW01000001_gene3210	3.82e-149	420.0	COG0850@1|root,COG0850@2|Bacteria,1RHVN@1224|Proteobacteria,1S6K8@1236|Gammaproteobacteria,1Y304@135623|Vibrionales	Cell division inhibitor that blocks the formation of polar Z ring septums. Rapidly oscillates between the poles of the cell to destabilize FtsZ filaments that have formed before they mature into polar Z rings. Prevents FtsZ polymerization	minC	-	ko:K03610	-	ko00000,ko03036,ko04812	MinC_C,MinC_N
3225	GEA49510.1	1219080.VEZ01S_55_00200	1.69e-51	163.0	COG3100@1|root,COG3100@2|Bacteria,1N83J@1224|Proteobacteria,1SCCD@1236|Gammaproteobacteria,1XYIW@135623|Vibrionales	YcgL domain-containing protein	ycgL	-	ko:K09902	-	ko00000	YcgL
3225	GEA49511.1	1205908.AKXW01000001_gene3208	3.07e-218	604.0	COG2951@1|root,COG2951@2|Bacteria,1MUZ3@1224|Proteobacteria,1RMQ6@1236|Gammaproteobacteria,1XTUP@135623|Vibrionales	Membrane-bound lytic murein transglycosylase B	mltB	-	ko:K08305	-	ko00000,ko01000,ko01011	SLT_2
3225	GEA49512.1	1205908.AKXW01000139_gene1834	2.03e-201	558.0	COG0190@1|root,COG0190@2|Bacteria,1MWU4@1224|Proteobacteria,1RNSW@1236|Gammaproteobacteria,1XTV0@135623|Vibrionales	Catalyzes the oxidation of 5,10- methylenetetrahydrofolate to 5,10-methenyltetrahydrofolate and then the hydrolysis of 5,10-methenyltetrahydrofolate to 10- formyltetrahydrofolate	folD	GO:0003674,GO:0003824,GO:0004477,GO:0004486,GO:0004488,GO:0005575,GO:0005622,GO:0005623,GO:0005737,GO:0005829,GO:0006082,GO:0006575,GO:0006725,GO:0006730,GO:0006732,GO:0006760,GO:0006807,GO:0008150,GO:0008152,GO:0009987,GO:0016491,GO:0016645,GO:0016646,GO:0016787,GO:0016810,GO:0016814,GO:0019238,GO:0019752,GO:0034641,GO:0042558,GO:0043436,GO:0043603,GO:0044237,GO:0044281,GO:0044424,GO:0044444,GO:0044464,GO:0046483,GO:0051186,GO:0055114,GO:0071704,GO:1901360,GO:1901564	ko:K01491	ko00670,ko00720,ko01100,ko01120,ko01200,map00670,map00720,map01100,map01120,map01200	ko00000,ko00001,ko00002,ko01000	THF_DHG_CYH,THF_DHG_CYH_C
3225	GEA49513.1	237609.PSAKL28_20340	1.24e-51	169.0	COG1522@1|root,COG1522@2|Bacteria,1RHI9@1224|Proteobacteria,1S9R5@1236|Gammaproteobacteria	AsnC family	-	-	-	-	-	AsnC_trans_reg,HTH_24,HTH_AsnC-type
3225	GEA49514.1	617140.AJZE01000077_gene1334	8.02e-92	298.0	COG0477@1|root,COG0477@2|Bacteria,1R7I3@1224|Proteobacteria,1SBGH@1236|Gammaproteobacteria,1Y00Z@135623|Vibrionales	Major Facilitator Superfamily	-	-	-	-	-	MFS_1
3225	GEA49515.1	617140.AJZE01000077_gene1331	4.41e-69	221.0	2ENZZ@1|root,33GKT@2|Bacteria,1NPY6@1224|Proteobacteria,1SJFH@1236|Gammaproteobacteria,1XYIA@135623|Vibrionales	-	-	-	-	-	-	-
3225	GEA49516.1	107636.JQNK01000009_gene3091	8.11e-49	174.0	COG3049@1|root,COG3049@2|Bacteria,1MWPQ@1224|Proteobacteria,2TTPI@28211|Alphaproteobacteria,36YUP@31993|Methylocystaceae	Linear amide C-N hydrolases, choloylglycine hydrolase family	-	-	ko:K01442	ko00120,ko00121,ko01100,map00120,map00121,map01100	ko00000,ko00001,ko01000	CBAH
3225	GEA49517.1	675816.VIA_003521	6.96e-36	138.0	COG0583@1|root,COG0583@2|Bacteria,1QM1I@1224|Proteobacteria,1TJ8H@1236|Gammaproteobacteria,1Y0T6@135623|Vibrionales	Bacterial regulatory helix-turn-helix protein, lysR family	-	-	-	-	-	HTH_1,LysR_substrate
3225	GEA49518.1	637905.SVI_1871	2.1e-168	495.0	COG0477@1|root,COG0477@2|Bacteria,1R7I3@1224|Proteobacteria,1SBGH@1236|Gammaproteobacteria,2QCUH@267890|Shewanellaceae	Major Facilitator Superfamily	-	-	-	-	-	MFS_1
3225	GEA49519.1	1205908.AKXW01000139_gene1835	5.48e-82	249.0	COG2340@1|root,COG2340@2|Bacteria,1MZ84@1224|Proteobacteria,1S99N@1236|Gammaproteobacteria,1XXX2@135623|Vibrionales	Cysteine-rich secretory protein family	-	-	-	-	-	CAP
3225	GEA49520.1	1205908.AKXW01000139_gene1836	0.0	1988.0	COG1472@1|root,COG1472@2|Bacteria,1MVIV@1224|Proteobacteria,1RMA0@1236|Gammaproteobacteria,1XWBK@135623|Vibrionales	Glycosyl hydrolase family 3 C-terminal domain	-	-	ko:K05349	ko00460,ko00500,ko00940,ko01100,ko01110,map00460,map00500,map00940,map01100,map01110	ko00000,ko00001,ko01000	Glyco_hydro_3,Glyco_hydro_3_C
3225	GEA49521.1	1219072.VHA01S_004_00440	5.6e-243	677.0	COG1538@1|root,COG1538@2|Bacteria,1MWCJ@1224|Proteobacteria,1RQQV@1236|Gammaproteobacteria,1Y057@135623|Vibrionales	Outer membrane efflux protein	-	-	-	-	-	OEP
3225	GEA49522.1	1219080.VEZ01S_06_00130	9.96e-159	447.0	COG1262@1|root,COG1262@2|Bacteria,1Q227@1224|Proteobacteria,1RQEK@1236|Gammaproteobacteria,1Y00G@135623|Vibrionales	SapC	-	-	-	-	-	SapC
3225	GEA49523.1	1219072.VHA01S_004_00460	0.0	9777.0	COG2931@1|root,COG3210@1|root,COG2931@2|Bacteria,COG3210@2|Bacteria,1MU7T@1224|Proteobacteria,1T35U@1236|Gammaproteobacteria,1Y2HG@135623|Vibrionales	Parallel beta-helix repeats	-	-	-	-	-	-
3225	GEA49524.1	1219072.VHA01S_004_00490	8.42e-285	796.0	COG0845@1|root,COG0845@2|Bacteria,1N97Q@1224|Proteobacteria,1TI25@1236|Gammaproteobacteria,1XY79@135623|Vibrionales	Biotin-lipoyl like	-	-	-	-	-	Biotin_lipoyl_2,GAF,HlyD_3
3225	GEA49525.1	1219072.VHA01S_004_00500	0.0	1023.0	COG1994@1|root,COG1994@2|Bacteria,1MW9I@1224|Proteobacteria,1RRTY@1236|Gammaproteobacteria,1XW35@135623|Vibrionales	Peptidase family M50	-	-	-	-	-	HlyD_D23
3225	GEA49526.1	1219080.VEZ01S_07_00060	0.0	929.0	COG0653@1|root,COG0653@2|Bacteria,1MX0P@1224|Proteobacteria,1S0FZ@1236|Gammaproteobacteria,1Y05N@135623|Vibrionales	Part of the Sec protein translocase complex. Interacts with the SecYEG preprotein conducting channel. Has a central role in coupling the hydrolysis of ATP to the transfer of proteins into and across the cell membrane, serving both as a receptor for the preprotein-SecB complex and as an ATP-driven molecular motor driving the stepwise translocation of polypeptide chains across the membrane	-	-	-	-	-	SecA_DEAD,SecA_PP_bind
3225	GEA49527.1	1219080.VEZ01S_07_00070	1.77e-113	333.0	COG0845@1|root,COG0845@2|Bacteria,1RC4B@1224|Proteobacteria,1S54S@1236|Gammaproteobacteria,1XVME@135623|Vibrionales	Barrel-sandwich domain of CusB or HlyD membrane-fusion	-	-	-	-	-	HlyD_D23
3225	GEA49528.1	1205908.AKXW01000139_gene1838	1.27e-204	568.0	COG3129@1|root,COG3129@2|Bacteria,1MUI4@1224|Proteobacteria,1RMVA@1236|Gammaproteobacteria,1XTU3@135623|Vibrionales	Specifically methylates the adenine in position 1618 of 23S rRNA	rlmF	GO:0000154,GO:0001510,GO:0003674,GO:0003824,GO:0006139,GO:0006364,GO:0006396,GO:0006725,GO:0006807,GO:0008150,GO:0008152,GO:0008168,GO:0008170,GO:0008173,GO:0008649,GO:0008757,GO:0008988,GO:0009451,GO:0009987,GO:0010467,GO:0016070,GO:0016072,GO:0016433,GO:0016740,GO:0016741,GO:0022613,GO:0031167,GO:0032259,GO:0034470,GO:0034641,GO:0034660,GO:0042254,GO:0043170,GO:0043412,GO:0043414,GO:0044085,GO:0044237,GO:0044238,GO:0044260,GO:0046483,GO:0052907,GO:0070475,GO:0071704,GO:0071840,GO:0090304,GO:0140098,GO:0140102,GO:1901360	ko:K06970	-	ko00000,ko01000,ko03009	Methyltransf_10
3225	GEA49529.1	1205908.AKXW01000139_gene1839	3.86e-188	525.0	COG0697@1|root,COG0697@2|Bacteria,1R9B0@1224|Proteobacteria,1RZ6Q@1236|Gammaproteobacteria,1Y2CK@135623|Vibrionales	EamA-like transporter family	-	-	-	-	-	EamA
3225	GEA49530.1	1205908.AKXW01000139_gene1840	4.78e-111	320.0	COG1396@1|root,COG1917@1|root,COG1396@2|Bacteria,COG1917@2|Bacteria,1R4NU@1224|Proteobacteria,1RQG0@1236|Gammaproteobacteria,1XUWN@135623|Vibrionales	Helix-turn-helix XRE-family like proteins	-	-	-	-	-	Cupin_2,HTH_3
3225	GEA49531.1	1205908.AKXW01000139_gene1841	9.03e-248	684.0	COG3135@1|root,COG3135@2|Bacteria,1MUS1@1224|Proteobacteria,1RMD5@1236|Gammaproteobacteria,1XUP6@135623|Vibrionales	Benzoate membrane transport protein	-	-	ko:K05782	-	ko00000,ko02000	BenE
3225	GEA49532.1	1205908.AKXW01000139_gene1842	7.14e-101	293.0	2BVFD@1|root,32QUS@2|Bacteria,1RHF0@1224|Proteobacteria,1S48H@1236|Gammaproteobacteria,1XXR8@135623|Vibrionales	Electron transfer DM13	-	-	-	-	-	DM13
3225	GEA49533.1	1205908.AKXW01000139_gene1843	2.97e-166	470.0	2DBYQ@1|root,32TYF@2|Bacteria,1N2HM@1224|Proteobacteria,1S9Y4@1236|Gammaproteobacteria,1XTPH@135623|Vibrionales	-	-	-	-	-	-	-
3225	GEA49534.1	1205908.AKXW01000139_gene1844	2.65e-246	677.0	COG0667@1|root,COG0667@2|Bacteria,1MV2Y@1224|Proteobacteria,1RNXH@1236|Gammaproteobacteria,1XTZ8@135623|Vibrionales	oxidoreductases (related to aryl-alcohol dehydrogenases)	tas	-	-	-	-	Aldo_ket_red
3225	GEA49535.1	1205908.AKXW01000139_gene1845	5.23e-202	562.0	COG2374@1|root,COG2374@2|Bacteria,1PEFQ@1224|Proteobacteria,1RZZ9@1236|Gammaproteobacteria,1XU7K@135623|Vibrionales	Endonuclease/Exonuclease/phosphatase family	-	-	-	-	-	Exo_endo_phos
3225	GEA49536.1	1205908.AKXW01000139_gene1846	1.2e-160	454.0	COG2030@1|root,COG2030@2|Bacteria,1RAAG@1224|Proteobacteria,1S1Z8@1236|Gammaproteobacteria,1XYKV@135623|Vibrionales	MaoC like domain	-	-	-	-	-	MaoC_dehydratas
3225	GEA49537.1	1219072.VHA01S_004_00590	6.83e-157	441.0	COG0822@1|root,COG0822@2|Bacteria,1PMFW@1224|Proteobacteria,1RPYR@1236|Gammaproteobacteria,1XUC2@135623|Vibrionales	COG0822 NifU homolog involved in Fe-S cluster formation	BT0174	-	-	-	-	NifU_N
3225	GEA49538.1	1205908.AKXW01000139_gene1848	2.55e-227	627.0	2C4R5@1|root,2Z7JK@2|Bacteria,1Q10C@1224|Proteobacteria,1S0QI@1236|Gammaproteobacteria,1XSHF@135623|Vibrionales	GGGtGRT protein	BT0173	-	-	-	-	GGGtGRT
3225	GEA49539.1	1205908.AKXW01000139_gene1849	3.44e-132	375.0	COG1279@1|root,COG1279@2|Bacteria,1RD6B@1224|Proteobacteria,1RR03@1236|Gammaproteobacteria,1XUSK@135623|Vibrionales	COG1279 Lysine efflux permease	-	-	ko:K06895	-	ko00000,ko02000	LysE
3225	GEA49540.1	1205908.AKXW01000139_gene1850	2.68e-300	825.0	COG0534@1|root,COG0534@2|Bacteria,1MVRV@1224|Proteobacteria,1RRDQ@1236|Gammaproteobacteria,1XUPK@135623|Vibrionales	COG0534 Na -driven multidrug efflux pump	-	-	-	-	-	MatE
3225	GEA49541.1	1205908.AKXW01000139_gene1851	0.0	936.0	COG0659@1|root,COG0659@2|Bacteria,1MVWV@1224|Proteobacteria,1RMCN@1236|Gammaproteobacteria,1XSDS@135623|Vibrionales	COG0659 Sulfate permease and related transporters (MFS superfamily)	-	-	ko:K03321	-	ko00000,ko02000	STAS,Sulfate_transp
3225	GEA49543.1	1205908.AKXW01000139_gene1852	0.0	1425.0	COG1530@1|root,COG1530@2|Bacteria,1MV65@1224|Proteobacteria,1RMDS@1236|Gammaproteobacteria,1XTUQ@135623|Vibrionales	Endoribonuclease that plays a central role in RNA processing and decay. Required for the maturation of 5S and 16S rRNAs and the majority of tRNAs. Also involved in the degradation of most mRNAs	rne	-	ko:K08300	ko03018,map03018	ko00000,ko00001,ko00002,ko01000,ko03009,ko03019	RNase_E_G,S1
3225	GEA49544.1	1205908.AKXW01000139_gene1853	7.01e-217	599.0	COG0564@1|root,COG0564@2|Bacteria,1MVDX@1224|Proteobacteria,1RPAN@1236|Gammaproteobacteria,1XT4V@135623|Vibrionales	Responsible for synthesis of pseudouridine from uracil	rluC	GO:0000154,GO:0000455,GO:0001522,GO:0003674,GO:0003824,GO:0005575,GO:0005622,GO:0005623,GO:0005737,GO:0005829,GO:0006139,GO:0006364,GO:0006396,GO:0006725,GO:0006807,GO:0008150,GO:0008152,GO:0009451,GO:0009982,GO:0009987,GO:0010467,GO:0016070,GO:0016072,GO:0016853,GO:0016866,GO:0022613,GO:0031118,GO:0034470,GO:0034641,GO:0034660,GO:0042254,GO:0043170,GO:0043412,GO:0044085,GO:0044237,GO:0044238,GO:0044424,GO:0044444,GO:0044464,GO:0046483,GO:0071704,GO:0071840,GO:0090304,GO:1901360	ko:K06179	-	ko00000,ko01000,ko03009	PseudoU_synth_2,S4
3225	GEA49545.1	1205908.AKXW01000139_gene1854	1.44e-132	377.0	COG0424@1|root,COG0424@2|Bacteria,1RDA9@1224|Proteobacteria,1S3TQ@1236|Gammaproteobacteria,1XUK8@135623|Vibrionales	COG0424 Nucleotide-binding protein implicated in inhibition of septum formation	yceF	-	-	-	-	Maf
3225	GEA49546.1	1205908.AKXW01000139_gene1855	3.4e-120	343.0	COG1399@1|root,COG1399@2|Bacteria,1PGKW@1224|Proteobacteria,1RRK3@1236|Gammaproteobacteria,1XTCK@135623|Vibrionales	metal-binding, possibly nucleic acid-binding protein	yceD	-	ko:K07040	-	ko00000	DUF177
3225	GEA49547.1	1136163.M565_ctg1P0561	7.27e-31	108.0	COG0333@1|root,COG0333@2|Bacteria,1N6RF@1224|Proteobacteria,1SC9G@1236|Gammaproteobacteria,1XYWA@135623|Vibrionales	Belongs to the bacterial ribosomal protein bL32 family	rpmF	GO:0003674,GO:0003735,GO:0005198,GO:0005575,GO:0005622,GO:0005623,GO:0005737,GO:0005829,GO:0005840,GO:0006412,GO:0006518,GO:0006807,GO:0008150,GO:0008152,GO:0009058,GO:0009059,GO:0009987,GO:0010467,GO:0015934,GO:0019538,GO:0022625,GO:0022626,GO:0032991,GO:0034641,GO:0034645,GO:0043043,GO:0043170,GO:0043226,GO:0043228,GO:0043229,GO:0043232,GO:0043603,GO:0043604,GO:0044237,GO:0044238,GO:0044249,GO:0044260,GO:0044267,GO:0044271,GO:0044391,GO:0044422,GO:0044424,GO:0044444,GO:0044445,GO:0044446,GO:0044464,GO:0071704,GO:1901564,GO:1901566,GO:1901576,GO:1990904	ko:K02911	ko03010,map03010	br01610,ko00000,ko00001,ko00002,ko03011,ko03029	Ribosomal_L32p
3225	GEA49548.1	1205908.AKXW01000139_gene1857	3.71e-237	653.0	COG0416@1|root,COG0416@2|Bacteria,1MVM3@1224|Proteobacteria,1RM7R@1236|Gammaproteobacteria,1XU27@135623|Vibrionales	Catalyzes the reversible formation of acyl-phosphate (acyl-PO(4)) from acyl- acyl-carrier-protein (acyl-ACP). This enzyme utilizes acyl-ACP as fatty acyl donor, but not acyl-CoA	plsX	GO:0003674,GO:0003824,GO:0006629,GO:0008150,GO:0008152,GO:0008610,GO:0009058,GO:0044238,GO:0071704,GO:1901576	ko:K03621	ko00561,ko00564,ko01100,ko01110,map00561,map00564,map01100,map01110	ko00000,ko00001,ko00002,ko01000,ko01004	FA_synthesis
3225	GEA49549.1	1205908.AKXW01000139_gene1858	2.98e-219	605.0	COG0332@1|root,COG0332@2|Bacteria,1MU9N@1224|Proteobacteria,1RNIR@1236|Gammaproteobacteria,1XTK6@135623|Vibrionales	Catalyzes the condensation reaction of fatty acid synthesis by the addition to an acyl acceptor of two carbons from malonyl-ACP. Catalyzes the first condensation reaction which initiates fatty acid synthesis and may therefore play a role in governing the total rate of fatty acid production. Possesses both acetoacetyl-ACP synthase and acetyl transacylase activities. Its substrate specificity determines the biosynthesis of branched- chain and or straight-chain of fatty acids	fabH	GO:0003674,GO:0003824,GO:0004312,GO:0004315,GO:0006082,GO:0006629,GO:0006631,GO:0006633,GO:0008150,GO:0008152,GO:0008610,GO:0009058,GO:0009987,GO:0016053,GO:0016740,GO:0016746,GO:0016747,GO:0019752,GO:0032787,GO:0043436,GO:0044237,GO:0044238,GO:0044249,GO:0044255,GO:0044281,GO:0044283,GO:0046394,GO:0071704,GO:0072330,GO:1901576	ko:K00648	ko00061,ko01100,ko01212,map00061,map01100,map01212	ko00000,ko00001,ko00002,ko01000,ko01004	ACP_syn_III,ACP_syn_III_C
3225	GEA49550.1	1205908.AKXW01000139_gene1859	7.94e-199	553.0	COG0331@1|root,COG0331@2|Bacteria,1MV6N@1224|Proteobacteria,1RNH3@1236|Gammaproteobacteria,1XTJB@135623|Vibrionales	COG0331 (acyl-carrier-protein) S-malonyltransferase	fabD	-	ko:K00645	ko00061,ko00333,ko01100,ko01130,ko01212,map00061,map00333,map01100,map01130,map01212	ko00000,ko00001,ko00002,ko01000,ko01004	Acyl_transf_1
3225	GEA49551.1	1205908.AKXW01000139_gene1860	9.24e-162	454.0	COG1028@1|root,COG1028@2|Bacteria,1MU6X@1224|Proteobacteria,1RMBB@1236|Gammaproteobacteria,1XSFH@135623|Vibrionales	COG1028 Dehydrogenases with different specificities (related to short-chain alcohol dehydrogenases)	fabG	GO:0000166,GO:0003674,GO:0003824,GO:0004312,GO:0004316,GO:0005488,GO:0006082,GO:0006629,GO:0006631,GO:0006633,GO:0008150,GO:0008152,GO:0008610,GO:0009058,GO:0009987,GO:0016053,GO:0016491,GO:0016614,GO:0016616,GO:0016740,GO:0016746,GO:0016747,GO:0019752,GO:0030497,GO:0032787,GO:0036094,GO:0043436,GO:0044237,GO:0044238,GO:0044249,GO:0044255,GO:0044281,GO:0044283,GO:0046394,GO:0048037,GO:0050661,GO:0050662,GO:0055114,GO:0071704,GO:0072330,GO:0097159,GO:1901265,GO:1901363,GO:1901576	ko:K00059	ko00061,ko00333,ko00780,ko01040,ko01100,ko01130,ko01212,map00061,map00333,map00780,map01040,map01100,map01130,map01212	ko00000,ko00001,ko00002,ko01000,ko01004	adh_short_C2
3225	GEA49552.1	1136163.M565_ctg1P0566	1.35e-42	139.0	COG0236@1|root,COG0236@2|Bacteria,1MZ4P@1224|Proteobacteria,1S8X4@1236|Gammaproteobacteria,1XYA4@135623|Vibrionales	Carrier of the growing fatty acid chain in fatty acid biosynthesis	acpP	GO:0000035,GO:0000036,GO:0003674,GO:0005488,GO:0005575,GO:0005622,GO:0005623,GO:0005737,GO:0005829,GO:0005975,GO:0006082,GO:0006629,GO:0006631,GO:0006633,GO:0006643,GO:0006644,GO:0006664,GO:0006793,GO:0006796,GO:0008150,GO:0008152,GO:0008610,GO:0008654,GO:0009058,GO:0009245,GO:0009247,GO:0009311,GO:0009312,GO:0009987,GO:0016051,GO:0016053,GO:0019637,GO:0019752,GO:0019842,GO:0031177,GO:0032787,GO:0033218,GO:0036094,GO:0043167,GO:0043168,GO:0043436,GO:0044237,GO:0044238,GO:0044249,GO:0044255,GO:0044281,GO:0044283,GO:0044424,GO:0044444,GO:0044464,GO:0044620,GO:0046394,GO:0046467,GO:0046493,GO:0048037,GO:0051192,GO:0071704,GO:0072330,GO:0072341,GO:0090407,GO:0140104,GO:1901135,GO:1901137,GO:1901269,GO:1901271,GO:1901576,GO:1903509	ko:K02078	-	ko00000,ko00001	PP-binding
3225	GEA49553.1	1205908.AKXW01000139_gene1862	1.59e-285	781.0	COG0304@1|root,COG0304@2|Bacteria,1MU1X@1224|Proteobacteria,1RMDE@1236|Gammaproteobacteria,1XSPH@135623|Vibrionales	Catalyzes the condensation reaction of fatty acid synthesis by the addition to an acyl acceptor of two carbons from malonyl-ACP	fabF	GO:0003674,GO:0003824,GO:0004312,GO:0004315,GO:0006082,GO:0006629,GO:0006631,GO:0006633,GO:0008150,GO:0008152,GO:0008610,GO:0009058,GO:0009987,GO:0016053,GO:0016740,GO:0016746,GO:0016747,GO:0019752,GO:0032787,GO:0043436,GO:0044237,GO:0044238,GO:0044249,GO:0044255,GO:0044281,GO:0044283,GO:0046394,GO:0071704,GO:0072330,GO:1901576	ko:K09458	ko00061,ko00780,ko01100,ko01212,map00061,map00780,map01100,map01212	ko00000,ko00001,ko00002,ko01000,ko01004	Ketoacyl-synt_C,ketoacyl-synt
3225	GEA49554.1	1205908.AKXW01000139_gene1863	2.51e-171	480.0	COG0115@1|root,COG0115@2|Bacteria,1MZAK@1224|Proteobacteria,1RPPG@1236|Gammaproteobacteria,1XSWU@135623|Vibrionales	COG0115 Branched-chain amino acid aminotransferase 4-amino-4-deoxychorismate lyase	pabC	GO:0003674,GO:0003824,GO:0006082,GO:0006575,GO:0006725,GO:0006732,GO:0006760,GO:0006807,GO:0008150,GO:0008152,GO:0008696,GO:0009987,GO:0016829,GO:0016830,GO:0016833,GO:0019752,GO:0034641,GO:0042558,GO:0043436,GO:0043603,GO:0044237,GO:0044281,GO:0046483,GO:0051186,GO:0071704,GO:1901360,GO:1901564	ko:K02619	ko00790,map00790	ko00000,ko00001,ko01000	Aminotran_4
3225	GEA49555.1	1205908.AKXW01000139_gene1864	1.63e-234	646.0	COG1559@1|root,COG1559@2|Bacteria,1MUQF@1224|Proteobacteria,1RMWD@1236|Gammaproteobacteria,1XTTP@135623|Vibrionales	Functions as a peptidoglycan terminase that cleaves nascent peptidoglycan strands endolytically to terminate their elongation	mltG	-	ko:K07082	-	ko00000	YceG
3225	GEA49556.1	1205908.AKXW01000139_gene1865	1.26e-131	375.0	COG0125@1|root,COG0125@2|Bacteria,1MV9C@1224|Proteobacteria,1S26C@1236|Gammaproteobacteria,1XTND@135623|Vibrionales	Phosphorylation of dTMP to form dTDP in both de novo and salvage pathways of dTTP synthesis	tmk	GO:0003674,GO:0003824,GO:0004798,GO:0005575,GO:0005622,GO:0005623,GO:0005737,GO:0006139,GO:0006220,GO:0006221,GO:0006227,GO:0006233,GO:0006235,GO:0006725,GO:0006753,GO:0006793,GO:0006796,GO:0006807,GO:0008150,GO:0008152,GO:0009041,GO:0009058,GO:0009117,GO:0009123,GO:0009132,GO:0009133,GO:0009138,GO:0009139,GO:0009141,GO:0009142,GO:0009147,GO:0009148,GO:0009165,GO:0009186,GO:0009189,GO:0009196,GO:0009197,GO:0009200,GO:0009202,GO:0009211,GO:0009212,GO:0009219,GO:0009221,GO:0009262,GO:0009263,GO:0009265,GO:0009394,GO:0009987,GO:0015949,GO:0016301,GO:0016310,GO:0016740,GO:0016772,GO:0016776,GO:0018130,GO:0019205,GO:0019438,GO:0019637,GO:0019692,GO:0034641,GO:0034654,GO:0044237,GO:0044238,GO:0044249,GO:0044271,GO:0044281,GO:0044424,GO:0044464,GO:0046072,GO:0046075,GO:0046077,GO:0046385,GO:0046483,GO:0046940,GO:0050145,GO:0055086,GO:0071704,GO:0072527,GO:0072528,GO:0090407,GO:1901135,GO:1901137,GO:1901293,GO:1901360,GO:1901362,GO:1901564,GO:1901566,GO:1901576	ko:K00943	ko00240,ko01100,map00240,map01100	ko00000,ko00001,ko00002,ko01000	Thymidylate_kin
3225	GEA49557.1	1205908.AKXW01000139_gene1866	4.54e-216	598.0	COG0470@1|root,COG0470@2|Bacteria,1MY1W@1224|Proteobacteria,1RNYA@1236|Gammaproteobacteria,1XU24@135623|Vibrionales	dna polymerase iii	holB	-	ko:K02341	ko00230,ko00240,ko01100,ko03030,ko03430,ko03440,map00230,map00240,map01100,map03030,map03430,map03440	ko00000,ko00001,ko00002,ko01000,ko03032,ko03400	DNA_pol3_delta2,DNApol3-delta_C
3225	GEA49558.1	1205908.AKXW01000139_gene1867	3.91e-169	474.0	COG0084@1|root,COG0084@2|Bacteria,1MUC0@1224|Proteobacteria,1RP6E@1236|Gammaproteobacteria,1XTHX@135623|Vibrionales	COG0084 Mg-dependent DNase	ycfH	-	ko:K03424	-	ko00000,ko01000	TatD_DNase
3225	GEA49559.1	1205908.AKXW01000139_gene1868	0.0	906.0	COG1263@1|root,COG1264@1|root,COG1263@2|Bacteria,COG1264@2|Bacteria,1MY1V@1224|Proteobacteria,1RMYZ@1236|Gammaproteobacteria,1XV6P@135623|Vibrionales	COG1263 Phosphotransferase system IIC components, glucose maltose N-acetylglucosamine-specific	ptsG	-	ko:K02778,ko:K02779	ko00010,ko00520,ko02060,ko05111,map00010,map00520,map02060,map05111	ko00000,ko00001,ko00002,ko01000,ko02000	PTS_EIIB,PTS_EIIC
3225	GEA49560.1	1205908.AKXW01000139_gene1869	1.58e-93	273.0	2E0KP@1|root,32W5Z@2|Bacteria,1N1JH@1224|Proteobacteria,1SA3K@1236|Gammaproteobacteria,1XY21@135623|Vibrionales	-	-	-	-	-	-	-
3225	GEA49561.1	1205908.AKXW01000139_gene1871	0.0	947.0	COG0733@1|root,COG0733@2|Bacteria,1MUZJ@1224|Proteobacteria,1RPCT@1236|Gammaproteobacteria,1XU8H@135623|Vibrionales	Belongs to the sodium neurotransmitter symporter (SNF) (TC 2.A.22) family	-	-	ko:K03308	-	ko00000	SNF
3225	GEA49562.1	1205908.AKXW01000139_gene1872	2.52e-128	365.0	COG3637@1|root,COG3637@2|Bacteria,1RICQ@1224|Proteobacteria,1S64I@1236|Gammaproteobacteria,1XWIN@135623|Vibrionales	Has lipid A 3-O-deacylase activity. Hydrolyzes the ester bond at the 3 position of lipid A, a bioactive component of lipopolysaccharide (LPS), thereby releasing the primary fatty acyl moiety	VP2042	-	-	-	-	OMP_b-brl,OmpA_membrane
3225	GEA49563.1	1205908.AKXW01000139_gene1873	1.74e-273	749.0	COG4667@1|root,COG4667@2|Bacteria,1NU6Q@1224|Proteobacteria,1SKPI@1236|Gammaproteobacteria,1XUVM@135623|Vibrionales	esterase of the alpha-beta hydrolase superfamily	-	-	-	-	-	Patatin
3225	GEA49564.1	1205908.AKXW01000139_gene1874	1.5e-277	760.0	COG1940@1|root,COG1940@2|Bacteria,1MX6M@1224|Proteobacteria,1RNZ1@1236|Gammaproteobacteria,1XTAB@135623|Vibrionales	COG1940 Transcriptional regulator sugar kinase	mlc	-	ko:K15545	-	ko00000,ko03000	ROK
3225	GEA49565.1	1205908.AKXW01000139_gene1875	2.08e-176	493.0	2AZSG@1|root,31S1S@2|Bacteria,1QJ9C@1224|Proteobacteria,1TH7Y@1236|Gammaproteobacteria,1XSAD@135623|Vibrionales	-	-	-	-	-	-	-
3225	GEA49566.1	1205908.AKXW01000139_gene1876	0.0	1330.0	COG0073@1|root,COG0143@1|root,COG0073@2|Bacteria,COG0143@2|Bacteria,1MUBY@1224|Proteobacteria,1RMYM@1236|Gammaproteobacteria,1XUTN@135623|Vibrionales	Is required not only for elongation of protein synthesis but also for the initiation of all mRNA translation through initiator tRNA(fMet) aminoacylation	metG	GO:0003674,GO:0003824,GO:0004812,GO:0004825,GO:0005575,GO:0005622,GO:0005623,GO:0005737,GO:0005829,GO:0006082,GO:0006139,GO:0006399,GO:0006412,GO:0006418,GO:0006431,GO:0006518,GO:0006520,GO:0006725,GO:0006807,GO:0008150,GO:0008152,GO:0009058,GO:0009059,GO:0009987,GO:0010467,GO:0016070,GO:0016874,GO:0016875,GO:0019538,GO:0019752,GO:0034641,GO:0034645,GO:0034660,GO:0043038,GO:0043039,GO:0043043,GO:0043170,GO:0043436,GO:0043603,GO:0043604,GO:0044237,GO:0044238,GO:0044249,GO:0044260,GO:0044267,GO:0044271,GO:0044281,GO:0044424,GO:0044444,GO:0044464,GO:0046483,GO:0071704,GO:0090304,GO:0140098,GO:0140101,GO:1901360,GO:1901564,GO:1901566,GO:1901576	ko:K01874	ko00450,ko00970,map00450,map00970	ko00000,ko00001,ko00002,ko01000,ko01007,ko03016	tRNA-synt_1g,tRNA_bind
3225	GEA49567.1	1205908.AKXW01000139_gene1877	8.25e-249	684.0	COG0489@1|root,COG0489@2|Bacteria,1MU7R@1224|Proteobacteria,1RMJF@1236|Gammaproteobacteria,1XT74@135623|Vibrionales	Binds and transfers iron-sulfur (Fe-S) clusters to target apoproteins. Can hydrolyze ATP	mrp	-	ko:K03593	-	ko00000,ko03029,ko03036	ParA
3225	GEA49568.1	1205908.AKXW01000139_gene1878	3.7e-148	417.0	COG0572@1|root,COG0572@2|Bacteria,1MWCH@1224|Proteobacteria,1RNZG@1236|Gammaproteobacteria,1XTHP@135623|Vibrionales	Cytidine monophosphokinase	udk	GO:0003674,GO:0003824,GO:0004849,GO:0005575,GO:0005622,GO:0005623,GO:0005737,GO:0005829,GO:0006139,GO:0006206,GO:0006213,GO:0006220,GO:0006221,GO:0006222,GO:0006725,GO:0006753,GO:0006793,GO:0006796,GO:0006807,GO:0008150,GO:0008152,GO:0008655,GO:0009058,GO:0009112,GO:0009116,GO:0009117,GO:0009119,GO:0009123,GO:0009124,GO:0009129,GO:0009130,GO:0009156,GO:0009161,GO:0009163,GO:0009165,GO:0009173,GO:0009174,GO:0009218,GO:0009220,GO:0009224,GO:0009259,GO:0009260,GO:0009987,GO:0015949,GO:0016301,GO:0016310,GO:0016740,GO:0016772,GO:0016773,GO:0018130,GO:0019205,GO:0019206,GO:0019438,GO:0019637,GO:0019693,GO:0034404,GO:0034641,GO:0034654,GO:0042455,GO:0043094,GO:0043097,GO:0043174,GO:0043771,GO:0044237,GO:0044238,GO:0044249,GO:0044271,GO:0044281,GO:0044283,GO:0044424,GO:0044444,GO:0044464,GO:0046035,GO:0046049,GO:0046131,GO:0046132,GO:0046134,GO:0046390,GO:0046483,GO:0055086,GO:0071704,GO:0072527,GO:0072528,GO:0090407,GO:1901135,GO:1901137,GO:1901293,GO:1901360,GO:1901362,GO:1901564,GO:1901566,GO:1901576,GO:1901657,GO:1901659	ko:K00876	ko00240,ko00983,ko01100,map00240,map00983,map01100	ko00000,ko00001,ko01000	PRK
3225	GEA49569.1	1205908.AKXW01000139_gene1879	0.0	1352.0	COG2982@1|root,COG2982@2|Bacteria,1NVUY@1224|Proteobacteria,1RPFM@1236|Gammaproteobacteria,1XSC9@135623|Vibrionales	protein involved in outer membrane biogenesis	asmA	-	ko:K07289	-	ko00000	AsmA
3225	GEA49570.1	1205908.AKXW01000139_gene1880	7.68e-140	397.0	COG1794@1|root,COG1794@2|Bacteria,1MV03@1224|Proteobacteria,1RMHT@1236|Gammaproteobacteria,1XSX2@135623|Vibrionales	Aspartate racemase	-	-	ko:K01779	ko00250,ko01054,map00250,map01054	ko00000,ko00001,ko01000	Asp_Glu_race
3225	GEA49571.1	1205908.AKXW01000139_gene1881	8.71e-126	359.0	COG2109@1|root,COG2109@2|Bacteria,1MUN6@1224|Proteobacteria,1RMH9@1236|Gammaproteobacteria,1XSJ7@135623|Vibrionales	Required for both de novo synthesis of the corrin ring for the assimilation of exogenous corrinoids. Participates in the adenosylation of a variety of incomplete and complete corrinoids	btuR	-	ko:K19221	ko00860,ko01100,map00860,map01100	ko00000,ko00001,ko00002,ko01000	Co_AT_N,CobA_CobO_BtuR
3225	GEA49572.1	1205908.AKXW01000139_gene1882	9.85e-88	259.0	COG0394@1|root,COG0394@2|Bacteria,1RH90@1224|Proteobacteria,1S5X6@1236|Gammaproteobacteria,1XXD3@135623|Vibrionales	Belongs to the low molecular weight phosphotyrosine protein phosphatase family	-	-	ko:K01104	-	ko00000,ko01000	LMWPc
3225	GEA49573.1	1205908.AKXW01000139_gene1883	2e-301	825.0	COG3069@1|root,COG3069@2|Bacteria,1MWBG@1224|Proteobacteria,1RQB2@1236|Gammaproteobacteria,1XTVS@135623|Vibrionales	C4-dicarboxylate transporter	dcuC	GO:0003674,GO:0005215,GO:0005310,GO:0005342,GO:0006810,GO:0006811,GO:0006820,GO:0006835,GO:0008150,GO:0008509,GO:0008514,GO:0015075,GO:0015318,GO:0015556,GO:0015711,GO:0015740,GO:0015849,GO:0022857,GO:0034220,GO:0046942,GO:0046943,GO:0051179,GO:0051234,GO:0055085,GO:0071702,GO:0098656,GO:1903825,GO:1905039	ko:K03326	-	ko00000,ko02000	DcuC
3225	GEA49574.1	1205908.AKXW01000139_gene1884	2.27e-250	689.0	COG0624@1|root,COG0624@2|Bacteria,1MUSU@1224|Proteobacteria,1RNIW@1236|Gammaproteobacteria,1XUGI@135623|Vibrionales	COG0624 Acetylornithine deacetylase Succinyl-diaminopimelate desuccinylase and related deacylases	-	-	ko:K01295	-	ko00000,ko01000,ko01002	M20_dimer,Peptidase_M20
3225	GEA49575.1	1205908.AKXW01000139_gene1885	2.9e-254	698.0	COG1902@1|root,COG1902@2|Bacteria,1MVIX@1224|Proteobacteria,1RMFI@1236|Gammaproteobacteria,1XSZS@135623|Vibrionales	COG1902 NADH flavin oxidoreductases, Old Yellow Enzyme family	-	-	ko:K10680	ko00633,ko01120,map00633,map01120	ko00000,ko00001,ko01000	Oxidored_FMN
3225	GEA49576.1	1205908.AKXW01000139_gene1886	9.06e-122	349.0	COG2095@1|root,COG2095@2|Bacteria,1N689@1224|Proteobacteria,1RPV0@1236|Gammaproteobacteria,1XTFJ@135623|Vibrionales	UPF0056 membrane protein	-	-	ko:K05595	-	ko00000,ko02000	MarC
3225	GEA49577.1	1205908.AKXW01000139_gene1887	1.29e-135	386.0	COG0625@1|root,COG0625@2|Bacteria,1MXJD@1224|Proteobacteria,1S6AG@1236|Gammaproteobacteria,1XSCS@135623|Vibrionales	glutathione S-transferase	-	-	ko:K00799	ko00480,ko00980,ko00982,ko00983,ko01524,ko05200,ko05204,ko05225,ko05418,map00480,map00980,map00982,map00983,map01524,map05200,map05204,map05225,map05418	ko00000,ko00001,ko01000,ko02000	GST_C,GST_C_2,GST_N_3
3225	GEA49578.1	298386.PBPRB1305	5.37e-74	221.0	2EYVM@1|root,33S2Q@2|Bacteria,1NQRG@1224|Proteobacteria,1SK3Y@1236|Gammaproteobacteria,1XXAV@135623|Vibrionales	-	-	-	-	-	-	-
3225	GEA49580.1	72019.SARC_07071T0	4.68e-115	346.0	2948S@1|root,2RB5S@2759|Eukaryota,3A0B5@33154|Opisthokonta	NAD/NADP octopine/nopaline dehydrogenase, alpha-helical domain	-	-	-	-	-	Octopine_DH
3225	GEA49581.1	1336233.JAEH01000004_gene1550	1.92e-203	597.0	COG0737@1|root,COG0737@2|Bacteria,1MU11@1224|Proteobacteria,1RMQV@1236|Gammaproteobacteria,2Q8VM@267890|Shewanellaceae	Belongs to the 5'-nucleotidase family	cpdB	GO:0003674,GO:0003824,GO:0004112,GO:0005575,GO:0005623,GO:0006139,GO:0006725,GO:0006753,GO:0006793,GO:0006796,GO:0006807,GO:0006950,GO:0006974,GO:0008081,GO:0008150,GO:0008152,GO:0008252,GO:0008254,GO:0008663,GO:0009056,GO:0009058,GO:0009117,GO:0009166,GO:0009987,GO:0016311,GO:0016787,GO:0016788,GO:0016791,GO:0018130,GO:0019438,GO:0019439,GO:0019637,GO:0030288,GO:0030313,GO:0031975,GO:0033554,GO:0034404,GO:0034641,GO:0034654,GO:0034655,GO:0042578,GO:0042597,GO:0044237,GO:0044238,GO:0044248,GO:0044249,GO:0044270,GO:0044271,GO:0044281,GO:0044283,GO:0044464,GO:0046434,GO:0046483,GO:0046700,GO:0050896,GO:0051716,GO:0055086,GO:0071704,GO:1901292,GO:1901360,GO:1901361,GO:1901362,GO:1901575,GO:1901576	ko:K01119	ko00230,ko00240,map00230,map00240	ko00000,ko00001,ko01000	5_nucleotid_C,Metallophos
3225	GEA49582.1	1205908.AKXW01000139_gene1900	1.43e-190	533.0	COG0583@1|root,COG0583@2|Bacteria,1MX24@1224|Proteobacteria,1RQP0@1236|Gammaproteobacteria,1XV0S@135623|Vibrionales	Transcriptional regulator	-	-	ko:K05798	-	ko00000,ko03000	HTH_1,LysR_substrate
3225	GEA49583.1	1205908.AKXW01000139_gene1901	1.27e-18	77.8	2AWYD@1|root,31NW4@2|Bacteria,1QKJP@1224|Proteobacteria,1TIPX@1236|Gammaproteobacteria,1XZFS@135623|Vibrionales	Flp/Fap pilin component	-	-	-	-	-	Flp_Fap
3225	GEA49584.1	1236542.BALM01000002_gene892	9.09e-09	53.9	COG3847@1|root,COG3847@2|Bacteria,1NAN3@1224|Proteobacteria,1SGJM@1236|Gammaproteobacteria,2QE96@267890|Shewanellaceae	Flp/Fap pilin component	flp1	-	ko:K02651	ko04112,map04112	ko00000,ko00001,ko02035,ko02044	Flp_Fap
3225	GEA49585.1	224911.27351750	1.34e-06	53.1	COG4960@1|root,COG4960@2|Bacteria,1RA1B@1224|Proteobacteria,2U5D9@28211|Alphaproteobacteria,3JYBJ@41294|Bradyrhizobiaceae	Type IV leader peptidase family	-	-	ko:K02278	-	ko00000,ko01000,ko02035,ko02044	Peptidase_A24
3225	GEA49586.1	1205908.AKXW01000139_gene1903	1.74e-176	495.0	COG3745@1|root,COG3745@2|Bacteria,1RM5E@1224|Proteobacteria,1S6ZS@1236|Gammaproteobacteria,1XWH6@135623|Vibrionales	Pilus assembly protein CpaB	-	-	ko:K02279	-	ko00000,ko02035,ko02044	RcpC
3225	GEA49587.1	1205908.AKXW01000139_gene1904	1.9e-260	720.0	COG4964@1|root,COG4964@2|Bacteria,1MV8G@1224|Proteobacteria,1RQ4U@1236|Gammaproteobacteria,1XSKK@135623|Vibrionales	Belongs to the GSP D family	-	-	ko:K02280	-	ko00000,ko02035,ko02044	BON,Secretin,T2SS-T3SS_pil_N
3225	GEA49588.1	1205908.AKXW01000139_gene1905	1.62e-90	266.0	2AW6F@1|root,31N1G@2|Bacteria,1QJT9@1224|Proteobacteria,1THUI@1236|Gammaproteobacteria,1XXKM@135623|Vibrionales	-	-	-	-	-	-	-
3225	GEA49589.1	1205908.AKXW01000139_gene1906	4.73e-285	781.0	COG0455@1|root,COG0455@2|Bacteria,1N0ZE@1224|Proteobacteria,1S0ZM@1236|Gammaproteobacteria,1Y287@135623|Vibrionales	CobQ/CobB/MinD/ParA nucleotide binding domain	-	-	ko:K02282	-	ko00000,ko02035,ko02044	CbiA
3225	GEA49590.1	1205908.AKXW01000139_gene1907	1.62e-295	808.0	COG4962@1|root,COG4962@2|Bacteria,1R7EN@1224|Proteobacteria,1RP9G@1236|Gammaproteobacteria,1XSF1@135623|Vibrionales	COG4962 Flp pilus assembly protein, ATPase CpaF	-	-	ko:K02283	-	ko00000,ko02035,ko02044	T2SSE
3225	GEA49591.1	1205908.AKXW01000139_gene1908	6.09e-201	558.0	COG4965@1|root,COG4965@2|Bacteria,1MUXK@1224|Proteobacteria,1RRB5@1236|Gammaproteobacteria,1XVNV@135623|Vibrionales	Flp pilus assembly protein	-	-	ko:K12510	-	ko00000,ko02044	T2SSF
3225	GEA49592.1	1205908.AKXW01000139_gene1909	1.21e-168	474.0	COG2064@1|root,COG2064@2|Bacteria,1MWAZ@1224|Proteobacteria,1S3GC@1236|Gammaproteobacteria,1XUTP@135623|Vibrionales	COG2064 Flp pilus assembly protein TadC	-	-	ko:K12511	-	ko00000,ko02044	T2SSF
3225	GEA49593.1	1205908.AKXW01000139_gene1910	1.69e-217	603.0	COG5010@1|root,COG5010@2|Bacteria,1R7CW@1224|Proteobacteria,1RR91@1236|Gammaproteobacteria,1XXZJ@135623|Vibrionales	COG5010 Flp pilus assembly protein TadD, contains TPR repeats	-	-	ko:K12512	-	ko00000,ko02044	AMIN,SPOR,TPR_16,TPR_19,TPR_8
3225	GEA49594.1	1205908.AKXW01000139_gene1911	2.57e-100	291.0	29XW3@1|root,30JNF@2|Bacteria,1PXJE@1224|Proteobacteria,1TM24@1236|Gammaproteobacteria,1XX2V@135623|Vibrionales	-	-	-	-	-	-	TadE
3225	GEA49595.1	1205908.AKXW01000139_gene1912	3.26e-113	326.0	2BUDU@1|root,32PPT@2|Bacteria,1RJ0W@1224|Proteobacteria,1S68Z@1236|Gammaproteobacteria,1XXDC@135623|Vibrionales	Putative tight adherence pilin protein F	-	-	ko:K12514	-	ko00000,ko02044	TadF
3225	GEA49596.1	1205908.AKXW01000139_gene1913	1.31e-266	740.0	COG2304@1|root,COG2304@2|Bacteria,1R6JY@1224|Proteobacteria,1S1WB@1236|Gammaproteobacteria,1XU5B@135623|Vibrionales	Pilus assembly protein TadG	-	-	ko:K12515	-	ko00000,ko02044	Tad
3225	GEA49597.1	1205908.AKXW01000139_gene1914	1.56e-118	342.0	COG2885@1|root,COG2885@2|Bacteria,1RJ05@1224|Proteobacteria,1SGVU@1236|Gammaproteobacteria,1XYAM@135623|Vibrionales	COG2885 Outer membrane protein and related peptidoglycan-associated (lipo)proteins	-	-	-	-	-	OmpA
3225	GEA49598.1	1205908.AKXW01000139_gene1915	1.55e-46	157.0	COG0583@1|root,COG0583@2|Bacteria,1MVGZ@1224|Proteobacteria,1RRFH@1236|Gammaproteobacteria,1XWES@135623|Vibrionales	Transcriptional regulator	-	-	-	-	-	HTH_1,LysR_substrate
3225	GEA49599.1	1205908.AKXW01000139_gene1915	8.95e-144	410.0	COG0583@1|root,COG0583@2|Bacteria,1MVGZ@1224|Proteobacteria,1RRFH@1236|Gammaproteobacteria,1XWES@135623|Vibrionales	Transcriptional regulator	-	-	-	-	-	HTH_1,LysR_substrate
3225	GEA49600.1	1205908.AKXW01000139_gene1916	3.84e-246	677.0	COG4775@1|root,COG4775@2|Bacteria,1RDM0@1224|Proteobacteria,1SK9K@1236|Gammaproteobacteria,1Y0CQ@135623|Vibrionales	Surface antigen	-	-	-	-	-	Bac_surface_Ag
3225	GEA49601.1	225849.swp_0597	1.75e-67	221.0	2F1HR@1|root,33UI8@2|Bacteria,1NUEY@1224|Proteobacteria,1SN9C@1236|Gammaproteobacteria,2QE41@267890|Shewanellaceae	-	-	-	-	-	-	-
3225	GEA49602.1	1205908.AKXW01000139_gene1918	4.6e-141	399.0	COG4133@1|root,COG4133@2|Bacteria,1MZPC@1224|Proteobacteria,1S3R2@1236|Gammaproteobacteria,1XTSS@135623|Vibrionales	once thought to export heme, this seems not to be the case, but its exact role is uncertain. Responsible for energy coupling to the transport system	ccmA	GO:0003674,GO:0005215,GO:0006810,GO:0008150,GO:0015232,GO:0015886,GO:0022857,GO:0051179,GO:0051181,GO:0051184,GO:0051234,GO:0055085,GO:0071702,GO:0071705,GO:1901678	ko:K02193	ko02010,map02010	ko00000,ko00001,ko00002,ko01000,ko02000	ABC_tran
3225	GEA49603.1	1205908.AKXW01000139_gene1919	2.64e-141	400.0	COG2386@1|root,COG2386@2|Bacteria,1NJB0@1224|Proteobacteria,1RRFJ@1236|Gammaproteobacteria,1XSZY@135623|Vibrionales	Required for the export of heme to the periplasm for the biogenesis of c-type cytochromes	ccmB	-	ko:K02194	ko02010,map02010	ko00000,ko00001,ko00002,ko02000	CcmB
3225	GEA49604.1	1205908.AKXW01000139_gene1920	8.74e-183	508.0	COG0755@1|root,COG0755@2|Bacteria,1MU61@1224|Proteobacteria,1RP3R@1236|Gammaproteobacteria,1XSSK@135623|Vibrionales	Required for the export of heme to the periplasm for the biogenesis of c-type cytochromes	ccmC	-	ko:K02195	ko02010,map02010	ko00000,ko00001,ko00002,ko02000	Cytochrom_C_asm
3225	GEA49605.1	1219072.VHA01S_004_01240	2.44e-32	113.0	COG3114@1|root,COG3114@2|Bacteria,1NGBM@1224|Proteobacteria,1SGGH@1236|Gammaproteobacteria,1XYX8@135623|Vibrionales	Required for the export of heme to the periplasm for the biogenesis of c-type cytochromes	ccmD	-	ko:K02196	ko02010,map02010	ko00000,ko00001,ko02000	CcmD
3225	GEA49606.1	1219072.VHA01S_004_01250	8.89e-101	293.0	COG2332@1|root,COG2332@2|Bacteria,1RHN5@1224|Proteobacteria,1S5VA@1236|Gammaproteobacteria,1XU2B@135623|Vibrionales	Heme chaperone required for the biogenesis of c-type cytochromes. Transiently binds heme delivered by CcmC and transfers the heme to apo-cytochromes in a process facilitated by CcmF and CcmH	ccmE	GO:0003674,GO:0003824,GO:0008150,GO:0009987,GO:0016043,GO:0017004,GO:0022607,GO:0034622,GO:0043933,GO:0044085,GO:0065003,GO:0071840	ko:K02197	-	ko00000	CcmE
3225	GEA49607.1	1205908.AKXW01000139_gene1923	0.0	1278.0	COG1138@1|root,COG1138@2|Bacteria,1MUQS@1224|Proteobacteria,1RMY5@1236|Gammaproteobacteria,1XTPD@135623|Vibrionales	Cytochrome c-type biogenesis protein ccmF	ccmF	-	ko:K02198	-	ko00000,ko02000	CcmF_C,Cytochrom_C_asm
3225	GEA49608.1	1205908.AKXW01000139_gene1924	1.89e-129	367.0	COG0526@1|root,COG0526@2|Bacteria,1RI3N@1224|Proteobacteria,1S5YV@1236|Gammaproteobacteria,1XUQ2@135623|Vibrionales	Thiol disulfide interchange protein	dsbE	GO:0003674,GO:0003756,GO:0003824,GO:0008150,GO:0009987,GO:0016043,GO:0016853,GO:0016860,GO:0016864,GO:0017004,GO:0022607,GO:0034622,GO:0043933,GO:0044085,GO:0065003,GO:0071840,GO:0140096	ko:K02199	-	ko00000,ko03110	Redoxin
3225	GEA49609.1	1205908.AKXW01000139_gene1925	1.33e-105	305.0	COG3088@1|root,COG3088@2|Bacteria,1MZZ5@1224|Proteobacteria,1S9DV@1236|Gammaproteobacteria,1XWZ0@135623|Vibrionales	subunit of a heme lyase	ccmH	-	ko:K02200	-	ko00000	CcmH
3225	GEA49610.1	1205908.AKXW01000139_gene1926	6e-269	739.0	COG4235@1|root,COG4235@2|Bacteria,1MY4J@1224|Proteobacteria,1RZEA@1236|Gammaproteobacteria,1XSCF@135623|Vibrionales	COG4235 Cytochrome c biogenesis factor	ccmI	-	-	-	-	TPR_19
3225	GEA49611.1	1205908.AKXW01000139_gene1927	2.9e-172	481.0	COG2853@1|root,COG2853@2|Bacteria,1MVX0@1224|Proteobacteria,1RNPS@1236|Gammaproteobacteria,1XV65@135623|Vibrionales	COG2853 Surface lipoprotein	vacJ	-	ko:K04754	-	ko00000	MlaA
3225	GEA49612.1	1205908.AKXW01000139_gene1928	0.0	1377.0	COG1409@1|root,COG1409@2|Bacteria,1NF6V@1224|Proteobacteria,1RQFZ@1236|Gammaproteobacteria,1XURG@135623|Vibrionales	Calcineurin-like phosphoesterase	-	-	-	-	-	Metallophos
3225	GEA49613.1	1205908.AKXW01000139_gene1929	2.59e-160	449.0	COG2818@1|root,COG2818@2|Bacteria,1R3WB@1224|Proteobacteria,1RSAH@1236|Gammaproteobacteria,1XSJ8@135623|Vibrionales	3-methyladenine DNA glycosylase	-	-	-	-	-	Adenine_glyco
3225	GEA49614.1	1205908.AKXW01000045_gene3568	7.94e-122	348.0	COG0558@1|root,COG0558@2|Bacteria,1RCZ7@1224|Proteobacteria,1S465@1236|Gammaproteobacteria,1XT7Y@135623|Vibrionales	Belongs to the CDP-alcohol phosphatidyltransferase class-I family	pgsA	-	ko:K00995	ko00564,ko01100,map00564,map01100	ko00000,ko00001,ko01000	CDP-OH_P_transf
3225	GEA49615.1	1205908.AKXW01000045_gene3569	0.0	1179.0	COG0322@1|root,COG0322@2|Bacteria,1MV38@1224|Proteobacteria,1RNGV@1236|Gammaproteobacteria,1XT19@135623|Vibrionales	The UvrABC repair system catalyzes the recognition and processing of DNA lesions. UvrC both incises the 5' and 3' sides of the lesion. The N-terminal half is responsible for the 3' incision and the C-terminal half is responsible for the 5' incision	uvrC	GO:0003674,GO:0003824,GO:0004518,GO:0004519,GO:0004520,GO:0004536,GO:0005575,GO:0005622,GO:0005623,GO:0006139,GO:0006259,GO:0006281,GO:0006725,GO:0006807,GO:0006950,GO:0006974,GO:0008150,GO:0008152,GO:0009380,GO:0009381,GO:0009987,GO:0016787,GO:0016788,GO:0032991,GO:0033554,GO:0034641,GO:0043170,GO:0044237,GO:0044238,GO:0044260,GO:0044424,GO:0044464,GO:0046483,GO:0050896,GO:0051716,GO:0071704,GO:0090304,GO:0090305,GO:0140097,GO:1901360,GO:1902494,GO:1905347,GO:1905348,GO:1990391	ko:K03703	ko03420,map03420	ko00000,ko00001,ko03400	GIY-YIG,HHH,HHH_5,UVR,UvrC_HhH_N
3225	GEA49616.1	1205908.AKXW01000045_gene3570	4.86e-149	419.0	COG2197@1|root,COG2197@2|Bacteria,1MWGM@1224|Proteobacteria,1RQ1J@1236|Gammaproteobacteria,1XUFX@135623|Vibrionales	COG2197 Response regulator containing a CheY-like receiver domain and an HTH DNA-binding domain	sirA	-	ko:K07689	ko02020,ko02025,ko02026,ko05111,map02020,map02025,map02026,map05111	ko00000,ko00001,ko00002,ko02022	GerE,Response_reg
3225	GEA49617.1	1205908.AKXW01000045_gene3571	0.0	1486.0	COG0417@1|root,COG0417@2|Bacteria,1MVY9@1224|Proteobacteria,1RMQ1@1236|Gammaproteobacteria,1XTIT@135623|Vibrionales	COG0417 DNA polymerase elongation subunit (family B)	polB	-	ko:K02336	-	ko00000,ko01000,ko03400	DNA_pol_B,DNA_pol_B_exo1
3225	GEA49618.1	1205908.AKXW01000045_gene3572	3.2e-70	211.0	COG3099@1|root,COG3099@2|Bacteria,1RE1F@1224|Proteobacteria,1S43E@1236|Gammaproteobacteria,1XY16@135623|Vibrionales	Belongs to the UPF0263 family	-	-	ko:K09901	-	ko00000	DUF440
3225	GEA49619.1	1219072.VHA01S_049_00070	1e-190	539.0	COG0477@1|root,COG2814@2|Bacteria,1R91P@1224|Proteobacteria,1RMVM@1236|Gammaproteobacteria,1XWI2@135623|Vibrionales	Sugar (and other) transporter	-	-	-	-	-	MFS_1
3225	GEA49620.1	1205908.AKXW01000045_gene3573	0.0	1899.0	COG0841@1|root,COG0841@2|Bacteria,1MU48@1224|Proteobacteria,1RMBN@1236|Gammaproteobacteria,1XSCN@135623|Vibrionales	Belongs to the resistance-nodulation-cell division (RND) (TC 2.A.6) family	-	-	-	-	-	ACR_tran
3225	GEA49621.1	1205908.AKXW01000045_gene3574	5.37e-221	614.0	COG0845@1|root,COG0845@2|Bacteria,1R4JA@1224|Proteobacteria,1RPS5@1236|Gammaproteobacteria,1XU26@135623|Vibrionales	Belongs to the membrane fusion protein (MFP) (TC 8.A.1) family	-	-	-	-	-	Biotin_lipoyl_2,HlyD_3
3225	GEA49622.1	1205908.AKXW01000045_gene3575	2.13e-209	581.0	COG0845@1|root,COG0845@2|Bacteria,1R4JA@1224|Proteobacteria,1RPS5@1236|Gammaproteobacteria,1XUBY@135623|Vibrionales	Belongs to the membrane fusion protein (MFP) (TC 8.A.1) family	-	-	-	-	-	Biotin_lipoyl_2,HlyD_3,HlyD_D23
3225	GEA49623.1	1205908.AKXW01000045_gene3576	3.6e-251	692.0	COG0500@1|root,COG0789@1|root,COG0500@2|Bacteria,COG0789@2|Bacteria,1QBDK@1224|Proteobacteria,1RR6U@1236|Gammaproteobacteria,1XUWK@135623|Vibrionales	transcriptional regulators	VV0135	-	-	-	-	MerR_1,Methyltransf_11,Methyltransf_25
3225	GEA49624.1	1136163.M565_ctg5P1402	7.62e-96	283.0	COG2755@1|root,COG2755@2|Bacteria,1REJS@1224|Proteobacteria,1SAWH@1236|Gammaproteobacteria,1XXJ2@135623|Vibrionales	GDSL-like Lipase/Acylhydrolase family	-	-	-	-	-	Lipase_GDSL_2
3225	GEA49625.1	1205908.AKXW01000045_gene3581	0.0	1037.0	COG1132@1|root,COG1132@2|Bacteria,1MUBM@1224|Proteobacteria,1RMUR@1236|Gammaproteobacteria,1XTXC@135623|Vibrionales	COG1132 ABC-type multidrug transport system, ATPase and permease components	-	-	ko:K06147	-	ko00000,ko02000	ABC_membrane,ABC_tran
3225	GEA49626.1	1205908.AKXW01000045_gene3582	7.52e-104	302.0	COG3038@1|root,COG3038@2|Bacteria,1MZ7X@1224|Proteobacteria,1S46K@1236|Gammaproteobacteria,1XWWR@135623|Vibrionales	Prokaryotic cytochrome b561	-	-	ko:K12262	-	ko00000	Ni_hydr_CYTB
3225	GEA49627.1	1205908.AKXW01000045_gene3583	1.62e-80	238.0	COG3085@1|root,COG3085@2|Bacteria,1N4FH@1224|Proteobacteria,1SC65@1236|Gammaproteobacteria,1XXA3@135623|Vibrionales	protein conserved in bacteria	-	-	ko:K09897	-	ko00000	DUF413
3225	GEA49628.1	207954.MED92_02606	5.16e-74	236.0	COG0583@1|root,COG0583@2|Bacteria,1R5CN@1224|Proteobacteria,1S1WV@1236|Gammaproteobacteria,1XN4I@135619|Oceanospirillales	transcriptional regulator	-	-	-	-	-	HTH_1,LysR_substrate
3225	GEA49629.1	742766.HMPREF9455_03345	5.68e-117	351.0	COG3386@1|root,COG3386@2|Bacteria,4NKQS@976|Bacteroidetes,2FQME@200643|Bacteroidia	SMP-30/Gluconolaconase/LRE-like region	-	-	-	-	-	SGL
3225	GEA49630.1	1205908.AKXW01000045_gene3584	1.71e-65	199.0	COG3323@1|root,COG3323@2|Bacteria,1PJP7@1224|Proteobacteria,1TAS2@1236|Gammaproteobacteria,1XY0E@135623|Vibrionales	Protein of unknown function (DUF1653)	-	-	-	-	-	-
3225	GEA49631.1	1205908.AKXW01000045_gene3585	5.27e-107	313.0	28PGF@1|root,2ZC78@2|Bacteria,1RBQ2@1224|Proteobacteria	YrhK-like protein	-	-	-	-	-	YrhK
3225	GEA49632.1	1205908.AKXW01000045_gene3587	8.95e-273	746.0	COG1398@1|root,COG1398@2|Bacteria,1N2MA@1224|Proteobacteria,1RM88@1236|Gammaproteobacteria,1XSEJ@135623|Vibrionales	desaturase	-	-	ko:K00507	ko01040,ko01212,ko03320,ko04152,ko04212,map01040,map01212,map03320,map04152,map04212	ko00000,ko00001,ko01000,ko01004	FA_desaturase
3225	GEA49633.1	1205908.AKXW01000045_gene3588	2.09e-221	612.0	COG1052@1|root,COG1052@2|Bacteria,1MVSS@1224|Proteobacteria,1RMWR@1236|Gammaproteobacteria,1XT4W@135623|Vibrionales	Belongs to the D-isomer specific 2-hydroxyacid dehydrogenase family	ldhA	-	ko:K03778	ko00620,ko01120,map00620,map01120	ko00000,ko00001,ko01000	2-Hacid_dh,2-Hacid_dh_C
3225	GEA49634.1	1205908.AKXW01000045_gene3589	8.07e-144	410.0	COG0384@1|root,COG0384@2|Bacteria,1R9X4@1224|Proteobacteria,1RZ0R@1236|Gammaproteobacteria,1XTKE@135623|Vibrionales	epimerase, PhzC PhzF homolog	-	-	-	-	-	PhzC-PhzF
3225	GEA49635.1	1205908.AKXW01000045_gene3590	2.59e-98	290.0	2AVPP@1|root,31MGV@2|Bacteria,1QJCB@1224|Proteobacteria,1THBE@1236|Gammaproteobacteria,1XT3Y@135623|Vibrionales	-	-	-	-	-	-	-
3225	GEA49636.1	1205908.AKXW01000045_gene3591	7.51e-38	127.0	2AWNK@1|root,31NJD@2|Bacteria,1QKA3@1224|Proteobacteria,1TIDM@1236|Gammaproteobacteria,1XYXV@135623|Vibrionales	-	-	-	-	-	-	-
3225	GEA49637.1	1205908.AKXW01000045_gene3592	1.02e-50	160.0	COG2841@1|root,COG2841@2|Bacteria,1ND3C@1224|Proteobacteria,1SF0B@1236|Gammaproteobacteria,1XYMM@135623|Vibrionales	Protein of unknown function (DUF465)	-	-	ko:K09794	-	ko00000	DUF465
3225	GEA49638.1	1205908.AKXW01000045_gene3593	3.9e-132	377.0	COG0431@1|root,COG0431@2|Bacteria,1MXQ8@1224|Proteobacteria,1RNWW@1236|Gammaproteobacteria,1XUUT@135623|Vibrionales	NADPH-dependent FMN reductase	-	-	-	-	-	FMN_red
3225	GEA49640.1	1205908.AKXW01000045_gene3596	5.14e-68	206.0	COG0526@1|root,COG0526@2|Bacteria,1MZ6D@1224|Proteobacteria,1SBGZ@1236|Gammaproteobacteria,1XYMG@135623|Vibrionales	Thioredoxin	-	-	ko:K03671	ko04621,ko05418,map04621,map05418	ko00000,ko00001,ko03110	Thioredoxin
3225	GEA49641.1	1205908.AKXW01000045_gene3597	8.71e-202	560.0	COG1187@1|root,COG1187@2|Bacteria,1MUCE@1224|Proteobacteria,1RQU0@1236|Gammaproteobacteria,1XUG0@135623|Vibrionales	Belongs to the pseudouridine synthase RsuA family	rluB	GO:0000154,GO:0000455,GO:0001522,GO:0003674,GO:0003824,GO:0005575,GO:0005622,GO:0005623,GO:0005737,GO:0005829,GO:0006139,GO:0006364,GO:0006396,GO:0006725,GO:0006807,GO:0008150,GO:0008152,GO:0009451,GO:0009982,GO:0009987,GO:0010467,GO:0016070,GO:0016072,GO:0016853,GO:0016866,GO:0022613,GO:0031118,GO:0034470,GO:0034641,GO:0034660,GO:0042254,GO:0043170,GO:0043412,GO:0044085,GO:0044237,GO:0044238,GO:0044424,GO:0044444,GO:0044464,GO:0046483,GO:0071704,GO:0071840,GO:0090304,GO:1901360	ko:K06178	-	ko00000,ko01000,ko03009	PseudoU_synth_2,S4
3225	GEA49642.1	1205908.AKXW01000045_gene3598	1.25e-145	410.0	COG0009@1|root,COG0009@2|Bacteria,1MVPM@1224|Proteobacteria,1RNU8@1236|Gammaproteobacteria,1XTRN@135623|Vibrionales	Belongs to the SUA5 family	yciO	-	-	-	-	Sua5_yciO_yrdC
3225	GEA49643.1	1205908.AKXW01000045_gene3599	3.85e-200	555.0	COG0613@1|root,COG0613@2|Bacteria,1MWIH@1224|Proteobacteria,1RNCG@1236|Gammaproteobacteria,1XSAZ@135623|Vibrionales	metal-dependent phosphoesterases (PHP family)	trpH	-	ko:K07053	-	ko00000,ko01000	PHP
3225	GEA49644.1	1205908.AKXW01000045_gene3600	0.0	1004.0	COG0147@1|root,COG0147@2|Bacteria,1MVBJ@1224|Proteobacteria,1RMSE@1236|Gammaproteobacteria,1XSGC@135623|Vibrionales	COG0147 Anthranilate para-aminobenzoate synthases component I	trpE	GO:0000162,GO:0003674,GO:0003824,GO:0004049,GO:0005575,GO:0005622,GO:0005623,GO:0005737,GO:0005950,GO:0006082,GO:0006520,GO:0006568,GO:0006576,GO:0006586,GO:0006725,GO:0006807,GO:0008150,GO:0008152,GO:0008652,GO:0009058,GO:0009072,GO:0009073,GO:0009308,GO:0009309,GO:0009987,GO:0016053,GO:0016829,GO:0016830,GO:0016833,GO:0018130,GO:0019438,GO:0019752,GO:0032991,GO:0034641,GO:0042401,GO:0042430,GO:0042435,GO:0043436,GO:0044106,GO:0044237,GO:0044238,GO:0044249,GO:0044271,GO:0044281,GO:0044283,GO:0044424,GO:0044444,GO:0044464,GO:0046219,GO:0046394,GO:0046483,GO:0071704,GO:1901360,GO:1901362,GO:1901564,GO:1901566,GO:1901576,GO:1901605,GO:1901607,GO:1902494	ko:K01657	ko00400,ko00405,ko01100,ko01110,ko01130,ko01230,ko02024,ko02025,map00400,map00405,map01100,map01110,map01130,map01230,map02024,map02025	ko00000,ko00001,ko00002,ko01000	Anth_synt_I_N,Chorismate_bind
3225	GEA49645.1	1205908.AKXW01000045_gene3601	1.3e-137	389.0	COG0512@1|root,COG0512@2|Bacteria,1RAKJ@1224|Proteobacteria,1RREB@1236|Gammaproteobacteria,1XTCZ@135623|Vibrionales	COG0512 Anthranilate para-aminobenzoate synthases component II	trpG	GO:0000162,GO:0003674,GO:0003824,GO:0004049,GO:0005575,GO:0005622,GO:0005623,GO:0005737,GO:0005950,GO:0006082,GO:0006520,GO:0006568,GO:0006576,GO:0006586,GO:0006725,GO:0006807,GO:0008150,GO:0008152,GO:0008652,GO:0009058,GO:0009072,GO:0009073,GO:0009308,GO:0009309,GO:0009987,GO:0016053,GO:0016829,GO:0016830,GO:0016833,GO:0018130,GO:0019438,GO:0019752,GO:0032991,GO:0034641,GO:0042401,GO:0042430,GO:0042435,GO:0043436,GO:0044106,GO:0044237,GO:0044238,GO:0044249,GO:0044271,GO:0044281,GO:0044283,GO:0044424,GO:0044444,GO:0044464,GO:0046219,GO:0046394,GO:0046483,GO:0071704,GO:1901360,GO:1901362,GO:1901564,GO:1901566,GO:1901576,GO:1901605,GO:1901607,GO:1902494	ko:K01658	ko00400,ko00405,ko01100,ko01110,ko01130,ko01230,ko02024,ko02025,map00400,map00405,map01100,map01110,map01130,map01230,map02024,map02025	ko00000,ko00001,ko00002,ko01000	GATase
3225	GEA49646.1	1205908.AKXW01000045_gene3602	2.76e-223	617.0	COG0547@1|root,COG0547@2|Bacteria,1MUPV@1224|Proteobacteria,1RNXV@1236|Gammaproteobacteria,1XT64@135623|Vibrionales	Catalyzes the transfer of the phosphoribosyl group of 5- phosphorylribose-1-pyrophosphate (PRPP) to anthranilate to yield N-(5'-phosphoribosyl)-anthranilate (PRA)	trpD	GO:0000162,GO:0003674,GO:0003824,GO:0004048,GO:0006082,GO:0006520,GO:0006568,GO:0006576,GO:0006586,GO:0006725,GO:0006807,GO:0008150,GO:0008152,GO:0008652,GO:0009058,GO:0009072,GO:0009073,GO:0009308,GO:0009309,GO:0009987,GO:0016053,GO:0016740,GO:0016757,GO:0016763,GO:0018130,GO:0019438,GO:0019752,GO:0034641,GO:0042401,GO:0042430,GO:0042435,GO:0043436,GO:0044106,GO:0044237,GO:0044238,GO:0044249,GO:0044271,GO:0044281,GO:0044283,GO:0046219,GO:0046394,GO:0046483,GO:0071704,GO:1901360,GO:1901362,GO:1901564,GO:1901566,GO:1901576,GO:1901605,GO:1901607	ko:K00766	ko00400,ko01100,ko01110,ko01130,ko01230,map00400,map01100,map01110,map01130,map01230	ko00000,ko00001,ko00002,ko01000	Glycos_trans_3N,Glycos_transf_3
3225	GEA49647.1	1205908.AKXW01000045_gene3603	4.49e-316	863.0	COG0134@1|root,COG0135@1|root,COG0134@2|Bacteria,COG0135@2|Bacteria,1MW5K@1224|Proteobacteria,1RNYH@1236|Gammaproteobacteria,1XSS7@135623|Vibrionales	Belongs to the TrpC family	trpC	GO:0000162,GO:0003674,GO:0003824,GO:0004425,GO:0004640,GO:0006082,GO:0006520,GO:0006568,GO:0006576,GO:0006586,GO:0006725,GO:0006807,GO:0008150,GO:0008152,GO:0008652,GO:0009058,GO:0009072,GO:0009073,GO:0009308,GO:0009309,GO:0009987,GO:0016053,GO:0016829,GO:0016830,GO:0016831,GO:0016853,GO:0016860,GO:0016861,GO:0018130,GO:0019438,GO:0019752,GO:0034641,GO:0042401,GO:0042430,GO:0042435,GO:0043436,GO:0044106,GO:0044237,GO:0044238,GO:0044249,GO:0044271,GO:0044281,GO:0044283,GO:0046219,GO:0046394,GO:0046483,GO:0071704,GO:1901360,GO:1901362,GO:1901564,GO:1901566,GO:1901576,GO:1901605,GO:1901607	ko:K13498	ko00400,ko01100,ko01110,ko01130,ko01230,map00400,map01100,map01110,map01130,map01230	ko00000,ko00001,ko00002,ko01000	IGPS,PRAI
3225	GEA49648.1	1205908.AKXW01000045_gene3604	6.72e-286	781.0	COG0133@1|root,COG0133@2|Bacteria,1MUS8@1224|Proteobacteria,1RP4D@1236|Gammaproteobacteria,1XT49@135623|Vibrionales	The beta subunit is responsible for the synthesis of L- tryptophan from indole and L-serine	trpB	GO:0000162,GO:0003674,GO:0003824,GO:0004834,GO:0005575,GO:0005622,GO:0005623,GO:0005737,GO:0006082,GO:0006520,GO:0006568,GO:0006576,GO:0006586,GO:0006725,GO:0006807,GO:0008150,GO:0008152,GO:0008652,GO:0009058,GO:0009072,GO:0009073,GO:0009308,GO:0009309,GO:0009987,GO:0016053,GO:0016829,GO:0016835,GO:0016836,GO:0018130,GO:0019438,GO:0019752,GO:0034641,GO:0042401,GO:0042430,GO:0042435,GO:0043436,GO:0044106,GO:0044237,GO:0044238,GO:0044249,GO:0044271,GO:0044281,GO:0044283,GO:0044424,GO:0044464,GO:0046219,GO:0046394,GO:0046483,GO:0071704,GO:1901360,GO:1901362,GO:1901564,GO:1901566,GO:1901576,GO:1901605,GO:1901607	ko:K01696	ko00260,ko00400,ko01100,ko01110,ko01130,ko01230,map00260,map00400,map01100,map01110,map01130,map01230	ko00000,ko00001,ko00002,ko01000	PALP
3225	GEA49649.1	1205908.AKXW01000045_gene3605	6.84e-185	514.0	COG0159@1|root,COG0159@2|Bacteria,1MXJV@1224|Proteobacteria,1RMGN@1236|Gammaproteobacteria,1XTDE@135623|Vibrionales	The alpha subunit is responsible for the aldol cleavage of indoleglycerol phosphate to indole and glyceraldehyde 3- phosphate	trpA	GO:0000162,GO:0003674,GO:0003824,GO:0004834,GO:0006082,GO:0006520,GO:0006568,GO:0006576,GO:0006586,GO:0006725,GO:0006807,GO:0008150,GO:0008152,GO:0008652,GO:0009058,GO:0009072,GO:0009073,GO:0009308,GO:0009309,GO:0009987,GO:0016053,GO:0016829,GO:0016835,GO:0016836,GO:0018130,GO:0019438,GO:0019752,GO:0034641,GO:0042401,GO:0042430,GO:0042435,GO:0043436,GO:0044106,GO:0044237,GO:0044238,GO:0044249,GO:0044271,GO:0044281,GO:0044283,GO:0046219,GO:0046394,GO:0046483,GO:0071704,GO:1901360,GO:1901362,GO:1901564,GO:1901566,GO:1901576,GO:1901605,GO:1901607	ko:K01695	ko00260,ko00400,ko01100,ko01110,ko01130,ko01230,map00260,map00400,map01100,map01110,map01130,map01230	ko00000,ko00001,ko00002,ko01000	Trp_syntA
3225	GEA49650.1	1205908.AKXW01000045_gene3606	1.93e-270	743.0	COG1301@1|root,COG1301@2|Bacteria,1MU0Q@1224|Proteobacteria,1RMEN@1236|Gammaproteobacteria,1XTN6@135623|Vibrionales	Belongs to the dicarboxylate amino acid cation symporter (DAACS) (TC 2.A.23) family	gltP	-	-	-	-	SDF
3225	GEA49651.1	1205908.AKXW01000045_gene3607	2.02e-161	455.0	COG1028@1|root,COG1028@2|Bacteria,1P9R4@1224|Proteobacteria,1RYF6@1236|Gammaproteobacteria,1XT36@135623|Vibrionales	KR domain	-	-	-	-	-	adh_short
3225	GEA49652.1	1136163.M565_ctg1P1345	1.15e-08	59.3	28NG2@1|root,31PES@2|Bacteria,1QM4G@1224|Proteobacteria,1TJCC@1236|Gammaproteobacteria,1Y103@135623|Vibrionales	-	-	-	-	-	-	-
3225	GEA49653.1	1205908.AKXW01000045_gene3609	1.16e-47	152.0	COG2841@1|root,COG2841@2|Bacteria,1NDHE@1224|Proteobacteria,1SDIQ@1236|Gammaproteobacteria,1XZ2Y@135623|Vibrionales	protein conserved in bacteria	VPA0402	-	ko:K09794	-	ko00000	DUF465
3225	GEA49654.1	1205908.AKXW01000045_gene3610	4.08e-129	369.0	COG3531@1|root,COG3531@2|Bacteria,1RIN9@1224|Proteobacteria,1RS8P@1236|Gammaproteobacteria,1XUUK@135623|Vibrionales	Protein-disulfide isomerase	VP2116	-	ko:K07396	-	ko00000	Thioredoxin_5
3225	GEA49655.1	1205908.AKXW01000045_gene3611	1.14e-218	607.0	COG0604@1|root,COG0604@2|Bacteria,1MX8A@1224|Proteobacteria,1RQ9K@1236|Gammaproteobacteria,1XVXA@135623|Vibrionales	Zinc-binding dehydrogenase	-	-	-	-	-	ADH_N,ADH_zinc_N
3225	GEA49656.1	1205908.AKXW01000045_gene3612	1.52e-89	265.0	COG1309@1|root,COG1309@2|Bacteria,1RBX6@1224|Proteobacteria,1S7PJ@1236|Gammaproteobacteria,1XU3Q@135623|Vibrionales	Bacterial regulatory proteins, tetR family	-	-	-	-	-	TetR_N
3225	GEA49657.1	1205908.AKXW01000045_gene3613	2.25e-100	293.0	COG2917@1|root,COG2917@2|Bacteria,1NWIZ@1224|Proteobacteria,1RQAB@1236|Gammaproteobacteria,1XT4H@135623|Vibrionales	probably involved in intracellular septation	ispZ	-	ko:K06190	-	ko00000	IspA
3225	GEA49658.1	1219080.VEZ01S_11_00420	5.26e-82	243.0	COG1607@1|root,COG1607@2|Bacteria,1MZAZ@1224|Proteobacteria,1SA9N@1236|Gammaproteobacteria,1XWWY@135623|Vibrionales	COG1607 Acyl-CoA hydrolase	yciA	-	ko:K10806	ko01040,map01040	ko00000,ko00001,ko01000,ko01004	4HBT
3225	GEA49659.1	1205908.AKXW01000045_gene3615	6.47e-64	195.0	COG2350@1|root,COG2350@2|Bacteria,1MZ9Z@1224|Proteobacteria,1S8UC@1236|Gammaproteobacteria,1XXWF@135623|Vibrionales	protein conserved in bacteria	yciI	-	ko:K09780	-	ko00000	YCII
3225	GEA49660.1	1205908.AKXW01000045_gene3616	4e-81	241.0	2B0AA@1|root,31SMA@2|Bacteria,1QJXS@1224|Proteobacteria,1THZX@1236|Gammaproteobacteria,1XY1G@135623|Vibrionales	Type II secretion system (T2SS) pilotin, S protein	-	-	-	-	-	T2SSS_2
3225	GEA49661.1	1205908.AKXW01000045_gene3617	3.99e-213	590.0	COG1092@1|root,COG1092@2|Bacteria,1PUHQ@1224|Proteobacteria,1RN8N@1236|Gammaproteobacteria,1XTCF@135623|Vibrionales	Belongs to the methyltransferase superfamily	-	-	ko:K06969	-	ko00000,ko01000,ko03009	Methyltrans_SAM
3225	GEA49662.1	1205908.AKXW01000045_gene3618	2.77e-151	426.0	COG0564@1|root,COG0564@2|Bacteria,1RDAG@1224|Proteobacteria,1S406@1236|Gammaproteobacteria,1XVCV@135623|Vibrionales	COG0564 Pseudouridylate synthases, 23S RNA-specific	-	-	ko:K06177	-	ko00000,ko01000,ko03009,ko03016	PseudoU_synth_2
3225	GEA49663.1	1205908.AKXW01000045_gene3619	0.0	939.0	COG1502@1|root,COG1502@2|Bacteria,1MWUW@1224|Proteobacteria,1RPQG@1236|Gammaproteobacteria,1XTMF@135623|Vibrionales	Catalyzes the reversible phosphatidyl group transfer from one phosphatidylglycerol molecule to another to form cardiolipin (CL) (diphosphatidylglycerol) and glycerol	cls	-	ko:K06131	ko00564,ko01100,map00564,map01100	ko00000,ko00001,ko01000	PLDc_2,PLDc_N
3225	GEA49664.1	1205908.AKXW01000045_gene3620	3.26e-294	803.0	COG0626@1|root,COG0626@2|Bacteria,1MU9E@1224|Proteobacteria,1RQI0@1236|Gammaproteobacteria,1XSKH@135623|Vibrionales	COG0626 Cystathionine beta-lyases cystathionine gamma-synthases	metC	-	ko:K01760	ko00270,ko00450,ko01100,ko01110,ko01230,map00270,map00450,map01100,map01110,map01230	ko00000,ko00001,ko00002,ko01000	Cys_Met_Meta_PP
3225	GEA49665.1	1205908.AKXW01000045_gene3621	8.05e-108	311.0	COG0566@1|root,COG0566@2|Bacteria,1REIN@1224|Proteobacteria,1S48A@1236|Gammaproteobacteria,1XWMC@135623|Vibrionales	SpoU rRNA Methylase family	-	-	-	-	-	SpoU_methylase
3225	GEA49666.1	1205908.AKXW01000045_gene3622	1.38e-275	753.0	COG2850@1|root,COG2850@2|Bacteria,1MW30@1224|Proteobacteria,1RN2Q@1236|Gammaproteobacteria,1XU11@135623|Vibrionales	A domain family that is part of the cupin metalloenzyme superfamily.	ycfD	-	ko:K18850	-	ko00000,ko01000,ko03009	Cupin_4
3225	GEA49667.1	1205908.AKXW01000045_gene3623	1.69e-60	187.0	COG1359@1|root,COG1359@2|Bacteria,1NGPW@1224|Proteobacteria,1S8W7@1236|Gammaproteobacteria,1XYKU@135623|Vibrionales	Antibiotic biosynthesis monooxygenase	-	-	-	-	-	ABM
3225	GEA49668.1	1205908.AKXW01000045_gene3625	1.55e-67	207.0	2EF37@1|root,338WA@2|Bacteria,1P2WM@1224|Proteobacteria,1SRQX@1236|Gammaproteobacteria,1XXSX@135623|Vibrionales	Ribosome recycling factor	-	-	-	-	-	RRF_GI
3225	GEA49669.1	1205908.AKXW01000045_gene3626	1.58e-45	146.0	2C5D1@1|root,32YFH@2|Bacteria,1N97Z@1224|Proteobacteria,1SD06@1236|Gammaproteobacteria,1XZ2N@135623|Vibrionales	Tryptophan-rich protein (DUF2389)	VPA1560	-	-	-	-	DUF2389
3225	GEA49670.1	1205908.AKXW01000045_gene3627	9.82e-45	144.0	COG4628@1|root,COG4628@2|Bacteria,1N7DG@1224|Proteobacteria,1SCBE@1236|Gammaproteobacteria,1XYE5@135623|Vibrionales	DNA-binding protein VF530	-	GO:0003674,GO:0003676,GO:0003677,GO:0003690,GO:0005488,GO:0097159,GO:1901363	-	-	-	VF530
3225	GEA49671.1	1205908.AKXW01000045_gene3628	6.25e-112	322.0	2AZRF@1|root,31S0J@2|Bacteria,1QJG6@1224|Proteobacteria,1THFS@1236|Gammaproteobacteria,1XVGF@135623|Vibrionales	-	-	-	-	-	-	-
3225	GEA49672.1	1219080.VEZ01S_11_00270	2.48e-39	131.0	COG0724@1|root,COG0724@2|Bacteria,1N6VR@1224|Proteobacteria,1SCKA@1236|Gammaproteobacteria,1XZ1Z@135623|Vibrionales	RNA recognition motif	-	-	-	-	-	RRM_1
3225	GEA49673.1	1205908.AKXW01000045_gene3630	4.62e-218	608.0	COG0446@1|root,COG0446@2|Bacteria,1NR3M@1224|Proteobacteria,1RQ07@1236|Gammaproteobacteria,1XUJV@135623|Vibrionales	L-lysine 6-monooxygenase (NADPH-requiring)	norW	-	ko:K12265	ko05132,map05132	ko00000,ko00001,ko01000	Pyr_redox_2
3225	GEA49674.1	1205908.AKXW01000045_gene3631	0.0	992.0	COG0426@1|root,COG1773@1|root,COG0426@2|Bacteria,COG1773@2|Bacteria,1N731@1224|Proteobacteria,1SC8Q@1236|Gammaproteobacteria,1XVQQ@135623|Vibrionales	uses NADH to detoxify nitric oxide (NO), protecting several 4Fe-4S NO-sensitive enzymes. Has at least 2 reductase partners, only one of which (NorW, flavorubredoxin reductase) has been identified. NO probably binds to the di-iron center	norV	-	ko:K12264	ko05132,map05132	ko00000,ko00001	Flavodoxin_1,Lactamase_B,Rubredoxin
3225	GEA49675.1	1205908.AKXW01000045_gene3632	6.05e-155	437.0	COG1018@1|root,COG1018@2|Bacteria,1MW37@1224|Proteobacteria,1RR95@1236|Gammaproteobacteria,1XVIM@135623|Vibrionales	COG1018 Flavodoxin reductases (ferredoxin-NADPH reductases) family 1	fpr	-	ko:K00528	-	ko00000,ko01000	FAD_binding_6,NAD_binding_1
3225	GEA49676.1	1205908.AKXW01000045_gene3633	0.0	954.0	COG3604@1|root,COG3604@2|Bacteria,1QTT3@1224|Proteobacteria,1T1G7@1236|Gammaproteobacteria,1XSRB@135623|Vibrionales	COG3604 Transcriptional regulator containing GAF, AAA-type ATPase, and DNA binding domains	norR	-	ko:K12266	ko05132,map05132	ko00000,ko00001,ko03000	GAF,Sigma54_activat
3225	GEA49677.1	1219072.VHA01S_076_00060	2.71e-223	620.0	COG5361@1|root,COG5361@2|Bacteria,1NZZJ@1224|Proteobacteria,1RZ02@1236|Gammaproteobacteria	Protein of unknown function (DUF1254)	-	-	-	-	-	DUF1214,DUF1254
3225	GEA49679.1	1137799.GZ78_17890	1.17e-106	332.0	COG0642@1|root,COG2205@2|Bacteria,1MUAK@1224|Proteobacteria,1RPP2@1236|Gammaproteobacteria,1XJ2S@135619|Oceanospirillales	Histidine kinase	envZ	-	ko:K07638	ko02020,ko02026,map02020,map02026	ko00000,ko00001,ko00002,ko01000,ko01001,ko02022	HAMP,HATPase_c,HisKA
3225	GEA49680.1	305900.GV64_04975	8.48e-118	342.0	COG0745@1|root,COG0745@2|Bacteria,1MY3D@1224|Proteobacteria,1RPKN@1236|Gammaproteobacteria,1XJSE@135619|Oceanospirillales	COG0745 Response regulators consisting of a CheY-like receiver domain and a winged-helix DNA-binding domain	ompR	-	ko:K07659	ko02020,ko02026,map02020,map02026	ko00000,ko00001,ko00002,ko02022	Response_reg,Trans_reg_C
3225	GEA49681.1	177437.HRM2_00900	7.78e-310	894.0	COG0841@1|root,COG0841@2|Bacteria,1MU48@1224|Proteobacteria,42MF6@68525|delta/epsilon subdivisions,2WJN5@28221|Deltaproteobacteria,2MIEI@213118|Desulfobacterales	Belongs to the resistance-nodulation-cell division (RND) (TC 2.A.6) family	-	-	-	-	-	ACR_tran
3225	GEA49682.1	1027273.GZ77_19905	1.21e-61	211.0	COG0845@1|root,COG0845@2|Bacteria,1PEVY@1224|Proteobacteria,1RPEQ@1236|Gammaproteobacteria,1XK00@135619|Oceanospirillales	Belongs to the membrane fusion protein (MFP) (TC 8.A.1) family	-	-	-	-	-	Biotin_lipoyl_2,HlyD_3,HlyD_D23
3225	GEA49683.1	177439.DP2835	9.26e-72	241.0	COG1538@1|root,COG1538@2|Bacteria,1MUA8@1224|Proteobacteria,42MU2@68525|delta/epsilon subdivisions,2WM00@28221|Deltaproteobacteria,2MKCR@213118|Desulfobacterales	Outer membrane efflux protein	-	-	-	-	-	OEP
3225	GEA49684.1	1348114.OM33_11880	9.85e-60	202.0	COG0628@1|root,COG0628@2|Bacteria,1MXXU@1224|Proteobacteria,1RQCM@1236|Gammaproteobacteria,2PZTM@267888|Pseudoalteromonadaceae	AI-2E family transporter	tqsA	GO:0003674,GO:0005215,GO:0005575,GO:0005623,GO:0005886,GO:0005887,GO:0006810,GO:0008150,GO:0009372,GO:0009987,GO:0015562,GO:0016020,GO:0016021,GO:0022857,GO:0031224,GO:0031226,GO:0044425,GO:0044459,GO:0044464,GO:0044764,GO:0051179,GO:0051234,GO:0051704,GO:0055085,GO:0071944	ko:K11744	-	ko00000	AI-2E_transport
3225	GEA49685.1	1205908.AKXW01000092_gene2439	1.1e-63	208.0	COG0583@1|root,COG0583@2|Bacteria,1MX24@1224|Proteobacteria,1RQP0@1236|Gammaproteobacteria,1XV9I@135623|Vibrionales	Transcriptional regulator	-	-	-	-	-	HTH_1,LysR_substrate
3225	GEA49686.1	28229.ND2E_2054	4.45e-101	318.0	COG5361@1|root,COG5361@2|Bacteria,1NZZJ@1224|Proteobacteria,1RSI3@1236|Gammaproteobacteria	Protein of unknown function (DUF1254)	-	-	-	-	-	DUF1214,DUF1254
3225	GEA49687.1	1205908.AKXW01000069_gene3494	1.6e-24	100.0	COG2831@1|root,COG2831@2|Bacteria,1NQRU@1224|Proteobacteria,1SK3C@1236|Gammaproteobacteria,1Y2X6@135623|Vibrionales	Surface antigen	-	-	-	-	-	-
3225	GEA49688.1	1205908.AKXW01000069_gene3494	9.02e-14	72.0	COG2831@1|root,COG2831@2|Bacteria,1NQRU@1224|Proteobacteria,1SK3C@1236|Gammaproteobacteria,1Y2X6@135623|Vibrionales	Surface antigen	-	-	-	-	-	-
3225	GEA49690.1	1205908.AKXW01000045_gene3637	4.77e-126	359.0	COG2818@1|root,COG2818@2|Bacteria,1R9X5@1224|Proteobacteria,1S25K@1236|Gammaproteobacteria,1XT91@135623|Vibrionales	COG2818 3-methyladenine DNA glycosylase	-	-	ko:K01246	ko03410,map03410	ko00000,ko00001,ko01000,ko03400	Adenine_glyco
3225	GEA49691.1	1205908.AKXW01000045_gene3638	8.92e-253	696.0	28IW1@1|root,2Z8UB@2|Bacteria,1N1QM@1224|Proteobacteria,1RR0J@1236|Gammaproteobacteria,1XWGW@135623|Vibrionales	F plasmid transfer operon, TraF, protein	-	-	-	-	-	TraF_2
3225	GEA49692.1	1219072.VHA01S_070_00130	0.0	1813.0	COG0841@1|root,COG0841@2|Bacteria,1MU48@1224|Proteobacteria,1RMBN@1236|Gammaproteobacteria,1XSCN@135623|Vibrionales	Belongs to the resistance-nodulation-cell division (RND) (TC 2.A.6) family	-	-	-	-	-	ACR_tran
3225	GEA49693.1	1219072.VHA01S_070_00140	3.9e-200	561.0	COG0845@1|root,COG0845@2|Bacteria,1R4JA@1224|Proteobacteria,1SZIK@1236|Gammaproteobacteria,1Y2W5@135623|Vibrionales	Barrel-sandwich domain of CusB or HlyD membrane-fusion	-	-	-	-	-	Biotin_lipoyl_2,HlyD_3
3225	GEA49694.1	1219080.VEZ01S_11_00180	1.21e-200	561.0	COG0845@1|root,COG0845@2|Bacteria,1R4JA@1224|Proteobacteria,1RPS5@1236|Gammaproteobacteria,1XUBY@135623|Vibrionales	Belongs to the membrane fusion protein (MFP) (TC 8.A.1) family	-	-	-	-	-	Biotin_lipoyl_2,HlyD_3,HlyD_D23
3225	GEA49695.1	1205908.AKXW01000045_gene3642	8.53e-150	423.0	2CH0A@1|root,2ZANK@2|Bacteria,1PTW8@1224|Proteobacteria,1T04W@1236|Gammaproteobacteria,1XTQF@135623|Vibrionales	-	-	-	-	-	-	-
3225	GEA49696.1	1205908.AKXW01000045_gene3648	1.85e-115	335.0	2AW28@1|root,31MWZ@2|Bacteria,1QJP0@1224|Proteobacteria,1THPX@1236|Gammaproteobacteria,1XX3R@135623|Vibrionales	-	-	-	-	-	-	-
3225	GEA49697.1	1205908.AKXW01000045_gene3649	2.6e-79	236.0	COG1983@1|root,COG1983@2|Bacteria,1N085@1224|Proteobacteria,1S98J@1236|Gammaproteobacteria,1XXB4@135623|Vibrionales	phage shock protein C	pspC	-	ko:K03973	-	ko00000,ko02048,ko03000	PspC
3225	GEA49698.1	1205908.AKXW01000045_gene3650	4.73e-40	133.0	2CJWQ@1|root,32YI2@2|Bacteria,1N769@1224|Proteobacteria,1SCNV@1236|Gammaproteobacteria,1XYAE@135623|Vibrionales	Phage shock protein B	pspB	-	ko:K03970	-	ko00000,ko02048	PspB
3225	GEA49699.1	1205908.AKXW01000045_gene3651	1.79e-113	330.0	COG1842@1|root,COG1842@2|Bacteria,1NC7S@1224|Proteobacteria,1RS0G@1236|Gammaproteobacteria,1XUJH@135623|Vibrionales	COG1842 Phage shock protein A (IM30), suppresses sigma54-dependent transcription	pspA	-	ko:K03969	-	ko00000	PspA_IM30
3225	GEA49700.1	1205908.AKXW01000045_gene3652	1.29e-215	597.0	COG2204@1|root,COG2204@2|Bacteria,1MWW5@1224|Proteobacteria,1RND4@1236|Gammaproteobacteria,1XUMP@135623|Vibrionales	COG1221 Transcriptional regulators containing an AAA-type ATPase domain and a DNA-binding domain	pspF	-	ko:K03974	-	ko00000,ko03000	HTH_8,Sigma54_activat
3225	GEA49701.1	1205908.AKXW01000045_gene3653	0.0	1063.0	COG4166@1|root,COG4166@2|Bacteria,1P91R@1224|Proteobacteria,1T1RS@1236|Gammaproteobacteria,1XUUH@135623|Vibrionales	COG4166 ABC-type oligopeptide transport system, periplasmic component	sapA	-	ko:K19226	ko01503,ko02010,map01503,map02010	ko00000,ko00001,ko00002,ko02000	SBP_bac_5
3225	GEA49702.1	1205908.AKXW01000045_gene3654	1.49e-208	578.0	COG4168@1|root,COG4168@2|Bacteria,1QUAU@1224|Proteobacteria,1T1RR@1236|Gammaproteobacteria,1XTN1@135623|Vibrionales	peptide transport system, permease	sapB	-	ko:K19227	ko01503,ko02010,map01503,map02010	ko00000,ko00001,ko00002,ko02000	BPD_transp_1
3225	GEA49703.1	1205908.AKXW01000045_gene3655	4.77e-178	499.0	COG4171@1|root,COG4171@2|Bacteria,1QUAT@1224|Proteobacteria,1T1RQ@1236|Gammaproteobacteria,1XSV7@135623|Vibrionales	COG4171 ABC-type antimicrobial peptide transport system, permease component	sapC	-	ko:K19228	ko01503,ko02010,map01503,map02010	ko00000,ko00001,ko00002,ko02000	BPD_transp_1,OppC_N
3225	GEA49704.1	1205908.AKXW01000045_gene3656	8.82e-241	661.0	COG1123@1|root,COG4172@2|Bacteria,1MU09@1224|Proteobacteria,1RMEI@1236|Gammaproteobacteria,1XT4Q@135623|Vibrionales	Belongs to the ABC transporter superfamily	sapD	-	ko:K19229	ko01503,ko02010,map01503,map02010	ko00000,ko00001,ko00002,ko02000	ABC_tran,oligo_HPY
3225	GEA49705.1	1205908.AKXW01000045_gene3657	1.55e-178	498.0	COG1123@1|root,COG4172@2|Bacteria,1MU09@1224|Proteobacteria,1RMEI@1236|Gammaproteobacteria,1XTTI@135623|Vibrionales	ABC-type antimicrobial peptide transport system, ATPase component	sapF	-	ko:K19230	ko01503,ko02010,map01503,map02010	ko00000,ko00001,ko00002,ko02000	ABC_tran
3225	GEA49706.1	1205908.AKXW01000045_gene3658	3.9e-212	586.0	COG1227@1|root,COG1227@2|Bacteria,1P9JN@1224|Proteobacteria,1RZSV@1236|Gammaproteobacteria,1XSNW@135623|Vibrionales	COG1227 Inorganic pyrophosphatase exopolyphosphatase	ppaC	-	ko:K15986	ko00190,map00190	ko00000,ko00001,ko01000	DHH,DHHA2
3225	GEA49707.1	1205908.AKXW01000045_gene3659	8.82e-241	660.0	COG0500@1|root,COG0500@2|Bacteria,1MVSK@1224|Proteobacteria,1RMQY@1236|Gammaproteobacteria,1XSY3@135623|Vibrionales	Catalyzes carboxymethyl transfer from carboxy-S- adenosyl-L-methionine (Cx-SAM) to 5-hydroxyuridine (ho5U) to form 5-carboxymethoxyuridine (cmo5U) at position 34 in tRNAs	cmoB	GO:0003674,GO:0003824,GO:0005575,GO:0005622,GO:0005623,GO:0005737,GO:0008150,GO:0008152,GO:0008168,GO:0008757,GO:0016740,GO:0016741,GO:0032259,GO:0044424,GO:0044464	ko:K15257	-	ko00000,ko01000,ko03016	Methyltransf_9
3225	GEA49708.1	1205908.AKXW01000045_gene3660	4.29e-154	435.0	COG4067@1|root,COG4067@2|Bacteria,1N0VV@1224|Proteobacteria,1SZUE@1236|Gammaproteobacteria,1XU7F@135623|Vibrionales	protein conserved in archaea	-	-	-	-	-	Zn_protease
3225	GEA49709.1	1205908.AKXW01000045_gene3661	0.0	907.0	COG1305@1|root,COG1305@2|Bacteria,1MVV3@1224|Proteobacteria,1RRIA@1236|Gammaproteobacteria,1XSMI@135623|Vibrionales	7 transmembrane helices usually fused to an inactive transglutaminase	-	-	-	-	-	7TM_transglut,Transglut_i_TM
3225	GEA49710.1	1219072.VHA01S_044_00050	4.31e-227	626.0	COG0189@1|root,COG0189@2|Bacteria,1MVDU@1224|Proteobacteria,1RR7D@1236|Gammaproteobacteria,1XV35@135623|Vibrionales	COG0189 Glutathione synthase Ribosomal protein S6 modification enzyme (glutaminyl transferase)	PA1766	-	-	-	-	ATPgrasp_ST
3225	GEA49711.1	1205908.AKXW01000045_gene3663	5.01e-135	382.0	COG1435@1|root,COG1435@2|Bacteria,1NJR4@1224|Proteobacteria,1RPCK@1236|Gammaproteobacteria,1XT1V@135623|Vibrionales	Thymidine kinase	tdk	GO:0003674,GO:0003824,GO:0004797,GO:0005575,GO:0005622,GO:0005623,GO:0005737,GO:0005829,GO:0006139,GO:0006213,GO:0006259,GO:0006725,GO:0006753,GO:0006793,GO:0006796,GO:0006807,GO:0008150,GO:0008152,GO:0009058,GO:0009116,GO:0009117,GO:0009120,GO:0009123,GO:0009124,GO:0009157,GO:0009162,GO:0009165,GO:0009987,GO:0015949,GO:0016301,GO:0016310,GO:0016740,GO:0016772,GO:0018130,GO:0019136,GO:0019205,GO:0019206,GO:0019438,GO:0019637,GO:0034641,GO:0034654,GO:0043170,GO:0044237,GO:0044238,GO:0044249,GO:0044260,GO:0044271,GO:0044281,GO:0044424,GO:0044444,GO:0044464,GO:0046104,GO:0046125,GO:0046483,GO:0055086,GO:0071704,GO:0072527,GO:0090304,GO:0090407,GO:1901135,GO:1901293,GO:1901360,GO:1901362,GO:1901564,GO:1901576,GO:1901657	ko:K00857	ko00240,ko00983,ko01100,map00240,map00983,map01100	ko00000,ko00001,ko01000	TK
3225	GEA49712.1	1205908.AKXW01000045_gene3664	0.0	909.0	COG0215@1|root,COG0215@2|Bacteria,1MV8H@1224|Proteobacteria,1RP5K@1236|Gammaproteobacteria,1XTZJ@135623|Vibrionales	Belongs to the class-I aminoacyl-tRNA synthetase family	cysS	GO:0000166,GO:0003674,GO:0003824,GO:0004812,GO:0004817,GO:0005488,GO:0005524,GO:0005575,GO:0005622,GO:0005623,GO:0005737,GO:0005829,GO:0006082,GO:0006139,GO:0006399,GO:0006412,GO:0006418,GO:0006423,GO:0006518,GO:0006520,GO:0006725,GO:0006807,GO:0008144,GO:0008150,GO:0008152,GO:0009058,GO:0009059,GO:0009987,GO:0010467,GO:0016070,GO:0016874,GO:0016875,GO:0017076,GO:0019538,GO:0019752,GO:0030554,GO:0032553,GO:0032555,GO:0032559,GO:0034641,GO:0034645,GO:0034660,GO:0035639,GO:0036094,GO:0043038,GO:0043039,GO:0043043,GO:0043167,GO:0043168,GO:0043170,GO:0043436,GO:0043603,GO:0043604,GO:0044237,GO:0044238,GO:0044249,GO:0044260,GO:0044267,GO:0044271,GO:0044281,GO:0044424,GO:0044444,GO:0044464,GO:0046483,GO:0071704,GO:0090304,GO:0097159,GO:0097367,GO:0140098,GO:0140101,GO:1901265,GO:1901360,GO:1901363,GO:1901564,GO:1901566,GO:1901576	ko:K01883	ko00970,map00970	ko00000,ko00001,ko00002,ko01000,ko01007,ko03016	DALR_2,tRNA-synt_1e,tRNA-synt_1g
3225	GEA49713.1	1205908.AKXW01000045_gene3665	9.28e-118	336.0	COG0652@1|root,COG0652@2|Bacteria,1R9ZQ@1224|Proteobacteria,1S222@1236|Gammaproteobacteria,1XVAN@135623|Vibrionales	PPIases accelerate the folding of proteins. It catalyzes the cis-trans isomerization of proline imidic peptide bonds in oligopeptides	ppiB	-	ko:K03768	-	ko00000,ko01000,ko03110	Pro_isomerase
3225	GEA49714.1	1205908.AKXW01000045_gene3666	4.96e-159	447.0	COG2908@1|root,COG2908@2|Bacteria,1N3U7@1224|Proteobacteria,1RP1X@1236|Gammaproteobacteria,1XSQ8@135623|Vibrionales	Hydrolyzes the pyrophosphate bond of UDP-2,3- diacylglucosamine to yield 2,3-diacylglucosamine 1-phosphate (lipid X) and UMP by catalyzing the attack of water at the alpha-P atom. Involved in the biosynthesis of lipid A, a phosphorylated glycolipid that anchors the lipopolysaccharide to the outer membrane of the cell	lpxH	-	ko:K03269	ko00540,ko01100,map00540,map01100	ko00000,ko00001,ko00002,ko01000,ko01005	Metallophos,Metallophos_2
3225	GEA49715.1	1205908.AKXW01000045_gene3667	7.6e-131	373.0	COG3434@1|root,COG3434@2|Bacteria,1MVW1@1224|Proteobacteria,1RS25@1236|Gammaproteobacteria,1XTJ5@135623|Vibrionales	signal transduction protein containing EAL and modified HD-GYP domains	-	-	-	-	-	EAL,HDOD
3225	GEA49716.1	1219072.VHA01S_044_00110	6.91e-95	278.0	COG3012@1|root,COG3012@2|Bacteria,1MZZK@1224|Proteobacteria,1S9FV@1236|Gammaproteobacteria,1XW8P@135623|Vibrionales	protein conserved in bacteria	-	-	ko:K09858	-	ko00000	SEC-C
3225	GEA49717.1	1205908.AKXW01000045_gene3669	1.29e-147	416.0	COG0139@1|root,COG0140@1|root,COG0139@2|Bacteria,COG0140@2|Bacteria,1MW67@1224|Proteobacteria,1RMV4@1236|Gammaproteobacteria,1XT5G@135623|Vibrionales	Histidine biosynthesis bifunctional protein HisIE	hisI	GO:0000105,GO:0003674,GO:0003824,GO:0004635,GO:0004636,GO:0006082,GO:0006520,GO:0006547,GO:0006725,GO:0006807,GO:0008150,GO:0008152,GO:0008652,GO:0009058,GO:0009987,GO:0016053,GO:0016462,GO:0016787,GO:0016810,GO:0016814,GO:0016817,GO:0016818,GO:0018130,GO:0019238,GO:0019438,GO:0019752,GO:0034641,GO:0043436,GO:0044237,GO:0044238,GO:0044249,GO:0044281,GO:0044283,GO:0046394,GO:0046483,GO:0052803,GO:0071704,GO:1901360,GO:1901362,GO:1901564,GO:1901566,GO:1901576,GO:1901605,GO:1901607	ko:K11755	ko00340,ko01100,ko01110,ko01230,map00340,map01100,map01110,map01230	ko00000,ko00001,ko00002,ko01000	PRA-CH,PRA-PH
3225	GEA49718.1	1205908.AKXW01000045_gene3670	1.49e-178	498.0	COG0107@1|root,COG0107@2|Bacteria,1MUS0@1224|Proteobacteria,1RPJQ@1236|Gammaproteobacteria,1XT21@135623|Vibrionales	IGPS catalyzes the conversion of PRFAR and glutamine to IGP, AICAR and glutamate. The HisF subunit catalyzes the cyclization activity that produces IGP and AICAR from PRFAR using the ammonia provided by the HisH subunit	hisF	GO:0000105,GO:0000107,GO:0003674,GO:0003824,GO:0006082,GO:0006520,GO:0006547,GO:0006725,GO:0006807,GO:0008150,GO:0008152,GO:0008652,GO:0009058,GO:0009987,GO:0016053,GO:0016740,GO:0016757,GO:0016763,GO:0018130,GO:0019438,GO:0019752,GO:0034641,GO:0043436,GO:0044237,GO:0044238,GO:0044249,GO:0044281,GO:0044283,GO:0046394,GO:0046483,GO:0052803,GO:0071704,GO:1901360,GO:1901362,GO:1901564,GO:1901566,GO:1901576,GO:1901605,GO:1901607	ko:K02500	ko00340,ko01100,ko01110,ko01230,map00340,map01100,map01110,map01230	ko00000,ko00001,ko00002,ko01000	His_biosynth
3225	GEA49719.1	1205908.AKXW01000045_gene3671	4.12e-170	475.0	COG0106@1|root,COG0106@2|Bacteria,1MW6S@1224|Proteobacteria,1RN3M@1236|Gammaproteobacteria,1XUYR@135623|Vibrionales	1-(5-phosphoribosyl)-5- (5-phosphoribosylamino)methylideneamino imidazole-4-carboxamide isomerase	hisA	GO:0000105,GO:0000162,GO:0003674,GO:0003824,GO:0003949,GO:0005575,GO:0005622,GO:0005623,GO:0005737,GO:0006082,GO:0006520,GO:0006547,GO:0006568,GO:0006576,GO:0006586,GO:0006725,GO:0006807,GO:0008150,GO:0008152,GO:0008652,GO:0009058,GO:0009072,GO:0009073,GO:0009308,GO:0009309,GO:0009987,GO:0016053,GO:0016853,GO:0016860,GO:0016861,GO:0018130,GO:0019438,GO:0019752,GO:0034641,GO:0042401,GO:0042430,GO:0042435,GO:0043436,GO:0044106,GO:0044237,GO:0044238,GO:0044249,GO:0044271,GO:0044281,GO:0044283,GO:0044424,GO:0044464,GO:0046219,GO:0046394,GO:0046483,GO:0052803,GO:0071704,GO:1901360,GO:1901362,GO:1901564,GO:1901566,GO:1901576,GO:1901605,GO:1901607	ko:K01814	ko00340,ko01100,ko01110,ko01230,map00340,map01100,map01110,map01230	ko00000,ko00001,ko00002,ko01000	His_biosynth
3225	GEA49720.1	1205908.AKXW01000045_gene3672	2.32e-144	407.0	COG0118@1|root,COG0118@2|Bacteria,1MU4X@1224|Proteobacteria,1RRP3@1236|Gammaproteobacteria,1XUI3@135623|Vibrionales	IGPS catalyzes the conversion of PRFAR and glutamine to IGP, AICAR and glutamate. The HisH subunit provides the glutamine amidotransferase activity that produces the ammonia necessary to HisF for the synthesis of IGP and AICAR	hisH	GO:0000105,GO:0000107,GO:0003674,GO:0003824,GO:0006082,GO:0006520,GO:0006547,GO:0006725,GO:0006807,GO:0008150,GO:0008152,GO:0008652,GO:0009058,GO:0009987,GO:0016053,GO:0016740,GO:0016757,GO:0016763,GO:0018130,GO:0019438,GO:0019752,GO:0034641,GO:0043436,GO:0044237,GO:0044238,GO:0044249,GO:0044281,GO:0044283,GO:0046394,GO:0046483,GO:0052803,GO:0071704,GO:1901360,GO:1901362,GO:1901564,GO:1901566,GO:1901576,GO:1901605,GO:1901607	ko:K02501	ko00340,ko01100,ko01110,ko01230,map00340,map01100,map01110,map01230	ko00000,ko00001,ko00002,ko01000	GATase
3225	GEA49721.1	1205908.AKXW01000045_gene3673	8.74e-260	711.0	COG0131@1|root,COG0241@1|root,COG0131@2|Bacteria,COG0241@2|Bacteria,1MWBS@1224|Proteobacteria,1RPA9@1236|Gammaproteobacteria,1XSE2@135623|Vibrionales	Histidine biosynthesis bifunctional protein HisB	hisB	GO:0000105,GO:0003674,GO:0003824,GO:0004401,GO:0004424,GO:0006082,GO:0006520,GO:0006547,GO:0006725,GO:0006793,GO:0006796,GO:0006807,GO:0008150,GO:0008152,GO:0008652,GO:0009058,GO:0009987,GO:0016053,GO:0016311,GO:0016787,GO:0016788,GO:0016791,GO:0016829,GO:0016835,GO:0016836,GO:0018130,GO:0019438,GO:0019752,GO:0034641,GO:0042578,GO:0043436,GO:0044237,GO:0044238,GO:0044249,GO:0044281,GO:0044283,GO:0046394,GO:0046483,GO:0052803,GO:0071704,GO:1901360,GO:1901362,GO:1901564,GO:1901566,GO:1901576,GO:1901605,GO:1901607	ko:K01089	ko00340,ko01100,ko01110,ko01230,map00340,map01100,map01110,map01230	ko00000,ko00001,ko00002,ko01000	IGPD,PNK3P
3225	GEA49722.1	1205908.AKXW01000045_gene3674	3.28e-237	654.0	COG0079@1|root,COG0079@2|Bacteria,1MW7I@1224|Proteobacteria,1RP4T@1236|Gammaproteobacteria,1XTFK@135623|Vibrionales	Belongs to the class-II pyridoxal-phosphate-dependent aminotransferase family. Histidinol-phosphate aminotransferase subfamily	hisC	GO:0000105,GO:0003674,GO:0003824,GO:0004400,GO:0006082,GO:0006520,GO:0006547,GO:0006725,GO:0006807,GO:0008150,GO:0008152,GO:0008483,GO:0008652,GO:0009058,GO:0009987,GO:0016053,GO:0016740,GO:0016769,GO:0018130,GO:0019438,GO:0019752,GO:0034641,GO:0043436,GO:0044237,GO:0044238,GO:0044249,GO:0044281,GO:0044283,GO:0046394,GO:0046483,GO:0052803,GO:0071704,GO:1901360,GO:1901362,GO:1901564,GO:1901566,GO:1901576,GO:1901605,GO:1901607	ko:K00817	ko00340,ko00350,ko00360,ko00400,ko00401,ko00960,ko01100,ko01110,ko01130,ko01230,map00340,map00350,map00360,map00400,map00401,map00960,map01100,map01110,map01130,map01230	ko00000,ko00001,ko00002,ko01000,ko01007	Aminotran_1_2
3225	GEA49723.1	1205908.AKXW01000045_gene3675	1.74e-292	800.0	COG0141@1|root,COG0141@2|Bacteria,1MUUF@1224|Proteobacteria,1RMZD@1236|Gammaproteobacteria,1XTSW@135623|Vibrionales	Catalyzes the sequential NAD-dependent oxidations of L- histidinol to L-histidinaldehyde and then to L-histidine	hisD	GO:0000105,GO:0003674,GO:0003824,GO:0004399,GO:0005575,GO:0005622,GO:0005623,GO:0005737,GO:0005829,GO:0006082,GO:0006520,GO:0006547,GO:0006725,GO:0006807,GO:0008150,GO:0008152,GO:0008652,GO:0009058,GO:0009987,GO:0016053,GO:0016491,GO:0016614,GO:0016616,GO:0018130,GO:0019438,GO:0019752,GO:0034641,GO:0043436,GO:0044237,GO:0044238,GO:0044249,GO:0044281,GO:0044283,GO:0044424,GO:0044444,GO:0044464,GO:0046394,GO:0046483,GO:0052803,GO:0055114,GO:0071704,GO:1901360,GO:1901362,GO:1901564,GO:1901566,GO:1901576,GO:1901605,GO:1901607	ko:K00013	ko00340,ko01100,ko01110,ko01230,map00340,map01100,map01110,map01230	ko00000,ko00001,ko00002,ko01000	Histidinol_dh
3225	GEA49724.1	1205908.AKXW01000045_gene3676	1.35e-206	572.0	COG0040@1|root,COG0040@2|Bacteria,1MUCY@1224|Proteobacteria,1RNAX@1236|Gammaproteobacteria,1XTJ4@135623|Vibrionales	Catalyzes the condensation of ATP and 5-phosphoribose 1- diphosphate to form N'-(5'-phosphoribosyl)-ATP (PR-ATP). Has a crucial role in the pathway because the rate of histidine biosynthesis seems to be controlled primarily by regulation of HisG enzymatic activity	hisG	GO:0000105,GO:0003674,GO:0003824,GO:0003879,GO:0006082,GO:0006520,GO:0006547,GO:0006725,GO:0006807,GO:0008150,GO:0008152,GO:0008652,GO:0009058,GO:0009987,GO:0016053,GO:0016740,GO:0016757,GO:0016763,GO:0018130,GO:0019438,GO:0019752,GO:0034641,GO:0043436,GO:0044237,GO:0044238,GO:0044249,GO:0044281,GO:0044283,GO:0046394,GO:0046483,GO:0052803,GO:0071704,GO:1901360,GO:1901362,GO:1901564,GO:1901566,GO:1901576,GO:1901605,GO:1901607	ko:K00765	ko00340,ko01100,ko01110,ko01230,map00340,map01100,map01110,map01230	ko00000,ko00001,ko00002,ko01000	HisG,HisG_C
3225	GEA49725.1	1205908.AKXW01000045_gene3677	0.0	978.0	COG1757@1|root,COG1757@2|Bacteria,1MY5C@1224|Proteobacteria,1RP6I@1236|Gammaproteobacteria,1XSDA@135623|Vibrionales	COG1757 Na H antiporter	-	-	ko:K18218	-	ko00000,ko00002,ko01504,ko02000	Na_H_antiporter
3225	GEA49726.1	1205908.AKXW01000045_gene3678	4.4e-75	226.0	COG2916@1|root,COG2916@2|Bacteria,1R9YM@1224|Proteobacteria,1S24H@1236|Gammaproteobacteria,1XXBR@135623|Vibrionales	Belongs to the histone-like protein H-NS family	hns	-	ko:K03746	-	ko00000,ko03036,ko03400	Histone_HNS
3225	GEA49727.1	1205908.AKXW01000045_gene3679	1.14e-310	847.0	COG0524@1|root,COG0524@2|Bacteria,1MUUC@1224|Proteobacteria,1RMN2@1236|Gammaproteobacteria,1XTRF@135623|Vibrionales	COG0524 Sugar kinases, ribokinase family	-	-	ko:K00892	ko00230,map00230	ko00000,ko00001,ko01000	PfkB
3225	GEA49728.1	1205908.AKXW01000045_gene3680	0.0	1719.0	COG0550@1|root,COG0550@2|Bacteria,1MUFZ@1224|Proteobacteria,1RNZ2@1236|Gammaproteobacteria,1XSSB@135623|Vibrionales	Releases the supercoiling and torsional tension of DNA, which is introduced during the DNA replication and transcription, by transiently cleaving and rejoining one strand of the DNA duplex. Introduces a single-strand break via transesterification at a target site in duplex DNA. The scissile phosphodiester is attacked by the catalytic tyrosine of the enzyme, resulting in the formation of a DNA-(5'-phosphotyrosyl)-enzyme intermediate and the expulsion of a 3'-OH DNA strand. The free DNA strand then undergoes passage around the unbroken strand, thus removing DNA supercoils. Finally, in the religation step, the DNA 3'-OH attacks the covalent intermediate to expel the active-site tyrosine and restore the DNA phosphodiester backbone	topA	GO:0003674,GO:0003824,GO:0003916,GO:0003917,GO:0006139,GO:0006259,GO:0006265,GO:0006725,GO:0006807,GO:0006996,GO:0008150,GO:0008152,GO:0009987,GO:0016043,GO:0016853,GO:0034641,GO:0043170,GO:0044237,GO:0044238,GO:0044260,GO:0046483,GO:0051276,GO:0071103,GO:0071704,GO:0071840,GO:0090304,GO:0140097,GO:1901360	ko:K03168	-	ko00000,ko01000,ko03032,ko03400	Topo_Zn_Ribbon,Topoisom_bac,Toprim,zf-C4_Topoisom
3225	GEA49729.1	1205908.AKXW01000045_gene3681	1.77e-51	162.0	2CK10@1|root,32SBA@2|Bacteria,1N8PV@1224|Proteobacteria,1S938@1236|Gammaproteobacteria,1XYF4@135623|Vibrionales	Protein of unknown function (DUF2498)	STY1335	-	-	-	-	DUF2498
3225	GEA49730.1	1205908.AKXW01000045_gene3682	3.52e-162	456.0	COG2992@1|root,COG2992@2|Bacteria,1RD3U@1224|Proteobacteria,1S3RA@1236|Gammaproteobacteria,1XUFN@135623|Vibrionales	BAX protein	bax	-	ko:K03796	-	ko00000	Glucosaminidase
3225	GEA49731.1	1205908.AKXW01000045_gene3683	3.99e-296	809.0	COG0128@1|root,COG0128@2|Bacteria,1MWMK@1224|Proteobacteria,1RQ8U@1236|Gammaproteobacteria,1XSTG@135623|Vibrionales	Catalyzes the transfer of the enolpyruvyl moiety of phosphoenolpyruvate (PEP) to the 5-hydroxyl of shikimate-3- phosphate (S3P) to produce enolpyruvyl shikimate-3-phosphate and inorganic phosphate	aroA	GO:0003674,GO:0003824,GO:0003866,GO:0006082,GO:0008150,GO:0008152,GO:0009058,GO:0009423,GO:0009987,GO:0016053,GO:0016740,GO:0016765,GO:0019752,GO:0043436,GO:0043648,GO:0043650,GO:0044237,GO:0044249,GO:0044281,GO:0044283,GO:0046394,GO:0046417,GO:0071704,GO:1901576	ko:K00800	ko00400,ko01100,ko01110,ko01130,ko01230,map00400,map01100,map01110,map01130,map01230	ko00000,ko00001,ko00002,ko01000	EPSP_synthase
3225	GEA49732.1	1205908.AKXW01000045_gene3684	2.24e-96	281.0	COG3133@1|root,COG3133@2|Bacteria,1RIY9@1224|Proteobacteria,1S819@1236|Gammaproteobacteria,1XX6N@135623|Vibrionales	Glycine zipper 2TM domain	slyB	-	ko:K06077	-	ko00000	Rick_17kDa_Anti
3225	GEA49733.1	1205908.AKXW01000045_gene3685	4.26e-158	444.0	COG2360@1|root,COG2360@2|Bacteria,1R9W8@1224|Proteobacteria,1S1ZB@1236|Gammaproteobacteria,1XU2W@135623|Vibrionales	Functions in the N-end rule pathway of protein degradation where it conjugates Leu, Phe and, less efficiently, Met from aminoacyl-tRNAs to the N-termini of proteins containing an N-terminal arginine or lysine	aat	GO:0003674,GO:0003824,GO:0005575,GO:0005622,GO:0005623,GO:0005737,GO:0006508,GO:0006807,GO:0008150,GO:0008152,GO:0008233,GO:0008914,GO:0016740,GO:0016746,GO:0016755,GO:0016787,GO:0019538,GO:0043170,GO:0044238,GO:0044424,GO:0044464,GO:0071704,GO:0140096,GO:1901564	ko:K00684	-	ko00000,ko01000	Leu_Phe_trans
3225	GEA49734.1	1205908.AKXW01000045_gene3686	2.81e-166	464.0	COG2935@1|root,COG2935@2|Bacteria,1MW62@1224|Proteobacteria,1RYD7@1236|Gammaproteobacteria,1XSUB@135623|Vibrionales	May conjugate Arg from its aminoacyl-tRNA to the N- termini of proteins containing an N-terminal aspartate or glutamate	ate	GO:0003674,GO:0003824,GO:0004057,GO:0005575,GO:0005622,GO:0005623,GO:0005737,GO:0006464,GO:0006508,GO:0006511,GO:0006807,GO:0008150,GO:0008152,GO:0009056,GO:0009057,GO:0009987,GO:0016598,GO:0016740,GO:0016746,GO:0016755,GO:0019538,GO:0019941,GO:0030163,GO:0036211,GO:0043170,GO:0043412,GO:0043632,GO:0044237,GO:0044238,GO:0044248,GO:0044257,GO:0044260,GO:0044265,GO:0044267,GO:0044424,GO:0044464,GO:0051603,GO:0071704,GO:0140096,GO:1901564,GO:1901565,GO:1901575	ko:K21420	-	ko00000,ko01000	ATE_C,ATE_N
3225	GEA49735.1	1051646.VITU9109_00305	2.41e-45	146.0	COG0361@1|root,COG0361@2|Bacteria,1MZFU@1224|Proteobacteria,1S8WZ@1236|Gammaproteobacteria,1XYAF@135623|Vibrionales	One of the essential components for the initiation of protein synthesis. Stabilizes the binding of IF-2 and IF-3 on the 30S subunit to which N-formylmethionyl-tRNA(fMet) subsequently binds. Helps modulate mRNA selection, yielding the 30S pre- initiation complex (PIC). Upon addition of the 50S ribosomal subunit IF-1, IF-2 and IF-3 are released leaving the mature 70S translation initation complex	infA	GO:0003674,GO:0003676,GO:0003723,GO:0003743,GO:0005488,GO:0005575,GO:0005622,GO:0005623,GO:0005737,GO:0005829,GO:0006412,GO:0006413,GO:0006518,GO:0006807,GO:0008135,GO:0008150,GO:0008152,GO:0009058,GO:0009059,GO:0009987,GO:0010467,GO:0019538,GO:0034641,GO:0034645,GO:0043021,GO:0043022,GO:0043043,GO:0043170,GO:0043603,GO:0043604,GO:0044237,GO:0044238,GO:0044249,GO:0044260,GO:0044267,GO:0044271,GO:0044424,GO:0044444,GO:0044464,GO:0044877,GO:0071704,GO:0097159,GO:1901363,GO:1901564,GO:1901566,GO:1901576	ko:K02518	-	ko00000,ko03012	eIF-1a
3225	GEA49736.1	1205908.AKXW01000045_gene3688	0.0	1434.0	COG0542@1|root,COG0542@2|Bacteria,1MV8B@1224|Proteobacteria,1RMH3@1236|Gammaproteobacteria,1XSKE@135623|Vibrionales	Belongs to the ClpA ClpB family	clpA	-	ko:K03694	-	ko00000,ko03110	AAA,AAA_2,ClpB_D2-small,Clp_N
3225	GEA49737.1	1205908.AKXW01000045_gene3689	7.84e-71	213.0	COG2127@1|root,COG2127@2|Bacteria,1MZU8@1224|Proteobacteria,1S8Z7@1236|Gammaproteobacteria,1XXDA@135623|Vibrionales	Involved in the modulation of the specificity of the ClpAP-mediated ATP-dependent protein degradation	clpS	-	ko:K06891	-	ko00000	ClpS
3225	GEA49738.1	1219072.VHA01S_044_00400	4.46e-46	148.0	COG1278@1|root,COG1278@2|Bacteria,1N6Q5@1224|Proteobacteria,1SCA7@1236|Gammaproteobacteria,1XYAU@135623|Vibrionales	COG1278 Cold shock proteins	cspD	GO:0006355,GO:0006950,GO:0008150,GO:0009266,GO:0009409,GO:0009628,GO:0009889,GO:0010468,GO:0010556,GO:0019219,GO:0019222,GO:0031323,GO:0031326,GO:0050789,GO:0050794,GO:0050896,GO:0051171,GO:0051252,GO:0060255,GO:0065007,GO:0080090,GO:1903506,GO:2000112,GO:2001141	ko:K03704	-	ko00000,ko03000	CSD
3225	GEA49739.1	1205908.AKXW01000045_gene3691	2.25e-45	146.0	COG0695@1|root,COG0695@2|Bacteria,1N12W@1224|Proteobacteria,1SB6J@1236|Gammaproteobacteria,1XYAR@135623|Vibrionales	COG0695 Glutaredoxin and related proteins	-	-	-	-	-	Glutaredoxin
3225	GEA49740.1	1205908.AKXW01000045_gene3692	1.69e-151	426.0	COG0778@1|root,COG0778@2|Bacteria,1N95W@1224|Proteobacteria,1RSDH@1236|Gammaproteobacteria,1XVNT@135623|Vibrionales	Nitroreductase family	nfnB	-	ko:K10679	ko00633,ko01120,map00633,map01120	ko00000,ko00001,ko01000	Nitroreductase
3225	GEA49741.1	1205908.AKXW01000045_gene3693	7.66e-178	496.0	COG1075@1|root,COG1075@2|Bacteria,1NC1V@1224|Proteobacteria,1T4YC@1236|Gammaproteobacteria	Putative serine esterase (DUF676)	-	-	-	-	-	DUF676,Hydrolase_4
3225	GEA49742.1	1205908.AKXW01000045_gene3694	7.37e-60	184.0	COG1359@1|root,COG1359@2|Bacteria,1NGPW@1224|Proteobacteria	Antibiotic biosynthesis monooxygenase	-	-	-	-	-	ABM
3225	GEA49743.1	1205908.AKXW01000045_gene3695	0.0	878.0	COG0531@1|root,COG0531@2|Bacteria,1MUA2@1224|Proteobacteria,1RNND@1236|Gammaproteobacteria,1XUAH@135623|Vibrionales	Arginine ornithine antiporter	ydgI	-	ko:K03758	-	ko00000,ko02000	AA_permease_2
3225	GEA49744.1	1205908.AKXW01000045_gene3696	0.0	1394.0	COG2838@1|root,COG2838@2|Bacteria,1MV6Q@1224|Proteobacteria,1RPG4@1236|Gammaproteobacteria,1XUW0@135623|Vibrionales	Isocitrate dehydrogenase	icd	-	ko:K00031	ko00020,ko00480,ko00720,ko01100,ko01110,ko01120,ko01130,ko01200,ko01210,ko01230,ko04146,map00020,map00480,map00720,map01100,map01110,map01120,map01130,map01200,map01210,map01230,map04146	br01601,ko00000,ko00001,ko00002,ko01000	IDH
3225	GEA49745.1	1205908.AKXW01000045_gene3697	1.67e-125	359.0	COG1187@1|root,COG1187@2|Bacteria,1R9VV@1224|Proteobacteria,1S1ZX@1236|Gammaproteobacteria,1XUNX@135623|Vibrionales	Belongs to the pseudouridine synthase RsuA family	rluE	GO:0000154,GO:0000455,GO:0001522,GO:0003674,GO:0003824,GO:0005575,GO:0005622,GO:0005623,GO:0005737,GO:0005829,GO:0006139,GO:0006364,GO:0006396,GO:0006725,GO:0006807,GO:0008150,GO:0008152,GO:0009451,GO:0009982,GO:0009987,GO:0010467,GO:0016070,GO:0016072,GO:0016853,GO:0016866,GO:0022613,GO:0031118,GO:0034470,GO:0034641,GO:0034660,GO:0042254,GO:0043170,GO:0043412,GO:0044085,GO:0044237,GO:0044238,GO:0044424,GO:0044444,GO:0044464,GO:0046483,GO:0071704,GO:0071840,GO:0090304,GO:1901360	ko:K06181	-	ko00000,ko01000,ko03009	PseudoU_synth_2
3225	GEA49746.1	1205908.AKXW01000045_gene3698	1.7e-54	170.0	2E8FY@1|root,332U8@2|Bacteria,1N8EY@1224|Proteobacteria,1SD25@1236|Gammaproteobacteria,1XYDE@135623|Vibrionales	-	-	-	-	-	-	-
3225	GEA49747.1	1205908.AKXW01000045_gene3699	8.35e-279	761.0	COG0482@1|root,COG0482@2|Bacteria,1MUT1@1224|Proteobacteria,1RMAK@1236|Gammaproteobacteria,1XU0P@135623|Vibrionales	Catalyzes the 2-thiolation of uridine at the wobble position (U34) of tRNA, leading to the formation of s(2)U34	mnmA	GO:0001510,GO:0002097,GO:0002098,GO:0002143,GO:0003674,GO:0003824,GO:0004808,GO:0006139,GO:0006396,GO:0006399,GO:0006400,GO:0006725,GO:0006807,GO:0008033,GO:0008150,GO:0008152,GO:0008168,GO:0008173,GO:0008175,GO:0008757,GO:0009451,GO:0009987,GO:0010467,GO:0016070,GO:0016740,GO:0016741,GO:0030488,GO:0032259,GO:0034227,GO:0034470,GO:0034641,GO:0034660,GO:0043170,GO:0043412,GO:0043414,GO:0044237,GO:0044238,GO:0044260,GO:0046483,GO:0071704,GO:0090304,GO:0140098,GO:0140101,GO:1901360	ko:K00566	ko04122,map04122	ko00000,ko00001,ko01000,ko03016	tRNA_Me_trans
3225	GEA49748.1	1205908.AKXW01000045_gene3700	1.5e-134	382.0	COG2915@1|root,COG2915@2|Bacteria,1RI8B@1224|Proteobacteria,1RPCC@1236|Gammaproteobacteria,1XT1A@135623|Vibrionales	High frequency lysogenization protein HflD homolog	hflD	-	ko:K07153	-	ko00000	DUF489
3225	GEA49749.1	1205908.AKXW01000045_gene3701	0.0	890.0	COG0015@1|root,COG0015@2|Bacteria,1MV4B@1224|Proteobacteria,1RN93@1236|Gammaproteobacteria,1XT6I@135623|Vibrionales	Belongs to the lyase 1 family. Adenylosuccinate lyase subfamily	purB	-	ko:K01756	ko00230,ko00250,ko01100,ko01110,ko01130,map00230,map00250,map01100,map01110,map01130	ko00000,ko00001,ko00002,ko01000	ASL_C,Lyase_1
3225	GEA49750.1	1205908.AKXW01000123_gene375	0.0	957.0	COG0297@1|root,COG0297@2|Bacteria,1MUGM@1224|Proteobacteria,1RNMP@1236|Gammaproteobacteria,1XSTA@135623|Vibrionales	Synthesizes alpha-1,4-glucan chains using ADP-glucose	glgA	GO:0000271,GO:0003674,GO:0003824,GO:0004373,GO:0005575,GO:0005622,GO:0005623,GO:0005737,GO:0005829,GO:0005975,GO:0005976,GO:0005977,GO:0005978,GO:0006073,GO:0006091,GO:0006112,GO:0008150,GO:0008152,GO:0008194,GO:0009058,GO:0009059,GO:0009250,GO:0009987,GO:0015980,GO:0016051,GO:0016740,GO:0016757,GO:0016758,GO:0033692,GO:0034637,GO:0034645,GO:0035251,GO:0043170,GO:0044042,GO:0044237,GO:0044238,GO:0044249,GO:0044260,GO:0044262,GO:0044264,GO:0044424,GO:0044444,GO:0044464,GO:0046527,GO:0055114,GO:0071704,GO:1901576	ko:K00703	ko00500,ko01100,ko01110,ko02026,map00500,map01100,map01110,map02026	ko00000,ko00001,ko00002,ko01000,ko01003	Glyco_transf_5,Glycos_transf_1
3225	GEA49751.1	1205908.AKXW01000123_gene374	1.2e-181	513.0	COG3203@1|root,COG3203@2|Bacteria,1NC33@1224|Proteobacteria,1T1EX@1236|Gammaproteobacteria,1XWCP@135623|Vibrionales	Gram-negative porin	-	-	ko:K10940	ko05111,map05111	ko00000,ko00001,ko02000	Porin_4
3225	GEA49752.1	1205908.AKXW01000123_gene373	0.0	1320.0	COG1199@1|root,COG1199@2|Bacteria,1MVCU@1224|Proteobacteria,1RMNX@1236|Gammaproteobacteria,1XSN4@135623|Vibrionales	COG1199 Rad3-related DNA helicases	dinG	-	ko:K03722	-	ko00000,ko01000,ko03400	DEAD_2,Helicase_C_2,ResIII
3225	GEA49753.1	1205908.AKXW01000123_gene372	6.34e-181	504.0	COG0730@1|root,COG0730@2|Bacteria,1MXNM@1224|Proteobacteria,1RRH4@1236|Gammaproteobacteria,1XU3C@135623|Vibrionales	membrane transporter protein	-	-	ko:K07090	-	ko00000	TauE
3225	GEA49754.1	1205908.AKXW01000123_gene371	7.34e-117	335.0	COG3923@1|root,COG3923@2|Bacteria,1RIA6@1224|Proteobacteria,1S3Q3@1236|Gammaproteobacteria,1XX16@135623|Vibrionales	Primosomal replication protein N''	priC	-	ko:K04067	ko03440,map03440	ko00000,ko00001,ko03400	PriC
3225	GEA49755.1	1205908.AKXW01000123_gene370	1.45e-27	100.0	2EHYU@1|root,33BQB@2|Bacteria,1NGAT@1224|Proteobacteria,1SGE4@1236|Gammaproteobacteria,1XZI3@135623|Vibrionales	Protein of unknown function (DUF2496)	C0585	-	-	-	-	DUF2496
3225	GEA49756.1	1205908.AKXW01000123_gene369	1.3e-198	549.0	COG0708@1|root,COG0708@2|Bacteria,1MVII@1224|Proteobacteria,1RN4H@1236|Gammaproteobacteria,1XVBK@135623|Vibrionales	COG0708 Exonuclease III	xthA	-	ko:K01142	ko03410,map03410	ko00000,ko00001,ko01000,ko03400	Exo_endo_phos
3225	GEA49757.1	1205908.AKXW01000123_gene368	1.48e-23	89.7	2AWQ9@1|root,31NM8@2|Bacteria,1QKBV@1224|Proteobacteria,1TIFB@1236|Gammaproteobacteria,1XZ10@135623|Vibrionales	-	-	-	-	-	-	-
3225	GEA49758.1	1205908.AKXW01000123_gene367	2.12e-154	434.0	COG4160@1|root,COG4160@2|Bacteria,1MWI6@1224|Proteobacteria,1RPT1@1236|Gammaproteobacteria,1XT23@135623|Vibrionales	COG4160 ABC-type arginine histidine transport system, permease component	aotM	-	ko:K10023	ko02010,map02010	ko00000,ko00001,ko00002,ko02000	BPD_transp_1
3225	GEA49759.1	1205908.AKXW01000123_gene366	1.15e-156	441.0	COG4215@1|root,COG4215@2|Bacteria,1MY2N@1224|Proteobacteria,1RNYD@1236|Gammaproteobacteria,1XT6H@135623|Vibrionales	COG4215 ABC-type arginine transport system, permease component	aotQ	-	ko:K10024	ko02010,map02010	ko00000,ko00001,ko00002,ko02000	BPD_transp_1
3225	GEA49760.1	1205908.AKXW01000123_gene365	8.84e-172	481.0	COG0834@1|root,COG0834@2|Bacteria,1NT2J@1224|Proteobacteria,1S077@1236|Gammaproteobacteria,1XT44@135623|Vibrionales	COG0834 ABC-type amino acid transport signal transduction systems, periplasmic component domain	aotJ	-	ko:K10022	ko02010,map02010	ko00000,ko00001,ko00002,ko02000	SBP_bac_3
3225	GEA49761.1	1205908.AKXW01000123_gene364	1.14e-177	495.0	COG4598@1|root,COG4598@2|Bacteria,1QTS2@1224|Proteobacteria,1RQYN@1236|Gammaproteobacteria,1XU3M@135623|Vibrionales	COG4598 ABC-type histidine transport system, ATPase component	aotP	-	ko:K10025	ko02010,map02010	ko00000,ko00001,ko00002,ko01000,ko02000	ABC_tran
3225	GEA49762.1	1205908.AKXW01000123_gene363	0.0	993.0	28IWB@1|root,2Z8UK@2|Bacteria,1P3IX@1224|Proteobacteria,1RRBU@1236|Gammaproteobacteria,1XSQK@135623|Vibrionales	Protein of unknown function (DUF3360)	VV2341	-	-	-	-	DUF3360
3225	GEA49763.1	1205908.AKXW01000123_gene362	0.0	1493.0	COG1882@1|root,COG1882@2|Bacteria,1MWBF@1224|Proteobacteria,1RM96@1236|Gammaproteobacteria,1XT1F@135623|Vibrionales	COG1882 Pyruvate-formate lyase	pflB	-	ko:K00656	ko00620,ko00640,ko00650,ko01100,ko01120,map00620,map00640,map00650,map01100,map01120	ko00000,ko00001,ko01000	Gly_radical,PFL-like
3225	GEA49764.1	1205908.AKXW01000123_gene361	1.22e-198	555.0	COG3528@1|root,COG3528@2|Bacteria,1R601@1224|Proteobacteria,1S150@1236|Gammaproteobacteria,1Y2P4@135623|Vibrionales	Uncharacterized protein conserved in bacteria (DUF2219)	-	-	-	-	-	DUF2219
3225	GEA49765.1	1205908.AKXW01000123_gene360	4.35e-185	513.0	COG1180@1|root,COG1180@2|Bacteria,1NQC1@1224|Proteobacteria,1RNCR@1236|Gammaproteobacteria,1XUNS@135623|Vibrionales	Activation of pyruvate formate-lyase under anaerobic conditions by generation of an organic free radical, using S- adenosylmethionine and reduced flavodoxin as cosubstrates to produce 5'-deoxy-adenosine	pflA	-	ko:K04069	-	ko00000,ko01000	Fer4_12,Radical_SAM
3225	GEA49766.1	1205908.AKXW01000123_gene359	1.04e-115	331.0	COG3013@1|root,COG3013@2|Bacteria,1QWV8@1224|Proteobacteria,1RME1@1236|Gammaproteobacteria,1XU0X@135623|Vibrionales	Belongs to the UPF0304 family	yfbU	-	ko:K09161	-	ko00000	YfbU
3225	GEA49767.1	1205908.AKXW01000123_gene358	4.86e-158	444.0	COG3713@1|root,COG3713@2|Bacteria,1MWQN@1224|Proteobacteria,1RQTM@1236|Gammaproteobacteria,1XUX3@135623|Vibrionales	COG3713 Outer membrane protein V	-	-	ko:K07274	-	ko00000,ko02000	MipA
3225	GEA49768.1	1205908.AKXW01000123_gene357	0.0	1266.0	COG2766@1|root,COG2766@2|Bacteria,1MVW7@1224|Proteobacteria,1RNFJ@1236|Gammaproteobacteria,1XT8T@135623|Vibrionales	Serine protein kinase	prkA	-	ko:K07180	-	ko00000	AAA_PrkA,PrkA
3225	GEA49769.1	1205908.AKXW01000123_gene356	2.35e-286	784.0	COG2718@1|root,COG2718@2|Bacteria,1MWQM@1224|Proteobacteria,1RQWC@1236|Gammaproteobacteria,1XSXD@135623|Vibrionales	Belongs to the UPF0229 family	yeaH	-	ko:K09786	-	ko00000	DUF444
3225	GEA49770.1	1205908.AKXW01000123_gene355	0.0	1024.0	COG2719@1|root,COG2719@2|Bacteria,1MW6U@1224|Proteobacteria,1RPU2@1236|Gammaproteobacteria,1XTA0@135623|Vibrionales	SpoVR family	ycgB	-	-	-	-	SpoVR
3225	GEA49771.1	1205908.AKXW01000108_gene1168	1.05e-169	474.0	COG1212@1|root,COG1212@2|Bacteria,1MUUU@1224|Proteobacteria,1RMAE@1236|Gammaproteobacteria,1XTK4@135623|Vibrionales	Activates KDO (a required 8-carbon sugar) for incorporation into bacterial lipopolysaccharide in Gram-negative bacteria	kdsB	GO:0000271,GO:0003674,GO:0003824,GO:0005975,GO:0005976,GO:0006629,GO:0008150,GO:0008152,GO:0008610,GO:0008653,GO:0008690,GO:0009058,GO:0009059,GO:0009103,GO:0009244,GO:0009311,GO:0009312,GO:0009987,GO:0016051,GO:0016740,GO:0016772,GO:0016779,GO:0033692,GO:0034637,GO:0034645,GO:0043170,GO:0044237,GO:0044238,GO:0044249,GO:0044255,GO:0044260,GO:0044262,GO:0044264,GO:0046401,GO:0070567,GO:0071704,GO:1901135,GO:1901137,GO:1901576,GO:1903509	ko:K00979	ko00540,ko01100,map00540,map01100	ko00000,ko00001,ko00002,ko01000,ko01005	CTP_transf_3
3225	GEA49772.1	1205908.AKXW01000108_gene1169	2.23e-32	112.0	COG2835@1|root,COG2835@2|Bacteria,1N6Y2@1224|Proteobacteria,1SCFF@1236|Gammaproteobacteria,1XYYD@135623|Vibrionales	Belongs to the UPF0434 family	-	-	ko:K09791	-	ko00000	Trm112p
3225	GEA49773.1	1205908.AKXW01000108_gene1170	1.4e-206	573.0	COG1663@1|root,COG1663@2|Bacteria,1MU8G@1224|Proteobacteria,1RMMW@1236|Gammaproteobacteria,1XU8K@135623|Vibrionales	Transfers the gamma-phosphate of ATP to the 4'-position of a tetraacyldisaccharide 1-phosphate intermediate (termed DS-1- P) to form tetraacyldisaccharide 1,4'-bis-phosphate (lipid IVA)	lpxK	GO:0003674,GO:0003824,GO:0005975,GO:0006629,GO:0006643,GO:0006644,GO:0006664,GO:0006793,GO:0006796,GO:0008150,GO:0008152,GO:0008610,GO:0008654,GO:0009029,GO:0009058,GO:0009245,GO:0009247,GO:0009311,GO:0009312,GO:0009987,GO:0016051,GO:0016301,GO:0016310,GO:0016740,GO:0016772,GO:0016773,GO:0019637,GO:0044237,GO:0044238,GO:0044249,GO:0044255,GO:0046467,GO:0046493,GO:0071704,GO:0090407,GO:1901135,GO:1901137,GO:1901269,GO:1901271,GO:1901576,GO:1903509	ko:K00912	ko00540,ko01100,map00540,map01100	ko00000,ko00001,ko00002,ko01000,ko01005	LpxK
3225	GEA49774.1	1205908.AKXW01000108_gene1171	0.0	1087.0	COG1132@1|root,COG1132@2|Bacteria,1MUBM@1224|Proteobacteria,1RMUR@1236|Gammaproteobacteria,1XTCT@135623|Vibrionales	Involved in lipid A export and possibly also in glycerophospholipid export and for biogenesis of the outer membrane. Transmembrane domains (TMD) form a pore in the inner membrane and the ATP-binding domain (NBD) is responsible for energy generation	msbA	GO:0003674,GO:0003824,GO:0005215,GO:0005319,GO:0005488,GO:0005515,GO:0006810,GO:0006869,GO:0008150,GO:0010876,GO:0015399,GO:0015405,GO:0016462,GO:0016787,GO:0016817,GO:0016818,GO:0016887,GO:0017111,GO:0022804,GO:0022857,GO:0033036,GO:0034040,GO:0042623,GO:0042626,GO:0042802,GO:0043492,GO:0051179,GO:0051234,GO:0055085,GO:0071702	ko:K11085	ko02010,map02010	ko00000,ko00001,ko01000,ko02000	ABC_membrane,ABC_tran
3225	GEA49775.1	1205908.AKXW01000108_gene1172	0.0	886.0	COG0658@1|root,COG2333@1|root,COG0658@2|Bacteria,COG2333@2|Bacteria,1MUKF@1224|Proteobacteria,1RMW6@1236|Gammaproteobacteria,1XVBD@135623|Vibrionales	membrane metal-binding protein	-	-	ko:K02238	-	ko00000,ko00002,ko02044	Competence,DUF4131,Lactamase_B
3225	GEA49776.1	1205908.AKXW01000108_gene1173	3.49e-117	336.0	COG3216@1|root,COG3216@2|Bacteria,1RGV6@1224|Proteobacteria,1S682@1236|Gammaproteobacteria,1XSNS@135623|Vibrionales	protein conserved in bacteria	TLL0138	-	ko:K09928	-	ko00000	DUF2062
3225	GEA49777.1	1205908.AKXW01000108_gene1174	1.05e-244	677.0	COG4591@1|root,COG4591@2|Bacteria,1MVV7@1224|Proteobacteria,1RMP9@1236|Gammaproteobacteria,1XSJ2@135623|Vibrionales	COG4591 ABC-type transport system, involved in lipoprotein release, permease component	lolE	-	ko:K09808	ko02010,map02010	ko00000,ko00001,ko00002,ko02000	FtsX,MacB_PCD
3225	GEA49778.1	1205908.AKXW01000108_gene1175	4.09e-154	434.0	COG1136@1|root,COG1136@2|Bacteria,1MVSQ@1224|Proteobacteria,1RMWK@1236|Gammaproteobacteria,1XTZP@135623|Vibrionales	Part of the ABC transporter complex LolCDE involved in the translocation of lipoproteins, in an ATP-dependent manner	lolD	GO:0003674,GO:0003824,GO:0005215,GO:0006810,GO:0008150,GO:0015399,GO:0015405,GO:0016462,GO:0016787,GO:0016817,GO:0016818,GO:0016887,GO:0017111,GO:0022804,GO:0022857,GO:0042623,GO:0042626,GO:0043492,GO:0051179,GO:0051234,GO:0055085	ko:K09810	ko02010,map02010	ko00000,ko00001,ko00002,ko01000,ko02000	ABC_tran
3225	GEA49779.1	1205908.AKXW01000108_gene1176	2.43e-245	676.0	COG4591@1|root,COG4591@2|Bacteria,1MVV7@1224|Proteobacteria,1RMP9@1236|Gammaproteobacteria,1XSMT@135623|Vibrionales	COG4591 ABC-type transport system, involved in lipoprotein release, permease component	lolC	-	ko:K09808	ko02010,map02010	ko00000,ko00001,ko00002,ko02000	FtsX,MacB_PCD
3225	GEA49780.1	1205908.AKXW01000108_gene1177	0.0	2201.0	COG1197@1|root,COG1197@2|Bacteria,1MUXG@1224|Proteobacteria,1RNCU@1236|Gammaproteobacteria,1XSMS@135623|Vibrionales	Couples transcription and DNA repair by recognizing RNA polymerase (RNAP) stalled at DNA lesions. Mediates ATP-dependent release of RNAP and its truncated transcript from the DNA, and recruitment of nucleotide excision repair machinery to the damaged site	mfd	-	ko:K03723	ko03420,map03420	ko00000,ko00001,ko01000,ko03400	CarD_CdnL_TRCF,DEAD,Helicase_C,TRCF
3225	GEA49781.1	1205908.AKXW01000108_gene1178	2.37e-170	478.0	2EC19@1|root,3360G@2|Bacteria,1N87W@1224|Proteobacteria,1S7E3@1236|Gammaproteobacteria,1XSJF@135623|Vibrionales	Peptidoglycan-binding protein, CsiV	pgs1	-	-	-	-	CsiV
3225	GEA49782.1	1219072.VHA01S_025_00190	1.78e-174	490.0	COG3618@1|root,COG3618@2|Bacteria,1N2QM@1224|Proteobacteria,1RQ8V@1236|Gammaproteobacteria,1XX15@135623|Vibrionales	Amidohydrolase	-	-	ko:K10221	ko00362,ko00627,ko01120,map00362,map00627,map01120	ko00000,ko00001,ko01000	Amidohydro_2
3225	GEA49783.1	1205908.AKXW01000108_gene1179	1.85e-302	825.0	COG1252@1|root,COG1252@2|Bacteria,1MX96@1224|Proteobacteria,1RM9I@1236|Gammaproteobacteria,1XTJK@135623|Vibrionales	COG1252 NADH dehydrogenase, FAD-containing subunit	ndh	-	ko:K03885	ko00190,map00190	ko00000,ko00001,ko01000	Pyr_redox_2
3225	GEA49784.1	1205908.AKXW01000108_gene1180	5.9e-126	358.0	COG3150@1|root,COG3150@2|Bacteria,1NV1Y@1224|Proteobacteria,1RPQX@1236|Gammaproteobacteria,1XUBH@135623|Vibrionales	Belongs to the UPF0227 family	ycfP	-	ko:K07000	-	ko00000	UPF0227
3225	GEA49785.1	1205908.AKXW01000108_gene1181	1.71e-131	374.0	COG3417@1|root,COG3417@2|Bacteria,1RA6V@1224|Proteobacteria,1S30E@1236|Gammaproteobacteria,1XUJ6@135623|Vibrionales	Collagen-binding surface adhesin SpaP (Antigen I II family)	lpoB	-	ko:K07337	-	ko00000	LpoB
3225	GEA49786.1	1205908.AKXW01000108_gene1182	8.34e-86	253.0	COG5633@1|root,COG5633@2|Bacteria,1N0YQ@1224|Proteobacteria,1S20S@1236|Gammaproteobacteria,1XXI4@135623|Vibrionales	periplasmic lipoprotein	-	-	-	-	-	DUF1425
3225	GEA49787.1	1205908.AKXW01000108_gene1183	7.69e-304	832.0	COG3014@1|root,COG3014@2|Bacteria,1PD4S@1224|Proteobacteria,1RQ8Y@1236|Gammaproteobacteria,1XUG4@135623|Vibrionales	protein conserved in bacteria	-	-	ko:K09859	-	ko00000	-
3225	GEA49788.1	1205908.AKXW01000108_gene1184	1.77e-74	223.0	COG0537@1|root,COG0537@2|Bacteria,1RDCJ@1224|Proteobacteria,1S3QE@1236|Gammaproteobacteria,1XXB1@135623|Vibrionales	COG0537 Diadenosine tetraphosphate (Ap4A) hydrolase and other HIT family hydrolases	hinT	-	ko:K02503	-	ko00000,ko04147	HIT
3225	GEA49789.1	1205908.AKXW01000108_gene1185	6.55e-272	744.0	COG4006@1|root,COG4006@2|Bacteria,1RFA6@1224|Proteobacteria,1S6RM@1236|Gammaproteobacteria,1XU5U@135623|Vibrionales	Domain of unknown function (DUF1887)	VV2376	-	-	-	-	DUF1887
3225	GEA49790.1	1205908.AKXW01000108_gene1186	1.38e-178	498.0	COG2820@1|root,COG2820@2|Bacteria,1P0EC@1224|Proteobacteria,1RN3N@1236|Gammaproteobacteria,1XSZE@135623|Vibrionales	Catalyzes the reversible phosphorylytic cleavage of uridine and deoxyuridine to uracil and ribose- or deoxyribose-1- phosphate. The produced molecules are then utilized as carbon and energy sources or in the rescue of pyrimidine bases for nucleotide synthesis	udp	-	ko:K00757	ko00240,ko00983,ko01100,map00240,map00983,map01100	ko00000,ko00001,ko01000	PNP_UDP_1
3225	GEA49791.1	1205908.AKXW01000108_gene1187	2.15e-90	265.0	COG0517@1|root,COG0517@2|Bacteria,1N2XI@1224|Proteobacteria,1SA5K@1236|Gammaproteobacteria,1XXA2@135623|Vibrionales	COG0517 FOG CBS domain	-	-	-	-	-	CBS
3225	GEA49792.1	1205908.AKXW01000108_gene1188	5.44e-29	105.0	2EV9I@1|root,33NQ7@2|Bacteria,1NK5R@1224|Proteobacteria,1SGKG@1236|Gammaproteobacteria,1XZ9J@135623|Vibrionales	-	-	-	-	-	-	-
3225	GEA49793.1	1205908.AKXW01000108_gene1189	9.63e-227	630.0	COG3137@1|root,COG3137@2|Bacteria,1RCKQ@1224|Proteobacteria,1S0GK@1236|Gammaproteobacteria,1XWB7@135623|Vibrionales	Protein of unknown function, DUF481	-	-	-	-	-	DUF481
3225	GEA49794.1	1205908.AKXW01000108_gene1190	1.03e-220	616.0	COG1566@1|root,COG1566@2|Bacteria,1MU7I@1224|Proteobacteria,1RPV2@1236|Gammaproteobacteria,1XUFT@135623|Vibrionales	Secretion protein	-	-	-	-	-	Biotin_lipoyl_2,HlyD_D23
3225	GEA49795.1	1205908.AKXW01000108_gene1191	5.48e-200	560.0	28KBW@1|root,32WZI@2|Bacteria,1MZUR@1224|Proteobacteria,1S946@1236|Gammaproteobacteria,1Y2DC@135623|Vibrionales	Protein of unknown function (DUF2955)	-	-	-	-	-	DUF2955
3225	GEA49796.1	1205908.AKXW01000108_gene1200	1.83e-301	828.0	COG4784@1|root,COG4784@2|Bacteria,1QTT7@1224|Proteobacteria,1RSQ1@1236|Gammaproteobacteria,1XWGA@135623|Vibrionales	Peptidase family M48	-	-	-	-	-	Peptidase_M48
3225	GEA49797.1	1205908.AKXW01000108_gene1201	1.27e-221	610.0	COG0447@1|root,COG0447@2|Bacteria,1QTZ2@1224|Proteobacteria,1T1TZ@1236|Gammaproteobacteria,1XVFY@135623|Vibrionales	Converts o-succinylbenzoyl-CoA (OSB-CoA) to 1,4- dihydroxy-2-naphthoyl-CoA (DHNA-CoA)	menB	-	ko:K01661	ko00130,ko01100,ko01110,map00130,map01100,map01110	ko00000,ko00001,ko00002,ko01000	ECH_1
3225	GEA49798.1	1205908.AKXW01000108_gene1202	5.41e-112	324.0	COG3212@1|root,COG3212@2|Bacteria,1N82S@1224|Proteobacteria,1THNC@1236|Gammaproteobacteria,1XWVU@135623|Vibrionales	peptidase	-	-	-	-	-	-
3225	GEA49799.1	1205908.AKXW01000108_gene1203	4.07e-148	418.0	COG0745@1|root,COG0745@2|Bacteria,1MU67@1224|Proteobacteria,1RNWH@1236|Gammaproteobacteria,1XUIG@135623|Vibrionales	COG0745 Response regulators consisting of a CheY-like receiver domain and a winged-helix DNA-binding domain	-	-	ko:K02483	-	ko00000,ko02022	Response_reg,Trans_reg_C
3225	GEA49800.1	1205908.AKXW01000108_gene1204	2.99e-272	752.0	COG0642@1|root,COG2205@2|Bacteria,1MW8M@1224|Proteobacteria,1RQPH@1236|Gammaproteobacteria,1XV0M@135623|Vibrionales	His Kinase A (phosphoacceptor) domain	-	-	-	-	-	HATPase_c,HisKA
3225	GEA49801.1	1205908.AKXW01000108_gene1205	2e-265	729.0	COG0477@1|root,COG2814@2|Bacteria,1R91P@1224|Proteobacteria,1RMVM@1236|Gammaproteobacteria,1XV55@135623|Vibrionales	COG0477 Permeases of the major facilitator superfamily	-	-	-	-	-	MFS_1
3225	GEA49802.1	1205908.AKXW01000108_gene1206	7.96e-125	356.0	COG0110@1|root,COG0110@2|Bacteria,1RA2T@1224|Proteobacteria,1S3ZZ@1236|Gammaproteobacteria,1XUHN@135623|Vibrionales	COG0110 Acetyltransferase (isoleucine patch superfamily)	maa	-	ko:K00661	-	ko00000,ko01000	Hexapep,Hexapep_2,Mac
3225	GEA49803.1	1205908.AKXW01000108_gene1207	1.22e-207	574.0	COG0204@1|root,COG0204@2|Bacteria,1MVWG@1224|Proteobacteria,1RR21@1236|Gammaproteobacteria,1XTJU@135623|Vibrionales	1-acyl-sn-glycerol-3-phosphate acyltransferase	-	-	-	-	-	Acyltransferase
3225	GEA49804.1	1205908.AKXW01000108_gene1208	2.16e-196	545.0	COG0583@1|root,COG0583@2|Bacteria,1MUIX@1224|Proteobacteria,1RRF3@1236|Gammaproteobacteria,1XTEB@135623|Vibrionales	COG0583 Transcriptional regulator	metR	-	ko:K03576	-	ko00000,ko03000	HTH_1,LysR_substrate
3225	GEA49806.1	1205908.AKXW01000108_gene1209	1.2e-96	284.0	COG4961@1|root,COG4961@2|Bacteria,1NMP4@1224|Proteobacteria,1SHEM@1236|Gammaproteobacteria,1XX8N@135623|Vibrionales	TadE-like protein	-	-	-	-	-	TadE
3225	GEA49807.1	1219072.VHA01S_026_00230	9.25e-85	254.0	COG4961@1|root,COG4961@2|Bacteria,1N654@1224|Proteobacteria,1THCQ@1236|Gammaproteobacteria,1XTZ4@135623|Vibrionales	TadE-like protein	-	-	-	-	-	TadE
3225	GEA49808.1	1219080.VEZ01S_09_00240	2.64e-120	367.0	COG4961@1|root,COG4961@2|Bacteria,1NGJW@1224|Proteobacteria,1T5Y2@1236|Gammaproteobacteria,1XVKK@135623|Vibrionales	von Willebrand factor type A domain	-	-	-	-	-	Tad,VWA
3225	GEA49809.1	1205908.AKXW01000108_gene1212	1.18e-156	444.0	COG0672@1|root,COG0672@2|Bacteria,1MXHM@1224|Proteobacteria,1RMWB@1236|Gammaproteobacteria,1XX93@135623|Vibrionales	Iron permease FTR1 family	-	-	ko:K07243	-	ko00000,ko02000	FTR1
3225	GEA49810.1	1205908.AKXW01000108_gene1213	1.37e-142	404.0	292MF@1|root,2ZQ5C@2|Bacteria,1RCYR@1224|Proteobacteria,1S44V@1236|Gammaproteobacteria,1XVY5@135623|Vibrionales	Protein of unknown function (DUF3047)	-	-	-	-	-	DUF3047
3225	GEA49811.1	1205908.AKXW01000108_gene1214	4.1e-106	308.0	28NVI@1|root,2ZBTK@2|Bacteria,1RJV0@1224|Proteobacteria,1T13I@1236|Gammaproteobacteria,1Y30Q@135623|Vibrionales	Bacterial inner membrane protein	-	-	-	-	-	Imp-YgjV
3225	GEA49812.1	1205908.AKXW01000108_gene1215	4.59e-175	489.0	COG1414@1|root,COG1414@2|Bacteria,1MUNW@1224|Proteobacteria,1RR06@1236|Gammaproteobacteria,1XU1E@135623|Vibrionales	helix_turn_helix isocitrate lyase regulation	kdgR	-	ko:K19333,ko:K21602	-	ko00000,ko03000	HTH_IclR,IclR
3225	GEA49813.1	1205908.AKXW01000108_gene1217	0.0	947.0	COG3046@1|root,COG3046@2|Bacteria,1MUHX@1224|Proteobacteria,1RNUM@1236|Gammaproteobacteria,1XTNM@135623|Vibrionales	protein related to deoxyribodipyrimidine photolyase	-	-	ko:K06876	-	ko00000	DPRP
3225	GEA49814.1	1205908.AKXW01000108_gene1218	3.39e-43	145.0	2AAQ1@1|root,31023@2|Bacteria,1Q55F@1224|Proteobacteria,1SQBZ@1236|Gammaproteobacteria,1XZ4B@135623|Vibrionales	-	-	-	-	-	-	-
3225	GEA49815.1	1205908.AKXW01000108_gene1220	0.0	2771.0	COG0493@1|root,COG3383@1|root,COG0493@2|Bacteria,COG3383@2|Bacteria,1MU2H@1224|Proteobacteria,1SMV9@1236|Gammaproteobacteria,1Y32S@135623|Vibrionales	Belongs to the prokaryotic molybdopterin-containing oxidoreductase family	-	-	ko:K00123	ko00630,ko00680,ko01100,ko01120,ko01200,map00630,map00680,map01100,map01120,map01200	ko00000,ko00001,ko01000	Fer2_4,Fer4,Fer4_20,Fer4_7,Molybdop_Fe4S4,Molybdopterin,Molydop_binding,Pyr_redox_2
3225	GEA49816.1	1205908.AKXW01000108_gene1221	0.0	1452.0	COG0620@1|root,COG0620@2|Bacteria,1MUI9@1224|Proteobacteria,1RMBA@1236|Gammaproteobacteria,1XSM3@135623|Vibrionales	Catalyzes the transfer of a methyl group from 5- methyltetrahydrofolate to homocysteine resulting in methionine formation	metE	GO:0000096,GO:0000097,GO:0003674,GO:0003824,GO:0003871,GO:0005575,GO:0005576,GO:0005622,GO:0005623,GO:0005737,GO:0005829,GO:0006082,GO:0006520,GO:0006555,GO:0006790,GO:0006807,GO:0008150,GO:0008152,GO:0008168,GO:0008172,GO:0008652,GO:0008705,GO:0009058,GO:0009066,GO:0009067,GO:0009086,GO:0009987,GO:0016053,GO:0016740,GO:0016741,GO:0019752,GO:0032259,GO:0042084,GO:0042085,GO:0043436,GO:0044237,GO:0044238,GO:0044249,GO:0044272,GO:0044281,GO:0044283,GO:0044424,GO:0044444,GO:0044464,GO:0046394,GO:0050667,GO:0071704,GO:1901564,GO:1901566,GO:1901576,GO:1901605,GO:1901607	ko:K00549	ko00270,ko00450,ko01100,ko01110,ko01230,map00270,map00450,map01100,map01110,map01230	ko00000,ko00001,ko00002,ko01000	Meth_synt_1,Meth_synt_2
3225	GEA49817.1	1205908.AKXW01000108_gene1222	1.01e-275	753.0	COG0673@1|root,COG0673@2|Bacteria,1PFCP@1224|Proteobacteria,1RRTX@1236|Gammaproteobacteria,1XWF0@135623|Vibrionales	Oxidoreductase family, NAD-binding Rossmann fold	-	-	-	-	-	GFO_IDH_MocA
3225	GEA49818.1	1205908.AKXW01000108_gene1223	1.03e-305	832.0	COG4948@1|root,COG4948@2|Bacteria,1MURK@1224|Proteobacteria,1RNRB@1236|Gammaproteobacteria,1XVJM@135623|Vibrionales	Mandelate racemase / muconate lactonizing enzyme, C-terminal domain	-	-	ko:K08323	ko00040,ko01100,map00040,map01100	ko00000,ko00001,ko00002,ko01000	MR_MLE_C,MR_MLE_N
3225	GEA49819.1	1205908.AKXW01000108_gene1224	7.25e-219	606.0	COG1609@1|root,COG1609@2|Bacteria,1P73T@1224|Proteobacteria,1RPPN@1236|Gammaproteobacteria,1XWEN@135623|Vibrionales	helix_turn _helix lactose operon repressor	-	-	-	-	-	LacI,Peripla_BP_3
3225	GEA49820.1	1205908.AKXW01000108_gene1225	0.0	1028.0	COG0601@1|root,COG1173@1|root,COG0601@2|Bacteria,COG1173@2|Bacteria,1R3VQ@1224|Proteobacteria,1RY4F@1236|Gammaproteobacteria,1XTGP@135623|Vibrionales	Binding-protein-dependent transport system inner membrane component	-	-	ko:K02033,ko:K02034	ko02024,map02024	ko00000,ko00001,ko00002,ko02000	BPD_transp_1
3225	GEA49821.1	1205908.AKXW01000108_gene1226	0.0	926.0	COG0747@1|root,COG0747@2|Bacteria,1P1HT@1224|Proteobacteria,1RY88@1236|Gammaproteobacteria,1XV49@135623|Vibrionales	Bacterial extracellular solute-binding proteins, family 5 Middle	-	-	ko:K02035	ko02024,map02024	ko00000,ko00001,ko00002,ko02000	SBP_bac_5
3225	GEA49822.1	1205908.AKXW01000108_gene1227	8.78e-172	481.0	COG4608@1|root,COG4608@2|Bacteria,1MXSC@1224|Proteobacteria,1RQR4@1236|Gammaproteobacteria,1XUZ1@135623|Vibrionales	ATPases associated with a variety of cellular activities	-	-	-	-	-	ABC_tran
3225	GEA49823.1	1205908.AKXW01000108_gene1228	1.59e-151	429.0	COG0444@1|root,COG0444@2|Bacteria,1NYB6@1224|Proteobacteria,1RQNM@1236|Gammaproteobacteria,1XV07@135623|Vibrionales	ATPases associated with a variety of cellular activities	-	-	ko:K02031	ko02024,map02024	ko00000,ko00001,ko00002,ko02000	ABC_tran
3225	GEA49824.1	1205908.AKXW01000108_gene1229	3.77e-289	792.0	COG0534@1|root,COG0534@2|Bacteria,1MV6B@1224|Proteobacteria,1RPGF@1236|Gammaproteobacteria,1XVPD@135623|Vibrionales	MatE	-	-	ko:K03327	-	ko00000,ko02000	MatE
3225	GEA49825.1	637905.SVI_2174	1.39e-11	62.0	2A4CT@1|root,30SYM@2|Bacteria,1PCHY@1224|Proteobacteria,1SXJM@1236|Gammaproteobacteria,2QCTR@267890|Shewanellaceae	-	-	-	-	-	-	-
3225	GEA49826.1	1001530.BACE01000027_gene258	3.19e-96	298.0	COG2067@1|root,COG2067@2|Bacteria	long-chain fatty acid transporting porin activity	-	-	-	-	-	Phenol_MetA_deg,Toluene_X
3225	GEA49827.1	1205908.AKXW01000108_gene1230	1.01e-151	430.0	COG1349@1|root,COG1349@2|Bacteria,1MUJG@1224|Proteobacteria,1RPS0@1236|Gammaproteobacteria,1XSYQ@135623|Vibrionales	COG1349 Transcriptional regulators of sugar metabolism	-	-	ko:K02444	-	ko00000,ko03000	DeoRC,HTH_DeoR
3225	GEA49828.1	1205908.AKXW01000108_gene1231	1.8e-149	423.0	COG0584@1|root,COG0584@2|Bacteria,1MU8H@1224|Proteobacteria,1RQWX@1236|Gammaproteobacteria,1Y29F@135623|Vibrionales	Glycerophosphoryl diester phosphodiesterase family	ugpQ	-	ko:K01126	ko00564,map00564	ko00000,ko00001,ko01000	GDPD
3225	GEA49829.1	1205908.AKXW01000108_gene1232	3.25e-315	858.0	COG1653@1|root,COG1653@2|Bacteria,1MVMW@1224|Proteobacteria,1RRH3@1236|Gammaproteobacteria,1XV4I@135623|Vibrionales	ABC transporter	ugpB	-	ko:K05813	ko02010,map02010	ko00000,ko00001,ko00002,ko02000	SBP_bac_8
3225	GEA49830.1	1205908.AKXW01000108_gene1233	2.03e-194	541.0	COG1175@1|root,COG1175@2|Bacteria,1MVAP@1224|Proteobacteria,1RNQF@1236|Gammaproteobacteria,1XSBT@135623|Vibrionales	permease	ugpA	-	ko:K05814	ko02010,map02010	ko00000,ko00001,ko00002,ko02000	BPD_transp_1
3225	GEA49831.1	1205908.AKXW01000108_gene1234	4.62e-190	529.0	COG0395@1|root,COG0395@2|Bacteria,1MUWS@1224|Proteobacteria,1RMKG@1236|Gammaproteobacteria,1XVTC@135623|Vibrionales	probably responsible for the translocation of the substrate across the membrane	ugpE	-	ko:K05815	ko02010,map02010	ko00000,ko00001,ko00002,ko02000	BPD_transp_1
3225	GEA49832.1	1205908.AKXW01000108_gene1235	1.2e-242	669.0	COG3842@1|root,COG3842@2|Bacteria,1MU3I@1224|Proteobacteria,1RM9E@1236|Gammaproteobacteria,1XSE0@135623|Vibrionales	Belongs to the ABC transporter superfamily	ugpC	GO:0003674,GO:0003824,GO:0005215,GO:0006810,GO:0006811,GO:0006820,GO:0008150,GO:0008509,GO:0008514,GO:0015075,GO:0015169,GO:0015399,GO:0015405,GO:0015430,GO:0015605,GO:0015711,GO:0015748,GO:0015794,GO:0016462,GO:0016787,GO:0016817,GO:0016818,GO:0016887,GO:0017111,GO:0022804,GO:0022857,GO:0034220,GO:0042623,GO:0042626,GO:0043492,GO:0051179,GO:0051234,GO:0055085,GO:0071702,GO:0098656,GO:1901264,GO:1901505	ko:K05816	ko02010,map02010	ko00000,ko00001,ko00002,ko01000,ko02000	ABC_tran,TOBE_2
3225	GEA49833.1	1205908.AKXW01000108_gene1236	1.01e-171	482.0	COG0561@1|root,COG0561@2|Bacteria,1R4WX@1224|Proteobacteria,1S3QA@1236|Gammaproteobacteria,1XVPQ@135623|Vibrionales	hydrolases of the HAD superfamily	-	-	-	-	-	Hydrolase_3
3225	GEA49834.1	1205908.AKXW01000108_gene1238	1.44e-81	242.0	2B6HK@1|root,31ZFV@2|Bacteria,1QKH1@1224|Proteobacteria,1TIM6@1236|Gammaproteobacteria,1XZBJ@135623|Vibrionales	-	-	-	-	-	-	-
3225	GEA49835.1	1219080.VEZ01S_09_00060	1.02e-42	140.0	2AWGX@1|root,31NDC@2|Bacteria,1QK4H@1224|Proteobacteria,1TI7F@1236|Gammaproteobacteria,1XYJM@135623|Vibrionales	-	-	-	-	-	-	-
3225	GEA49836.1	1205908.AKXW01000108_gene1246	1.96e-261	721.0	COG0531@1|root,COG0531@2|Bacteria,1NCSX@1224|Proteobacteria,1RND7@1236|Gammaproteobacteria,1XUR8@135623|Vibrionales	COG0531 Amino acid transporters	-	-	ko:K16263	-	ko00000,ko02000	AA_permease_2
3225	GEA49837.1	1205908.AKXW01000108_gene1247	2.2e-230	636.0	COG3203@1|root,COG3203@2|Bacteria,1NUFJ@1224|Proteobacteria,1SN6J@1236|Gammaproteobacteria,1XVYR@135623|Vibrionales	Gram-negative porin	-	-	-	-	-	Porin_4
3225	GEA49838.1	1205908.AKXW01000108_gene1255	2.14e-138	394.0	COG1346@1|root,COG1346@2|Bacteria,1MXJR@1224|Proteobacteria,1RPT4@1236|Gammaproteobacteria,1XTB6@135623|Vibrionales	LrgB-like family	-	-	-	-	-	LrgB
3225	GEA49839.1	1205908.AKXW01000108_gene1256	9.93e-70	212.0	COG1380@1|root,COG1380@2|Bacteria,1N79K@1224|Proteobacteria,1S4WD@1236|Gammaproteobacteria,1XX63@135623|Vibrionales	LrgA family	-	-	ko:K06518	-	ko00000,ko02000	LrgA
3225	GEA49840.1	1205908.AKXW01000108_gene1257	2.44e-183	513.0	COG0583@1|root,COG0583@2|Bacteria,1NUAB@1224|Proteobacteria,1RNYQ@1236|Gammaproteobacteria,1XSF5@135623|Vibrionales	Transcriptional regulator	-	-	-	-	-	HTH_1,LysR_substrate
3225	GEA49841.1	1205908.AKXW01000108_gene1258	9.89e-222	614.0	COG1988@1|root,COG1988@2|Bacteria,1QK5N@1224|Proteobacteria,1S0MU@1236|Gammaproteobacteria,1XSC2@135623|Vibrionales	membrane-bound metal-dependent hydrolases	-	-	ko:K07038	-	ko00000	YdjM
3225	GEA49842.1	1205908.AKXW01000108_gene1259	1.51e-120	347.0	COG0664@1|root,COG0664@2|Bacteria,1PGMA@1224|Proteobacteria,1RXUF@1236|Gammaproteobacteria,1XZP6@135623|Vibrionales	Crp-like helix-turn-helix domain	-	-	ko:K10914	ko02020,ko02024,ko02025,ko02026,ko05111,map02020,map02024,map02025,map02026,map05111	ko00000,ko00001,ko03000	HTH_Crp_2,cNMP_binding
3225	GEA49843.1	1205908.AKXW01000108_gene1260	0.0	925.0	COG5361@1|root,COG5361@2|Bacteria,1NX2A@1224|Proteobacteria,1RZYZ@1236|Gammaproteobacteria,1XVFC@135623|Vibrionales	Protein of unknown function (DUF1214)	-	-	-	-	-	DUF1214,DUF1254
3225	GEA49844.1	1219077.VAZ01S_004_00480	0.0	990.0	COG1292@1|root,COG1292@2|Bacteria,1MV0K@1224|Proteobacteria,1RP3E@1236|Gammaproteobacteria,1XV6I@135623|Vibrionales	Belongs to the BCCT transporter (TC 2.A.15) family	VV0783	-	ko:K03451	-	ko00000	BCCT
3225	GEA49846.1	1205908.AKXW01000108_gene1264	0.0	1270.0	COG0744@1|root,COG0744@2|Bacteria,1QTST@1224|Proteobacteria,1RNHV@1236|Gammaproteobacteria,1XTTG@135623|Vibrionales	Cell wall formation. Synthesis of cross-linked peptidoglycan from the lipid intermediates. The enzyme has a penicillin-insensitive transglycosylase N-terminal domain (formation of linear glycan strands) and a penicillin-sensitive transpeptidase C-terminal domain (cross-linking of the peptide subunits)	-	-	ko:K05365	ko00550,map00550	ko00000,ko00001,ko01000,ko01003,ko01011	Transgly,Transpeptidase,UB2H
3225	GEA49847.1	1219080.VEZ01S_54_00040	1.32e-111	320.0	COG0346@1|root,COG0346@2|Bacteria,1QEI0@1224|Proteobacteria,1RRJ9@1236|Gammaproteobacteria,1XUJU@135623|Vibrionales	COG0346 Lactoylglutathione lyase and related lyases	-	-	-	-	-	Glyoxalase
3225	GEA49848.1	1205908.AKXW01000108_gene1266	1.04e-94	279.0	COG1335@1|root,COG1335@2|Bacteria,1MU5N@1224|Proteobacteria,1SNDE@1236|Gammaproteobacteria,1Y24N@135623|Vibrionales	Isochorismatase family	-	-	-	-	-	Isochorismatase
3225	GEA49849.1	1205908.AKXW01000108_gene1267	0.0	1652.0	COG0243@1|root,COG0243@2|Bacteria,1NR6J@1224|Proteobacteria,1RMVE@1236|Gammaproteobacteria,1XV0F@135623|Vibrionales	COG0243 Anaerobic dehydrogenases, typically selenocysteine-containing	torZ	-	ko:K07811,ko:K07812	ko02020,map02020	ko00000,ko00001,ko01000,ko02000	Molybdop_Fe4S4,Molybdopterin,Molydop_binding,TAT_signal
3225	GEA49850.1	1205908.AKXW01000108_gene1268	1.93e-266	729.0	COG3005@1|root,COG3005@2|Bacteria,1MWV2@1224|Proteobacteria,1RQ52@1236|Gammaproteobacteria,1XSGP@135623|Vibrionales	Belongs to the TorC TorY family	torY	-	ko:K07821	-	ko00000,ko02000	Cytochrom_NNT
3225	GEA49851.1	1280001.BAOA01000022_gene597	5.57e-254	711.0	COG0488@1|root,COG0488@2|Bacteria,1MV25@1224|Proteobacteria,1RNM9@1236|Gammaproteobacteria,1XSYG@135623|Vibrionales	COG0488 ATPase components of ABC transporters with duplicated ATPase domains	-	-	-	-	-	ABC_tran,ABC_tran_Xtn
3225	GEA49852.1	1205908.AKXW01000108_gene1271	9.64e-93	275.0	COG0625@1|root,COG0625@2|Bacteria,1RD2G@1224|Proteobacteria,1RQGI@1236|Gammaproteobacteria,1XWVB@135623|Vibrionales	Glutathione S-transferase, C-terminal domain	-	-	-	-	-	GST_C,GST_C_2,GST_N_3
3225	GEA49854.1	675817.VDA_000710	0.0	929.0	COG0443@1|root,COG0443@2|Bacteria,1MVEN@1224|Proteobacteria,1RMDD@1236|Gammaproteobacteria,1XUDT@135623|Vibrionales	Heat shock 70 kDa protein	dnaK	GO:0006457,GO:0008150,GO:0009987	ko:K04043	ko03018,ko04212,ko05152,map03018,map04212,map05152	ko00000,ko00001,ko03019,ko03029,ko03110,ko04147	HSP70
3225	GEA49855.1	1159488.SEQMU2_06075	8.71e-46	166.0	COG0484@1|root,COG0484@2|Bacteria,1TP00@1239|Firmicutes,4H9KA@91061|Bacilli,4GY77@90964|Staphylococcaceae	ATP binding to DnaK triggers the release of the substrate protein, thus completing the reaction cycle. Several rounds of ATP-dependent interactions between DnaJ, DnaK and GrpE are required for fully efficient folding. Also involved, together with DnaK and GrpE, in the DNA replication of plasmids through activation of initiation proteins	dnaJ	-	ko:K03686	-	ko00000,ko03029,ko03110	DnaJ,DnaJ_C,DnaJ_CXXCXGXG
3225	GEA49856.1	701176.VIBRN418_13956	1.37e-35	129.0	COG0576@1|root,COG0576@2|Bacteria,1RH8T@1224|Proteobacteria,1S5W5@1236|Gammaproteobacteria,1XT2V@135623|Vibrionales	Participates actively in the response to hyperosmotic and heat shock by preventing the aggregation of stress-denatured proteins, in association with DnaK and GrpE. It is the nucleotide exchange factor for DnaK and may function as a thermosensor. Unfolded proteins bind initially to DnaJ	grpE	GO:0000166,GO:0000774,GO:0003674,GO:0005488,GO:0005515,GO:0005575,GO:0005622,GO:0005623,GO:0005737,GO:0005829,GO:0006457,GO:0008150,GO:0009987,GO:0017076,GO:0030234,GO:0030554,GO:0036094,GO:0044424,GO:0044444,GO:0044464,GO:0050790,GO:0051082,GO:0060589,GO:0060590,GO:0065007,GO:0065009,GO:0097159,GO:0098772,GO:1901265,GO:1901363	ko:K03687	-	ko00000,ko03029,ko03110	GrpE
3225	GEA49857.1	1205908.AKXW01000108_gene1275	2.46e-289	790.0	COG2355@1|root,COG2355@2|Bacteria,1MWEW@1224|Proteobacteria,1RQ31@1236|Gammaproteobacteria,1XV2J@135623|Vibrionales	COG2355 Zn-dependent dipeptidase, microsomal dipeptidase homolog	-	-	ko:K01273	-	ko00000,ko00537,ko01000,ko01002,ko04147	Peptidase_M19
3225	GEA49859.1	1205908.AKXW01000108_gene1279	2.57e-98	286.0	COG0735@1|root,COG0735@2|Bacteria,1MZIW@1224|Proteobacteria,1S6K9@1236|Gammaproteobacteria,1XXNQ@135623|Vibrionales	Belongs to the Fur family	-	-	ko:K09823	ko02024,map02024	ko00000,ko00001,ko03000	FUR
3225	GEA49860.1	1205908.AKXW01000108_gene1281	3.17e-202	564.0	COG1609@1|root,COG1609@2|Bacteria,1MVUR@1224|Proteobacteria,1RN2K@1236|Gammaproteobacteria,1XTVV@135623|Vibrionales	helix_turn _helix lactose operon repressor	-	-	ko:K02529	-	ko00000,ko03000	LacI,Peripla_BP_3
3225	GEA49861.1	1205908.AKXW01000108_gene1282	2.93e-194	539.0	COG2273@1|root,COG2273@2|Bacteria,1RANY@1224|Proteobacteria,1SIGK@1236|Gammaproteobacteria,1XX6K@135623|Vibrionales	Exported glycosyl hydrolase, family 16	-	-	-	-	-	Glyco_hydro_16
3225	GEA49862.1	1205908.AKXW01000108_gene1283	6.29e-183	516.0	COG1609@1|root,COG1609@2|Bacteria,1MVUR@1224|Proteobacteria,1RN2K@1236|Gammaproteobacteria,1XTVV@135623|Vibrionales	helix_turn _helix lactose operon repressor	-	-	ko:K02529	-	ko00000,ko03000	LacI,Peripla_BP_3
3225	GEA49863.1	575788.VS_2117	1.49e-82	247.0	2E1PZ@1|root,32X0D@2|Bacteria,1N001@1224|Proteobacteria,1S9M7@1236|Gammaproteobacteria,1XWP7@135623|Vibrionales	-	-	-	-	-	-	-
3225	GEA49864.1	1205908.AKXW01000119_gene505	3.87e-202	563.0	COG0861@1|root,COG0861@2|Bacteria,1MUNR@1224|Proteobacteria,1RP9Y@1236|Gammaproteobacteria,1XUEI@135623|Vibrionales	COG0861 Membrane protein TerC, possibly involved in tellurium resistance	alx	-	ko:K05794	-	ko00000	TerC
3225	GEA49865.1	1205908.AKXW01000119_gene506	1.97e-216	605.0	COG0477@1|root,COG2814@2|Bacteria,1MW19@1224|Proteobacteria,1RMSZ@1236|Gammaproteobacteria,1XSKM@135623|Vibrionales	of the major facilitator superfamily	-	-	ko:K07552	-	ko00000,ko02000	MFS_1
3225	GEA49867.1	1205908.AKXW01000119_gene507	1.15e-265	730.0	COG0739@1|root,COG1388@1|root,COG0739@2|Bacteria,COG1388@2|Bacteria,1MVTF@1224|Proteobacteria,1RM7S@1236|Gammaproteobacteria,1XVKS@135623|Vibrionales	COG0739 Membrane proteins related to metalloendopeptidases	-	-	-	-	-	OapA,Peptidase_M23
3225	GEA49868.1	1205908.AKXW01000119_gene508	1.61e-128	367.0	COG1376@1|root,COG1376@2|Bacteria,1RA7Q@1224|Proteobacteria,1S5JW@1236|Gammaproteobacteria,1XVZN@135623|Vibrionales	L,D-transpeptidase catalytic domain	-	-	-	-	-	YkuD_2
3225	GEA49869.1	1205908.AKXW01000119_gene509	6.4e-227	630.0	COG0814@1|root,COG0814@2|Bacteria,1NSWF@1224|Proteobacteria,1SM8N@1236|Gammaproteobacteria,1XTEM@135623|Vibrionales	COG0814 Amino acid permeases	-	-	ko:K03834	-	ko00000,ko02000	Trp_Tyr_perm
3225	GEA49870.1	1205908.AKXW01000119_gene510	0.0	996.0	COG1292@1|root,COG1292@2|Bacteria,1MV0K@1224|Proteobacteria,1RP3E@1236|Gammaproteobacteria,1XW4Z@135623|Vibrionales	Belongs to the BCCT transporter (TC 2.A.15) family	-	-	ko:K03451	-	ko00000	BCCT
3225	GEA49871.1	617140.AJZE01000072_gene803	2.19e-220	614.0	COG0845@1|root,COG0845@2|Bacteria,1MU78@1224|Proteobacteria,1RPI1@1236|Gammaproteobacteria,1XTHC@135623|Vibrionales	Belongs to the membrane fusion protein (MFP) (TC 8.A.1) family	acrE	-	-	-	-	Biotin_lipoyl_2
3225	GEA49872.1	1136163.M565_ctg5P1136	0.0	1831.0	COG0841@1|root,COG0841@2|Bacteria,1MU48@1224|Proteobacteria,1RMBN@1236|Gammaproteobacteria,1XSPS@135623|Vibrionales	COG0841 Cation multidrug efflux pump	acrB	-	ko:K18138	ko01501,ko01503,map01501,map01503	ko00000,ko00001,ko00002,ko01504,ko02000	ACR_tran
3225	GEA49873.1	617140.AJZE01000072_gene801	7.83e-132	379.0	COG4446@1|root,COG4446@2|Bacteria,1N31A@1224|Proteobacteria,1RRKY@1236|Gammaproteobacteria,1XW9P@135623|Vibrionales	Protein of unknown function (DUF1499)	-	-	-	-	-	DUF1499
3225	GEA49874.1	617140.AJZE01000072_gene800	2.19e-112	324.0	2C3S8@1|root,3311U@2|Bacteria,1P1AC@1224|Proteobacteria,1THPI@1236|Gammaproteobacteria,1XX1V@135623|Vibrionales	Ricin-type beta-trefoil	-	-	-	-	-	Ricin_B_lectin
3225	GEA49875.1	1205908.AKXW01000069_gene3514	9.88e-129	369.0	COG0745@1|root,COG0745@2|Bacteria,1RA00@1224|Proteobacteria,1S23N@1236|Gammaproteobacteria,1XSB7@135623|Vibrionales	COG0745 Response regulators consisting of a CheY-like receiver domain and a winged-helix DNA-binding domain	-	-	-	-	-	Response_reg,Trans_reg_C
3225	GEA49876.1	1205908.AKXW01000069_gene3515	7.12e-195	550.0	COG0642@1|root,COG0642@2|Bacteria,1R54C@1224|Proteobacteria,1RNTM@1236|Gammaproteobacteria,1XUQE@135623|Vibrionales	His Kinase A (phosphoacceptor) domain	-	-	-	-	-	HisKA
3225	GEA49877.1	1051646.VITU9109_09752	6.46e-125	366.0	COG2855@1|root,COG2855@2|Bacteria,1MVIP@1224|Proteobacteria,1RPSG@1236|Gammaproteobacteria,1XTQB@135623|Vibrionales	membrane	-	-	-	-	-	Cons_hypoth698
3225	GEA49878.1	1265503.KB905162_gene3493	8.69e-48	155.0	COG3615@1|root,COG3615@2|Bacteria,1NGBP@1224|Proteobacteria,1S8EY@1236|Gammaproteobacteria	Domain of unknown function (DUF1971)	-	-	-	-	-	DUF1971
3225	GEA49880.1	1219065.VPR01S_01_02590	4.08e-38	130.0	2A022@1|root,30N4C@2|Bacteria,1PU9F@1224|Proteobacteria,1SCMU@1236|Gammaproteobacteria,1XYCX@135623|Vibrionales	Domain of unknown function (DUF1840)	VPA1132	-	-	-	-	DUF1840
3225	GEA49881.1	323850.Shew_0984	6.14e-75	248.0	COG1680@1|root,COG1680@2|Bacteria,1P3SQ@1224|Proteobacteria,1SWQX@1236|Gammaproteobacteria,2QCYP@267890|Shewanellaceae	Beta-lactamase	-	-	-	-	-	Beta-lactamase
3225	GEA49882.1	225849.swp_0965	1.42e-59	206.0	COG1680@1|root,COG1680@2|Bacteria,1QCNN@1224|Proteobacteria,1T8E6@1236|Gammaproteobacteria,2QEAU@267890|Shewanellaceae	Beta-lactamase	-	-	-	-	-	Beta-lactamase
3225	GEA49883.1	710421.Mycch_2957	3.67e-34	130.0	COG1028@1|root,COG1028@2|Bacteria,2GK78@201174|Actinobacteria,23EV9@1762|Mycobacteriaceae	KR domain	-	-	-	-	-	adh_short,adh_short_C2
3225	GEA49884.1	225849.swp_0966	6.85e-89	273.0	COG0583@1|root,COG0583@2|Bacteria,1NUGA@1224|Proteobacteria,1SN8H@1236|Gammaproteobacteria,2QDBE@267890|Shewanellaceae	LysR substrate binding domain	-	-	-	-	-	HTH_1,LysR_substrate
3225	GEA49885.1	1336233.JAEH01000007_gene2435	5.71e-75	226.0	COG3111@1|root,COG3111@2|Bacteria,1N9HJ@1224|Proteobacteria,1SCD7@1236|Gammaproteobacteria	PFAM conserved	ygiW	-	-	-	-	BOF
3225	GEA49886.1	1336233.JAEH01000007_gene2433	2.45e-96	287.0	COG0583@1|root,COG0583@2|Bacteria,1R6B4@1224|Proteobacteria,1RZ71@1236|Gammaproteobacteria	transcriptional regulator	-	-	-	-	-	HTH_1,LysR_substrate
3225	GEA49887.1	1336233.JAEH01000007_gene2433	1.8e-14	72.0	COG0583@1|root,COG0583@2|Bacteria,1R6B4@1224|Proteobacteria,1RZ71@1236|Gammaproteobacteria	transcriptional regulator	-	-	-	-	-	HTH_1,LysR_substrate
3225	GEA49888.1	1336233.JAEH01000007_gene2434	7.75e-278	761.0	COG1680@1|root,COG1680@2|Bacteria,1QCNN@1224|Proteobacteria,1T8E6@1236|Gammaproteobacteria,2QEAU@267890|Shewanellaceae	Beta-lactamase	-	-	-	-	-	Beta-lactamase
3225	GEA49889.1	1536769.P40081_13160	2.06e-228	664.0	COG3459@1|root,COG3459@2|Bacteria,1TQY8@1239|Firmicutes,4HUUV@91061|Bacilli,26VES@186822|Paenibacillaceae	Glycosyltransferase family 36	-	-	ko:K18786	-	ko00000,ko01000	Glyco_hydro_36,Glyco_transf_36
3225	GEA49890.1	589873.EP13_17675	3.34e-54	205.0	COG2273@1|root,COG2273@2|Bacteria,1NFHX@1224|Proteobacteria,1RRPK@1236|Gammaproteobacteria,463ZT@72275|Alteromonadaceae	Beta-glucanase Beta-glucan synthetase	-	-	-	-	-	CBM_4_9,Glyco_hydro_16
3225	GEA49891.1	1120970.AUBZ01000021_gene3222	3.42e-98	303.0	COG3693@1|root,COG3693@2|Bacteria,1MX93@1224|Proteobacteria,1RZMK@1236|Gammaproteobacteria,4652G@72275|Alteromonadaceae	Glycosyl hydrolase family 10	-	-	ko:K01181	-	ko00000,ko01000	CBM_10,CBM_15,CBM_2,CBM_4_9,Glyco_hydro_10
3225	GEA49892.1	1136163.M565_ctg5P0833	4.03e-305	860.0	COG5297@1|root,COG5297@2|Bacteria,1NDMY@1224|Proteobacteria,1RN6M@1236|Gammaproteobacteria,1XVBU@135623|Vibrionales	Carbohydrate binding domain	-	-	ko:K01179	ko00500,ko01100,map00500,map01100	ko00000,ko00001,ko01000	CBM_4_9,CelD_N,Glyco_hydro_9
3225	GEA49893.1	1120970.AUBZ01000048_gene3866	1.22e-255	716.0	COG0747@1|root,COG0747@2|Bacteria,1N4PK@1224|Proteobacteria,1RZPY@1236|Gammaproteobacteria	ABC-Type Dipeptide Transport System Periplasmic Component	-	-	ko:K02035	ko02024,map02024	ko00000,ko00001,ko00002,ko02000	SBP_bac_5
3225	GEA49894.1	1006004.GBAG_4059	5.31e-88	281.0	COG4580@1|root,COG4580@2|Bacteria,1MX1A@1224|Proteobacteria,1RRWC@1236|Gammaproteobacteria	Maltoporin (phage lambda and maltose receptor)	VVA0122	-	ko:K02024	-	ko00000,ko02000	LamB
3225	GEA49895.1	1205908.AKXW01000077_gene3482	3e-176	498.0	COG4608@1|root,COG4608@2|Bacteria,1QE80@1224|Proteobacteria,1S135@1236|Gammaproteobacteria,1XSK7@135623|Vibrionales	Belongs to the ABC transporter superfamily	-	-	ko:K02032	ko02024,map02024	ko00000,ko00001,ko00002,ko02000	ABC_tran,oligo_HPY
3225	GEA49896.1	1120970.AUBZ01000048_gene3869	3.64e-179	506.0	COG0444@1|root,COG0444@2|Bacteria,1R4KB@1224|Proteobacteria,1SMBI@1236|Gammaproteobacteria,464HS@72275|Alteromonadaceae	COG0444 ABC-type dipeptide oligopeptide nickel transport system, ATPase component	-	-	ko:K15583	ko01501,ko02010,ko02024,map01501,map02010,map02024	ko00000,ko00001,ko00002,ko02000	ABC_tran,oligo_HPY
3225	GEA49897.1	1120970.AUBZ01000048_gene3868	2.12e-156	446.0	COG1173@1|root,COG1173@2|Bacteria,1MUG0@1224|Proteobacteria,1RN08@1236|Gammaproteobacteria,46D4J@72275|Alteromonadaceae	N-terminal TM domain of oligopeptide transport permease C	-	-	ko:K02034	ko02024,map02024	ko00000,ko00001,ko00002,ko02000	BPD_transp_1,OppC_N
3225	GEA49898.1	1120970.AUBZ01000048_gene3867	1.71e-174	493.0	COG0601@1|root,COG0601@2|Bacteria,1NH5E@1224|Proteobacteria,1RY03@1236|Gammaproteobacteria	COG0601 ABC-type dipeptide oligopeptide nickel transport systems, permease components	-	-	ko:K02033	ko02024,map02024	ko00000,ko00001,ko00002,ko02000	BPD_transp_1
3225	GEA49899.1	1205908.AKXW01000077_gene3477	6.14e-258	725.0	COG4289@1|root,COG4289@2|Bacteria,1MWVR@1224|Proteobacteria,1RNTP@1236|Gammaproteobacteria,1XTKX@135623|Vibrionales	Uncharacterized protein conserved in bacteria (DUF2264)	YPO0843	-	-	-	-	DUF2264
3225	GEA49900.1	1205908.AKXW01000077_gene3476	1.73e-182	519.0	COG4225@1|root,COG4225@2|Bacteria,1NQTS@1224|Proteobacteria,1RRKB@1236|Gammaproteobacteria,1XUQ8@135623|Vibrionales	Glycosyl Hydrolase Family 88	-	-	ko:K18581	-	ko00000,ko01000	Glyco_hydro_88
3225	GEA49901.1	1205908.AKXW01000077_gene3475	3.76e-72	236.0	COG1609@1|root,COG1609@2|Bacteria,1PJU6@1224|Proteobacteria,1SWH4@1236|Gammaproteobacteria,1Y0XA@135623|Vibrionales	Bacterial regulatory proteins, lacI family	-	-	-	-	-	LacI,Peripla_BP_3
3225	GEA49902.1	1219072.VHA01S_054_00010	4.83e-26	107.0	COG0582@1|root,COG0582@2|Bacteria,1N73Z@1224|Proteobacteria,1SEHI@1236|Gammaproteobacteria,1XTD7@135623|Vibrionales	Belongs to the 'phage' integrase family	-	-	-	-	-	Phage_integrase
3225	GEA49903.1	29495.EA26_00280	5.56e-90	266.0	COG3415@1|root,COG3415@2|Bacteria,1NBHM@1224|Proteobacteria,1SB7E@1236|Gammaproteobacteria,1XTIQ@135623|Vibrionales	Homeodomain-like domain	-	-	-	-	-	HTH_29,HTH_32,HTH_33
3225	GEA49904.1	1116375.VEJY3_13930	1.03e-26	104.0	COG3335@1|root,COG3415@1|root,COG3335@2|Bacteria,COG3415@2|Bacteria,1NBHM@1224|Proteobacteria,1SB7E@1236|Gammaproteobacteria,1XTIQ@135623|Vibrionales	Homeodomain-like domain	-	-	-	-	-	HTH_29,HTH_32,HTH_33
3225	GEA49906.1	1236542.BALM01000004_gene2523	3.62e-36	148.0	COG1835@1|root,COG1835@2|Bacteria,1MV2W@1224|Proteobacteria,1RQS2@1236|Gammaproteobacteria,2QDH9@267890|Shewanellaceae	Acyltransferase family	-	-	-	-	-	Acyl_transf_3
3225	GEA49910.1	491952.Mar181_2304	2.18e-101	295.0	COG0454@1|root,COG0456@2|Bacteria,1QUWI@1224|Proteobacteria,1T23R@1236|Gammaproteobacteria,1XK5Z@135619|Oceanospirillales	Acetyltransferase (GNAT) domain	-	-	-	-	-	Acetyltransf_1
3225	GEA49911.1	1205908.AKXW01000100_gene1123	2.55e-158	445.0	COG4445@1|root,COG4445@2|Bacteria,1MVFE@1224|Proteobacteria,1RQ8Z@1236|Gammaproteobacteria,1XUJD@135623|Vibrionales	COG4445 Hydroxylase for synthesis of 2-methylthio-cis-ribozeatin in tRNA	miaE	-	ko:K06169	-	ko00000,ko01000,ko03016	MiaE
3225	GEA49912.1	1205908.AKXW01000100_gene1122	1.09e-225	622.0	COG0583@1|root,COG0583@2|Bacteria,1MU8N@1224|Proteobacteria,1RN7T@1236|Gammaproteobacteria,1XTGJ@135623|Vibrionales	Transcriptional regulator	cysB	-	ko:K13634	-	ko00000,ko03000	HTH_1,LysR_substrate
3225	GEA49913.1	1205908.AKXW01000100_gene1121	6.11e-217	606.0	2C7MP@1|root,2Z7Q4@2|Bacteria,1NHK1@1224|Proteobacteria,1RQ17@1236|Gammaproteobacteria,1XTB8@135623|Vibrionales	COG0500 SAM-dependent methyltransferases	PP0279	-	-	-	-	Methyltransf_32
3225	GEA49914.1	1205908.AKXW01000004_gene3071	2.59e-256	704.0	COG0686@1|root,COG0686@2|Bacteria,1QTX1@1224|Proteobacteria,1T1JB@1236|Gammaproteobacteria,1XU10@135623|Vibrionales	Belongs to the AlaDH PNT family	ald	-	ko:K00259	ko00250,ko00430,ko01100,map00250,map00430,map01100	ko00000,ko00001,ko01000	AlaDh_PNT_C,AlaDh_PNT_N
3225	GEA49915.1	1205908.AKXW01000004_gene3072	1.27e-110	318.0	COG1522@1|root,COG1522@2|Bacteria,1MX7R@1224|Proteobacteria,1RPGA@1236|Gammaproteobacteria,1XVIW@135623|Vibrionales	COG1522 Transcriptional regulators	lrp	-	ko:K03719	-	ko00000,ko03000,ko03036	AsnC_trans_reg,HTH_24
3225	GEA49916.1	1205908.AKXW01000004_gene3073	0.0	1744.0	COG1674@1|root,COG1674@2|Bacteria,1MVPI@1224|Proteobacteria,1RM9A@1236|Gammaproteobacteria,1XUE7@135623|Vibrionales	COG1674 DNA segregation ATPase FtsK SpoIIIE and related proteins	ftsK	-	ko:K03466	-	ko00000,ko03036	FtsK_4TM,FtsK_SpoIIIE,Ftsk_gamma
3225	GEA49917.1	1205908.AKXW01000004_gene3074	2.07e-134	381.0	COG2834@1|root,COG2834@2|Bacteria,1PXDV@1224|Proteobacteria,1S9FW@1236|Gammaproteobacteria,1XU2P@135623|Vibrionales	Participates in the translocation of lipoproteins from the inner membrane to the outer membrane. Only forms a complex with a lipoprotein if the residue after the N-terminal Cys is not an aspartate (The Asp acts as a targeting signal to indicate that the lipoprotein should stay in the inner membrane)	lolA	GO:0002790,GO:0006810,GO:0008104,GO:0008150,GO:0009306,GO:0009987,GO:0015031,GO:0015833,GO:0032940,GO:0033036,GO:0042886,GO:0045184,GO:0046903,GO:0051179,GO:0051234,GO:0071702,GO:0071705	ko:K03634	-	ko00000	LolA
3225	GEA49918.1	1205908.AKXW01000004_gene3075	0.0	866.0	COG2256@1|root,COG2256@2|Bacteria,1MUVS@1224|Proteobacteria,1RPBY@1236|Gammaproteobacteria,1XUU2@135623|Vibrionales	COG2256 ATPase related to the helicase subunit of the Holliday junction resolvase	rarA	-	ko:K07478	-	ko00000	AAA,AAA_assoc_2,MgsA_C
3225	GEA49919.1	1205908.AKXW01000004_gene3076	3.37e-308	840.0	COG0172@1|root,COG0172@2|Bacteria,1MUJF@1224|Proteobacteria,1RNAQ@1236|Gammaproteobacteria,1XUNW@135623|Vibrionales	Catalyzes the attachment of serine to tRNA(Ser). Is also able to aminoacylate tRNA(Sec) with serine, to form the misacylated tRNA L-seryl-tRNA(Sec), which will be further converted into selenocysteinyl-tRNA(Sec)	serS	GO:0003674,GO:0003824,GO:0004812,GO:0004828,GO:0006082,GO:0006139,GO:0006399,GO:0006412,GO:0006418,GO:0006434,GO:0006518,GO:0006520,GO:0006725,GO:0006807,GO:0008150,GO:0008152,GO:0009058,GO:0009059,GO:0009987,GO:0010467,GO:0016070,GO:0016874,GO:0016875,GO:0019538,GO:0019752,GO:0034641,GO:0034645,GO:0034660,GO:0043038,GO:0043039,GO:0043043,GO:0043170,GO:0043436,GO:0043603,GO:0043604,GO:0044237,GO:0044238,GO:0044249,GO:0044260,GO:0044267,GO:0044271,GO:0044281,GO:0046483,GO:0071704,GO:0090304,GO:0140098,GO:0140101,GO:1901360,GO:1901564,GO:1901566,GO:1901576	ko:K01875	ko00970,map00970	ko00000,ko00001,ko00002,ko01000,ko01007,ko03016	Seryl_tRNA_N,tRNA-synt_2b
3225	GEA49920.1	1205908.AKXW01000004_gene3078	1.16e-283	778.0	COG0161@1|root,COG0161@2|Bacteria,1MU2N@1224|Proteobacteria,1RP0W@1236|Gammaproteobacteria,1XTG0@135623|Vibrionales	Catalyzes the transfer of the alpha-amino group from S- adenosyl-L-methionine (SAM) to 7-keto-8-aminopelargonic acid (KAPA) to form 7,8-diaminopelargonic acid (DAPA). It is the only animotransferase known to utilize SAM as an amino donor	bioA	-	ko:K00833	ko00780,ko01100,map00780,map01100	ko00000,ko00001,ko00002,ko01000,ko01007	Aminotran_3
3225	GEA49921.1	1205908.AKXW01000004_gene3079	2.16e-247	680.0	COG0502@1|root,COG0502@2|Bacteria,1MVFF@1224|Proteobacteria,1RMEQ@1236|Gammaproteobacteria,1XTAY@135623|Vibrionales	Catalyzes the conversion of dethiobiotin (DTB) to biotin by the insertion of a sulfur atom into dethiobiotin via a radical- based mechanism	bioB	GO:0003674,GO:0003824,GO:0004076,GO:0006082,GO:0006732,GO:0006766,GO:0006767,GO:0006768,GO:0006790,GO:0006807,GO:0008150,GO:0008152,GO:0009058,GO:0009102,GO:0009108,GO:0009110,GO:0009987,GO:0016053,GO:0016740,GO:0016782,GO:0016783,GO:0017144,GO:0018130,GO:0019752,GO:0032787,GO:0034641,GO:0042364,GO:0043436,GO:0043603,GO:0043604,GO:0044237,GO:0044249,GO:0044271,GO:0044272,GO:0044281,GO:0044283,GO:0046394,GO:0046483,GO:0051186,GO:0051188,GO:0070283,GO:0071704,GO:0072330,GO:1901360,GO:1901362,GO:1901564,GO:1901566,GO:1901576	ko:K01012	ko00780,ko01100,map00780,map01100	ko00000,ko00001,ko00002,ko01000	BATS,Radical_SAM
3225	GEA49922.1	1205908.AKXW01000004_gene3080	1.54e-239	663.0	COG0156@1|root,COG0156@2|Bacteria,1MVVH@1224|Proteobacteria,1RNS6@1236|Gammaproteobacteria,1XTHY@135623|Vibrionales	Catalyzes the decarboxylative condensation of pimeloyl- acyl-carrier protein and L-alanine to produce 8-amino-7- oxononanoate (AON), acyl-carrier protein , and carbon dioxide	bioF	GO:0003674,GO:0003824,GO:0006082,GO:0006732,GO:0006766,GO:0006767,GO:0006768,GO:0006790,GO:0006807,GO:0008150,GO:0008152,GO:0008710,GO:0009058,GO:0009102,GO:0009108,GO:0009110,GO:0009987,GO:0016053,GO:0016740,GO:0016746,GO:0016747,GO:0017144,GO:0018130,GO:0019752,GO:0032787,GO:0034641,GO:0042364,GO:0043436,GO:0043603,GO:0043604,GO:0044237,GO:0044249,GO:0044271,GO:0044272,GO:0044281,GO:0044283,GO:0046394,GO:0046483,GO:0051186,GO:0051188,GO:0071704,GO:0072330,GO:1901360,GO:1901362,GO:1901564,GO:1901566,GO:1901576	ko:K00652	ko00780,ko01100,map00780,map01100	ko00000,ko00001,ko00002,ko01000,ko01007	Aminotran_1_2
3225	GEA49923.1	1205908.AKXW01000004_gene3081	2.4e-165	465.0	COG0500@1|root,COG2226@2|Bacteria,1PA5F@1224|Proteobacteria,1RY7A@1236|Gammaproteobacteria,1XTUZ@135623|Vibrionales	Converts the free carboxyl group of a malonyl-thioester to its methyl ester by transfer of a methyl group from S-adenosyl- L-methionine (SAM). It allows to synthesize pimeloyl-ACP via the fatty acid synthetic pathway	bioC	-	ko:K02169	ko00780,ko01100,map00780,map01100	ko00000,ko00001,ko00002,ko01000	Methyltransf_11
3225	GEA49924.1	1205908.AKXW01000004_gene3082	1.79e-145	411.0	COG0132@1|root,COG0132@2|Bacteria,1RDRK@1224|Proteobacteria,1RSHS@1236|Gammaproteobacteria,1XSF9@135623|Vibrionales	Catalyzes a mechanistically unusual reaction, the ATP- dependent insertion of CO2 between the N7 and N8 nitrogen atoms of 7,8-diaminopelargonic acid (DAPA) to form an ureido ring	bioD	GO:0003674,GO:0003824,GO:0004141,GO:0005575,GO:0005622,GO:0005623,GO:0005737,GO:0005829,GO:0006082,GO:0006732,GO:0006766,GO:0006767,GO:0006768,GO:0006790,GO:0006807,GO:0008150,GO:0008152,GO:0009058,GO:0009102,GO:0009108,GO:0009110,GO:0009987,GO:0016053,GO:0016874,GO:0016879,GO:0016882,GO:0017144,GO:0018130,GO:0019752,GO:0032787,GO:0034641,GO:0042364,GO:0043436,GO:0043603,GO:0043604,GO:0044237,GO:0044249,GO:0044271,GO:0044272,GO:0044281,GO:0044283,GO:0044424,GO:0044444,GO:0044464,GO:0046394,GO:0046483,GO:0051186,GO:0051188,GO:0071704,GO:0072330,GO:1901360,GO:1901362,GO:1901564,GO:1901566,GO:1901576	ko:K01935	ko00780,ko01100,map00780,map01100	ko00000,ko00001,ko00002,ko01000	AAA_26
3225	GEA49925.1	675816.VIA_002590	1.4e-07	49.7	2AWMV@1|root,31NIK@2|Bacteria,1QK99@1224|Proteobacteria,1TICQ@1236|Gammaproteobacteria,1XYVP@135623|Vibrionales	-	-	-	-	-	-	-
3225	GEA49926.1	1205908.AKXW01000004_gene3084	1.67e-192	536.0	COG0501@1|root,COG0501@2|Bacteria,1MUV4@1224|Proteobacteria,1RMN0@1236|Gammaproteobacteria,1XSVQ@135623|Vibrionales	Belongs to the peptidase M48B family	htpX	GO:0006950,GO:0008150,GO:0009266,GO:0009408,GO:0009628,GO:0050896	ko:K03799	-	ko00000,ko00002,ko01000,ko01002	Peptidase_M48
3225	GEA49927.1	1205908.AKXW01000004_gene3085	3.55e-99	287.0	COG3631@1|root,COG3631@2|Bacteria,1MZS5@1224|Proteobacteria,1S8VN@1236|Gammaproteobacteria,1XXE4@135623|Vibrionales	SnoaL-like domain	-	-	-	-	-	SnoaL_2
3225	GEA49928.1	1205908.AKXW01000004_gene3086	2.07e-153	433.0	COG1028@1|root,COG1028@2|Bacteria,1QXDQ@1224|Proteobacteria,1T399@1236|Gammaproteobacteria,1Y34B@135623|Vibrionales	KR domain	-	-	-	-	-	adh_short
3225	GEA49929.1	1205908.AKXW01000004_gene3087	1.07e-300	821.0	COG2907@1|root,COG2907@2|Bacteria,1MV4Z@1224|Proteobacteria,1RP4P@1236|Gammaproteobacteria,1XSW6@135623|Vibrionales	NAD FAD-binding protein	-	-	-	-	-	Amino_oxidase
3225	GEA49930.1	1205908.AKXW01000004_gene3088	9.07e-178	494.0	COG3496@1|root,COG3496@2|Bacteria,1RC56@1224|Proteobacteria,1RRT8@1236|Gammaproteobacteria,1XW4E@135623|Vibrionales	Protein of unknown function (DUF1365)	-	-	ko:K09701	-	ko00000	DUF1365
3225	GEA49931.1	1205908.AKXW01000004_gene3089	1.3e-283	776.0	COG2230@1|root,COG2230@2|Bacteria,1MX3U@1224|Proteobacteria,1RNID@1236|Gammaproteobacteria,1XSW4@135623|Vibrionales	COG2230 Cyclopropane fatty acid synthase and related methyltransferases	cfa	-	ko:K00574	-	ko00000,ko01000	CMAS
3225	GEA49932.1	1205908.AKXW01000004_gene3090	8.86e-107	309.0	2DM7V@1|root,323W3@2|Bacteria,1NPYM@1224|Proteobacteria,1SJ13@1236|Gammaproteobacteria,1XY2N@135623|Vibrionales	Protein of unknown function (DUF2878)	-	-	-	-	-	DUF2878
3225	GEA49933.1	1205908.AKXW01000004_gene3091	1.06e-115	333.0	COG3572@1|root,COG3572@2|Bacteria,1N0R0@1224|Proteobacteria,1S9DH@1236|Gammaproteobacteria,1Y27E@135623|Vibrionales	Chalcone isomerase-like	-	-	-	-	-	Chalcone_3
3225	GEA49934.1	1205908.AKXW01000004_gene3092	8.02e-119	340.0	2ANPA@1|root,31DNS@2|Bacteria,1RHTE@1224|Proteobacteria,1S2Z7@1236|Gammaproteobacteria,1XWZY@135623|Vibrionales	Protein of unknown function (DUF3833)	-	-	-	-	-	DUF3833
3225	GEA49935.1	1205908.AKXW01000004_gene3093	1.52e-173	485.0	COG0596@1|root,COG0596@2|Bacteria,1R53J@1224|Proteobacteria,1RXY0@1236|Gammaproteobacteria,1XV80@135623|Vibrionales	hydrolases or acyltransferases (alpha beta hydrolase superfamily)	-	-	-	-	-	Abhydrolase_1
3225	GEA49936.1	1205908.AKXW01000004_gene3094	1.61e-61	189.0	2EPYS@1|root,33HJC@2|Bacteria,1QXDN@1224|Proteobacteria,1T397@1236|Gammaproteobacteria,1XYD4@135623|Vibrionales	Putative prokaryotic signal transducing protein	-	-	-	-	-	DUF2007
3225	GEA49937.1	1205908.AKXW01000004_gene3095	6.46e-145	410.0	COG0398@1|root,COG0398@2|Bacteria,1MVF3@1224|Proteobacteria,1SA94@1236|Gammaproteobacteria,1XTD5@135623|Vibrionales	SNARE associated Golgi protein	-	-	-	-	-	SNARE_assoc
3225	GEA49938.1	1205908.AKXW01000004_gene3097	1.15e-234	646.0	COG1609@1|root,COG1609@2|Bacteria,1MVUR@1224|Proteobacteria,1RN2K@1236|Gammaproteobacteria,1XU47@135623|Vibrionales	Is the main repressor of the genes involved in the de novo synthesis of purine nucleotides, regulating purB, purC, purEK, purF, purHD, purL, purMN and guaBA expression. PurR is allosterically activated to bind its cognate DNA by binding the purine corepressors, hypoxanthine or guanine, thereby effecting transcription repression	purR	GO:0003674,GO:0003700,GO:0006355,GO:0008150,GO:0009889,GO:0010468,GO:0010556,GO:0019219,GO:0019222,GO:0031323,GO:0031326,GO:0050789,GO:0050794,GO:0051171,GO:0051252,GO:0060255,GO:0065007,GO:0080090,GO:0140110,GO:1903506,GO:2000112,GO:2001141	ko:K03604	-	ko00000,ko03000	LacI,Peripla_BP_3
3225	GEA49939.1	1205908.AKXW01000004_gene3098	4.31e-146	412.0	COG3381@1|root,COG3381@2|Bacteria,1RJ3Z@1224|Proteobacteria,1S8M5@1236|Gammaproteobacteria,1XTZ3@135623|Vibrionales	Involved in the biogenesis of TorA. Acts on TorA before the insertion of the molybdenum cofactor and, as a result, probably favors a conformation of the apoenzyme that is competent for acquiring the cofactor	torD	-	ko:K03533	ko02020,map02020	ko00000,ko00001,ko02000	Nitrate_red_del
3225	GEA49940.1	1205908.AKXW01000004_gene3099	1.96e-117	339.0	COG1434@1|root,COG1434@2|Bacteria,1MVW8@1224|Proteobacteria,1RNZC@1236|Gammaproteobacteria,1XUG3@135623|Vibrionales	DUF218 domain	-	-	-	-	-	DUF218
3225	GEA49942.1	1205908.AKXW01000004_gene3100	8.38e-187	519.0	COG2227@1|root,COG2227@2|Bacteria,1MY0S@1224|Proteobacteria,1RP69@1236|Gammaproteobacteria,1XSUE@135623|Vibrionales	Catalyzes the methylation of 5-carboxymethoxyuridine (cmo5U) to form 5-methoxycarbonylmethoxyuridine (mcmo5U) at position 34 in tRNAs	cmoM	-	ko:K06219	-	ko00000	Methyltransf_11,Methyltransf_31
3225	GEA49943.1	1205908.AKXW01000004_gene3101	0.0	865.0	COG3006@1|root,COG3006@2|Bacteria,1N0D6@1224|Proteobacteria,1RN7P@1236|Gammaproteobacteria,1XSU3@135623|Vibrionales	Involved in chromosome condensation, segregation and cell cycle progression. May participate in facilitating chromosome segregation by condensation DNA from both sides of a centrally located replisome during cell division. Not required for mini-F plasmid partitioning. Probably acts via its interaction with MukB and MukE. Overexpression results in anucleate cells. It has a calcium binding activity	mukF	-	ko:K03633	-	ko00000,ko03036	KicB,MukF_C,MukF_M
3225	GEA49944.1	1205908.AKXW01000004_gene3102	3.33e-153	431.0	COG3095@1|root,COG3095@2|Bacteria,1MXYN@1224|Proteobacteria,1RRBE@1236|Gammaproteobacteria,1XTJ6@135623|Vibrionales	Involved in chromosome condensation, segregation and cell cycle progression. May participate in facilitating chromosome segregation by condensation DNA from both sides of a centrally located replisome during cell division. Probably acts via its interaction with MukB and MukF	mukE	GO:0007059,GO:0008150,GO:0009987	ko:K03804	-	ko00000,ko03036	MukE
3225	GEA49945.1	1205908.AKXW01000004_gene3103	0.0	2446.0	COG3096@1|root,COG3096@2|Bacteria,1MUWM@1224|Proteobacteria,1RPFF@1236|Gammaproteobacteria,1XUHB@135623|Vibrionales	Plays a central role in chromosome condensation, segregation and cell cycle progression. Functions as a homodimer, which is essential for chromosome partition. Involved in negative DNA supercoiling in vivo, and by this means organize and compact chromosomes. May achieve or facilitate chromosome segregation by condensation DNA from both sides of a centrally located replisome during cell division	mukB	GO:0007059,GO:0008150,GO:0009987	ko:K03632	-	ko00000,ko03036	MukB,MukB_hinge,SbcCD_C
3225	GEA49946.1	1205908.AKXW01000004_gene3105	8.66e-172	482.0	COG0451@1|root,COG0451@2|Bacteria,1MWVJ@1224|Proteobacteria,1RNDT@1236|Gammaproteobacteria,1XTJV@135623|Vibrionales	COG0451 Nucleoside-diphosphate-sugar epimerases	-	-	-	-	-	Epimerase,NAD_binding_10,RmlD_sub_bind
3225	GEA49947.1	1205908.AKXW01000004_gene3106	2.41e-45	146.0	2E5ME@1|root,330CB@2|Bacteria,1N8G6@1224|Proteobacteria,1SC9I@1236|Gammaproteobacteria,1XYC2@135623|Vibrionales	Phosphate-starvation-inducible E	-	-	-	-	-	PsiE
3225	GEA49948.1	1205908.AKXW01000004_gene3107	1.01e-31	110.0	COG4459@1|root,COG4459@2|Bacteria,1NGRU@1224|Proteobacteria,1SGMN@1236|Gammaproteobacteria,1XYWD@135623|Vibrionales	COG4459 Periplasmic nitrate reductase system, NapE component	torE	-	ko:K02571	-	ko00000	NapE
3225	GEA49949.1	1205908.AKXW01000004_gene3108	1.95e-293	800.0	COG3005@1|root,COG3005@2|Bacteria,1MWV2@1224|Proteobacteria,1RQ52@1236|Gammaproteobacteria,1XU38@135623|Vibrionales	Belongs to the TorC TorY family	torC	-	ko:K03532	ko02020,map02020	ko00000,ko00001,ko02000	Cytochrom_NNT,DHC
3225	GEA49950.1	1205908.AKXW01000004_gene3109	0.0	1696.0	COG0243@1|root,COG0243@2|Bacteria,1NR6J@1224|Proteobacteria,1RMVE@1236|Gammaproteobacteria,1XV0F@135623|Vibrionales	COG0243 Anaerobic dehydrogenases, typically selenocysteine-containing	torA	GO:0003674,GO:0003824,GO:0005575,GO:0006091,GO:0008150,GO:0008152,GO:0009033,GO:0009061,GO:0009322,GO:0009987,GO:0015980,GO:0016491,GO:0016651,GO:0016657,GO:0032991,GO:0044237,GO:0045333,GO:0055114,GO:1902494	ko:K07811,ko:K07812	ko02020,map02020	ko00000,ko00001,ko01000,ko02000	Molybdopterin,Molydop_binding,TAT_signal
3225	GEA49951.1	1238450.VIBNISOn1_790055	7.54e-22	91.3	2ETHN@1|root,33M1I@2|Bacteria,1NZFP@1224|Proteobacteria,1SQX0@1236|Gammaproteobacteria,1XVQM@135623|Vibrionales	-	-	-	-	-	-	-
3225	GEA49952.1	1205908.AKXW01000004_gene3110	5.09e-222	614.0	COG5361@1|root,COG5361@2|Bacteria,1NBVB@1224|Proteobacteria,1SES6@1236|Gammaproteobacteria,1Y1IS@135623|Vibrionales	Neurotransmitter-gated ion-channel ligand binding domain	-	-	-	-	-	Neur_chan_LBD
3225	GEA49953.1	1205908.AKXW01000004_gene3111	9.32e-165	461.0	COG4106@1|root,COG4106@2|Bacteria,1QTS9@1224|Proteobacteria,1T1FG@1236|Gammaproteobacteria,1XSJZ@135623|Vibrionales	Catalyzes the conversion of S-adenosyl-L-methionine (SAM) to carboxy-S-adenosyl-L-methionine (Cx-SAM)	cmoA	-	ko:K15256	-	ko00000,ko01000,ko03016	Methyltransf_11,Methyltransf_25
3225	GEA49954.1	1205908.AKXW01000004_gene3112	0.0	1151.0	COG0173@1|root,COG0173@2|Bacteria,1MUXB@1224|Proteobacteria,1RNMI@1236|Gammaproteobacteria,1XSZA@135623|Vibrionales	Catalyzes the attachment of L-aspartate to tRNA(Asp) in a two-step reaction L-aspartate is first activated by ATP to form Asp-AMP and then transferred to the acceptor end of tRNA(Asp)	aspS	GO:0003674,GO:0003824,GO:0004812,GO:0004815,GO:0006082,GO:0006139,GO:0006399,GO:0006412,GO:0006418,GO:0006422,GO:0006518,GO:0006520,GO:0006725,GO:0006807,GO:0008150,GO:0008152,GO:0009058,GO:0009059,GO:0009987,GO:0010467,GO:0016070,GO:0016874,GO:0016875,GO:0019538,GO:0019752,GO:0034641,GO:0034645,GO:0034660,GO:0043038,GO:0043039,GO:0043043,GO:0043170,GO:0043436,GO:0043603,GO:0043604,GO:0044237,GO:0044238,GO:0044249,GO:0044260,GO:0044267,GO:0044271,GO:0044281,GO:0046483,GO:0071704,GO:0090304,GO:0140098,GO:0140101,GO:1901360,GO:1901564,GO:1901566,GO:1901576	ko:K01876	ko00970,map00970	ko00000,ko00001,ko00002,ko01000,ko01007,ko03016,ko03029	GAD,tRNA-synt_2,tRNA_anti-codon
3225	GEA49955.1	1205908.AKXW01000004_gene3113	1.14e-111	322.0	COG0817@1|root,COG0817@2|Bacteria,1MUJI@1224|Proteobacteria,1RQPJ@1236|Gammaproteobacteria,1XT73@135623|Vibrionales	Nuclease that resolves Holliday junction intermediates in genetic recombination. Cleaves the cruciform structure in supercoiled DNA by nicking to strands with the same polarity at sites symmetrically opposed at the junction in the homologous arms and leaves a 5'-terminal phosphate and a 3'-terminal hydroxyl group	ruvC	GO:0000725,GO:0003674,GO:0003824,GO:0004518,GO:0004519,GO:0004520,GO:0004536,GO:0005575,GO:0005622,GO:0005623,GO:0006139,GO:0006259,GO:0006260,GO:0006261,GO:0006281,GO:0006310,GO:0006725,GO:0006807,GO:0006950,GO:0006974,GO:0008150,GO:0008152,GO:0008821,GO:0009058,GO:0009059,GO:0009987,GO:0016787,GO:0016788,GO:0016889,GO:0016894,GO:0031297,GO:0032991,GO:0033554,GO:0034641,GO:0034645,GO:0043170,GO:0044237,GO:0044238,GO:0044249,GO:0044260,GO:0044424,GO:0044464,GO:0045005,GO:0046483,GO:0048476,GO:0050896,GO:0051716,GO:0071704,GO:0071932,GO:0090304,GO:0090305,GO:0140097,GO:1901360,GO:1901576	ko:K01159	ko03440,map03440	ko00000,ko00001,ko01000,ko03400	RuvC
3225	GEA49956.1	1205908.AKXW01000004_gene3114	7.5e-139	393.0	COG0632@1|root,COG0632@2|Bacteria,1MWJR@1224|Proteobacteria,1RMET@1236|Gammaproteobacteria,1XSGY@135623|Vibrionales	The RuvA-RuvB complex in the presence of ATP renatures cruciform structure in supercoiled DNA with palindromic sequence, indicating that it may promote strand exchange reactions in homologous recombination. RuvAB is a helicase that mediates the Holliday junction migration by localized denaturation and reannealing. RuvA stimulates, in the presence of DNA, the weak ATPase activity of RuvB	ruvA	GO:0003674,GO:0003678,GO:0003824,GO:0004386,GO:0006139,GO:0006259,GO:0006310,GO:0006725,GO:0006807,GO:0006996,GO:0008150,GO:0008152,GO:0009378,GO:0009987,GO:0016043,GO:0016462,GO:0016787,GO:0016817,GO:0016818,GO:0017111,GO:0032392,GO:0032508,GO:0034641,GO:0043170,GO:0044237,GO:0044238,GO:0044260,GO:0046483,GO:0051276,GO:0071103,GO:0071704,GO:0071840,GO:0090304,GO:0140097,GO:1901360	ko:K03550	ko03440,map03440	ko00000,ko00001,ko01000,ko03400	HHH_5,RuvA_C,RuvA_N
3225	GEA49957.1	1205908.AKXW01000004_gene3115	2.07e-236	650.0	COG2255@1|root,COG2255@2|Bacteria,1MU38@1224|Proteobacteria,1RNWY@1236|Gammaproteobacteria,1XV8V@135623|Vibrionales	The RuvA-RuvB complex in the presence of ATP renatures cruciform structure in supercoiled DNA with palindromic sequence, indicating that it may promote strand exchange reactions in homologous recombination. RuvAB is a helicase that mediates the Holliday junction migration by localized denaturation and reannealing	ruvB	GO:0003674,GO:0003678,GO:0003824,GO:0004386,GO:0006139,GO:0006259,GO:0006310,GO:0006725,GO:0006807,GO:0006996,GO:0008150,GO:0008152,GO:0009378,GO:0009987,GO:0016043,GO:0016462,GO:0016787,GO:0016817,GO:0016818,GO:0017111,GO:0032392,GO:0032508,GO:0034641,GO:0043170,GO:0044237,GO:0044238,GO:0044260,GO:0046483,GO:0051276,GO:0071103,GO:0071704,GO:0071840,GO:0090304,GO:0140097,GO:1901360	ko:K03551	ko03440,map03440	ko00000,ko00001,ko01000,ko03400	RuvB_C,RuvB_N
3225	GEA49958.1	1205908.AKXW01000004_gene3116	0.0	1029.0	COG1271@1|root,COG1271@2|Bacteria,1MV60@1224|Proteobacteria,1RN2U@1236|Gammaproteobacteria,1XT5F@135623|Vibrionales	COG1271 Cytochrome bd-type quinol oxidase, subunit 1	cydA	-	ko:K00425	ko00190,ko01100,ko02020,map00190,map01100,map02020	ko00000,ko00001,ko00002,ko01000	Cyt_bd_oxida_I
3225	GEA49959.1	1205908.AKXW01000004_gene3117	2.88e-271	742.0	COG1294@1|root,COG1294@2|Bacteria,1MURP@1224|Proteobacteria,1RP7F@1236|Gammaproteobacteria,1XVFM@135623|Vibrionales	COG1294 Cytochrome bd-type quinol oxidase, subunit 2	cydB	-	ko:K00426	ko00190,ko01100,ko02020,map00190,map01100,map02020	ko00000,ko00001,ko00002,ko01000	Cyt_bd_oxida_II
3225	GEA49960.1	1205908.AKXW01000004_gene3118	4.29e-20	80.9	COG4890@1|root,COG4890@2|Bacteria,1NGDQ@1224|Proteobacteria,1SGGW@1236|Gammaproteobacteria,1XZED@135623|Vibrionales	Outer membrane lipoprotein	-	-	ko:K00424	ko00190,ko02020,map00190,map02020	ko00000,ko00001,ko01000	YbgT_YccB
3225	GEA49961.1	1205908.AKXW01000122_gene354	9.53e-93	271.0	COG0824@1|root,COG0824@2|Bacteria,1MZH6@1224|Proteobacteria,1S93F@1236|Gammaproteobacteria,1XXKJ@135623|Vibrionales	Thioesterase-like superfamily	ybgC	-	ko:K07107	-	ko00000,ko01000	4HBT
3225	GEA49962.1	1205908.AKXW01000122_gene353	1.67e-151	427.0	COG0811@1|root,COG0811@2|Bacteria,1NCWW@1224|Proteobacteria,1RMD4@1236|Gammaproteobacteria,1XUNH@135623|Vibrionales	COG0811 Biopolymer transport proteins	tolQ	-	ko:K03562	ko01120,map01120	ko00000,ko02000	MotA_ExbB
3225	GEA49963.1	1205908.AKXW01000122_gene352	3.6e-91	268.0	COG0848@1|root,COG0848@2|Bacteria,1MZ6M@1224|Proteobacteria,1S8RS@1236|Gammaproteobacteria,1XWZR@135623|Vibrionales	TolR membrane protein	tolR	-	ko:K03560	-	ko00000,ko02000	ExbD
3225	GEA49964.1	1205908.AKXW01000122_gene351	2.87e-113	338.0	COG3064@1|root,COG3064@2|Bacteria,1MVQS@1224|Proteobacteria,1RP2V@1236|Gammaproteobacteria,1XSTI@135623|Vibrionales	COG3064 Membrane protein involved in colicin uptake	tolA	-	ko:K03646	-	ko00000,ko02000	TolA
3225	GEA49965.1	1219080.VEZ01S_08_00630	1.09e-209	592.0	COG0823@1|root,COG0823@2|Bacteria,1MV09@1224|Proteobacteria,1RMCY@1236|Gammaproteobacteria,1XSZN@135623|Vibrionales	Involved in the TonB-independent uptake of proteins	tolB	GO:0003674,GO:0005215	ko:K03641	-	ko00000,ko02000	PD40,TolB_N
3225	GEA49966.1	1205908.AKXW01000122_gene349	1.22e-115	332.0	COG2885@1|root,COG2885@2|Bacteria,1MZTV@1224|Proteobacteria,1S8RG@1236|Gammaproteobacteria,1XV6J@135623|Vibrionales	Belongs to the ompA family	pal	-	ko:K03640	-	ko00000,ko02000	OmpA
3225	GEA49967.1	1205908.AKXW01000122_gene348	3.47e-135	388.0	COG1729@1|root,COG1729@2|Bacteria,1MUSV@1224|Proteobacteria,1RQWA@1236|Gammaproteobacteria,1XSAP@135623|Vibrionales	Mediates coordination of peptidoglycan synthesis and outer membrane constriction during cell division	cpoB	-	-	-	-	TPR_16,TPR_6,TPR_8,TolA_bind_tri
3225	GEA49968.1	1205908.AKXW01000122_gene347	2.51e-251	690.0	COG0379@1|root,COG0379@2|Bacteria,1MWQU@1224|Proteobacteria,1RMFS@1236|Gammaproteobacteria,1XTIU@135623|Vibrionales	Catalyzes the condensation of iminoaspartate with dihydroxyacetone phosphate to form quinolinate	nadA	GO:0003674,GO:0003824,GO:0005488,GO:0005575,GO:0005622,GO:0005623,GO:0005737,GO:0005829,GO:0006082,GO:0006139,GO:0006520,GO:0006531,GO:0006725,GO:0006732,GO:0006733,GO:0006734,GO:0006753,GO:0006793,GO:0006796,GO:0006807,GO:0008150,GO:0008152,GO:0008987,GO:0009058,GO:0009066,GO:0009108,GO:0009117,GO:0009165,GO:0009435,GO:0009987,GO:0016053,GO:0017144,GO:0018130,GO:0019355,GO:0019359,GO:0019362,GO:0019363,GO:0019438,GO:0019637,GO:0019674,GO:0019752,GO:0019805,GO:0034627,GO:0034628,GO:0034641,GO:0034654,GO:0043436,GO:0043648,GO:0043650,GO:0044237,GO:0044238,GO:0044249,GO:0044271,GO:0044281,GO:0044283,GO:0044424,GO:0044444,GO:0044464,GO:0046394,GO:0046483,GO:0046496,GO:0046874,GO:0048037,GO:0051186,GO:0051188,GO:0051536,GO:0051539,GO:0051540,GO:0055086,GO:0071704,GO:0072524,GO:0072525,GO:0090407,GO:1901293,GO:1901360,GO:1901362,GO:1901564,GO:1901566,GO:1901576,GO:1901605	ko:K03517	ko00760,ko01100,map00760,map01100	ko00000,ko00001,ko00002,ko01000	NadA
3225	GEA49969.1	1205908.AKXW01000122_gene346	1.13e-133	380.0	COG3318@1|root,COG3318@2|Bacteria,1N0JQ@1224|Proteobacteria,1SUIC@1236|Gammaproteobacteria,1XTR3@135623|Vibrionales	Belongs to the UPF0149 family	-	-	ko:K07039	-	ko00000	UPF0149
3225	GEA49970.1	1219072.VHA01S_018_00790	9.04e-88	263.0	2AVZR@1|root,31MU5@2|Bacteria,1QJK8@1224|Proteobacteria,1THKS@1236|Gammaproteobacteria,1XWKP@135623|Vibrionales	-	-	-	-	-	-	-
3225	GEA49971.1	1219072.VHA01S_018_00800	2.15e-66	202.0	2AWBW@1|root,31N7N@2|Bacteria,1QJYY@1224|Proteobacteria,1TI1A@1236|Gammaproteobacteria,1XY4Z@135623|Vibrionales	-	-	-	-	-	-	-
3225	GEA49972.1	1205908.AKXW01000122_gene345	1.96e-163	462.0	2DBUH@1|root,2ZB5U@2|Bacteria,1R00Q@1224|Proteobacteria,1RYTD@1236|Gammaproteobacteria,1XV6B@135623|Vibrionales	Sulphur transport	-	-	ko:K07112	-	ko00000	Sulf_transp
3225	GEA49973.1	1205908.AKXW01000122_gene344	1.18e-258	712.0	COG0786@1|root,COG0786@2|Bacteria,1MVBC@1224|Proteobacteria,1RP0S@1236|Gammaproteobacteria,1XUE5@135623|Vibrionales	Catalyzes the sodium-dependent transport of glutamate	-	-	ko:K03312	-	ko00000,ko02000	Glt_symporter
3225	GEA49974.1	1205908.AKXW01000122_gene342	1.13e-59	184.0	2AWA3@1|root,31N5K@2|Bacteria,1QJWY@1224|Proteobacteria,1THYW@1236|Gammaproteobacteria,1XXY6@135623|Vibrionales	-	-	-	-	-	-	-
3225	GEA49975.1	1205908.AKXW01000122_gene341	9.47e-70	211.0	COG0607@1|root,COG0607@2|Bacteria,1RHVM@1224|Proteobacteria,1SD9C@1236|Gammaproteobacteria,1XXY0@135623|Vibrionales	COG0607 Rhodanese-related sulfurtransferase	pspE	-	ko:K03972	-	ko00000	Rhodanese
3225	GEA49976.1	1205908.AKXW01000122_gene340	0.0	1334.0	COG0514@1|root,COG0514@2|Bacteria,1MVGG@1224|Proteobacteria,1RMPG@1236|Gammaproteobacteria,1XWUF@135623|Vibrionales	Helix-turn-helix domain	-	-	ko:K03654	ko03018,map03018	ko00000,ko00001,ko01000,ko03400	DEAD,HRDC,HTH_40,Helicase_C,RQC,RecQ_Zn_bind
3225	GEA49977.1	1205908.AKXW01000122_gene339	0.0	875.0	COG0564@1|root,COG0564@2|Bacteria,1MVJ5@1224|Proteobacteria,1RN61@1236|Gammaproteobacteria,1XSMM@135623|Vibrionales	COG0564 Pseudouridylate synthases, 23S RNA-specific	-	-	ko:K06177	-	ko00000,ko01000,ko03009,ko03016	PseudoU_synth_2
3225	GEA49978.1	1205908.AKXW01000122_gene338	8.05e-82	244.0	2DNYY@1|root,32ZUN@2|Bacteria,1N993@1224|Proteobacteria,1SDZU@1236|Gammaproteobacteria,1XXPN@135623|Vibrionales	-	-	-	-	-	-	-
3225	GEA49979.1	1205908.AKXW01000122_gene337	3.98e-217	602.0	COG1566@1|root,COG1566@2|Bacteria,1R5EB@1224|Proteobacteria,1S1SR@1236|Gammaproteobacteria,1Y2RB@135623|Vibrionales	Barrel-sandwich domain of CusB or HlyD membrane-fusion	-	-	-	-	-	Biotin_lipoyl_2,HlyD_D23
3225	GEA49980.1	1205908.AKXW01000122_gene334	4.37e-47	151.0	2CB9A@1|root,33H4U@2|Bacteria,1NKZU@1224|Proteobacteria	-	-	-	-	-	-	-
3225	GEA49981.1	1517681.HW45_25935	7.51e-286	785.0	COG2704@1|root,COG2704@2|Bacteria,1MVHH@1224|Proteobacteria,1RPTE@1236|Gammaproteobacteria,1XT7X@135623|Vibrionales	Responsible for the transport of C4-dicarboxylates from the periplasm across the inner membrane	dcuB	-	ko:K07792	ko02020,map02020	ko00000,ko00001,ko02000	DcuA_DcuB
3225	GEA49982.1	1205908.AKXW01000122_gene333	2.15e-192	533.0	COG1024@1|root,COG1024@2|Bacteria,1PJ4R@1224|Proteobacteria,1S2FJ@1236|Gammaproteobacteria,1XVWX@135623|Vibrionales	Enoyl-CoA hydratase/isomerase	-	-	-	-	-	ECH_1
3225	GEA49983.1	1205908.AKXW01000122_gene332	1.71e-183	513.0	COG0697@1|root,COG0697@2|Bacteria,1R7CG@1224|Proteobacteria,1S0XU@1236|Gammaproteobacteria,1XVPK@135623|Vibrionales	of the drug metabolite transporter (DMT) superfamily	-	-	-	-	-	EamA
3225	GEA49984.1	1205908.AKXW01000122_gene331	5.23e-256	702.0	COG1902@1|root,COG1902@2|Bacteria,1MVIX@1224|Proteobacteria,1RMFI@1236|Gammaproteobacteria,1XSZS@135623|Vibrionales	COG1902 NADH flavin oxidoreductases, Old Yellow Enzyme family	-	-	ko:K10680	ko00633,ko01120,map00633,map01120	ko00000,ko00001,ko01000	Oxidored_FMN
3225	GEA49985.1	1205908.AKXW01000122_gene330	3.15e-81	241.0	COG0346@1|root,COG0346@2|Bacteria,1RCYX@1224|Proteobacteria,1S1Z9@1236|Gammaproteobacteria,1XXN7@135623|Vibrionales	Lactoylglutathione lyase	-	-	ko:K01759	ko00620,map00620	ko00000,ko00001,ko01000	Glyoxalase
3225	GEA49986.1	1205908.AKXW01000122_gene329	0.0	1095.0	COG0303@1|root,COG1763@1|root,COG0303@2|Bacteria,COG1763@2|Bacteria,1MVD5@1224|Proteobacteria,1RMQU@1236|Gammaproteobacteria,1XU88@135623|Vibrionales	Molybdopterin-guanine dinucleotide biosynthesis protein	-	-	ko:K03750	ko00790,ko01100,map00790,map01100	ko00000,ko00001,ko01000	MoCF_biosynth,MobB,MoeA_C,MoeA_N
3225	GEA49987.1	1205908.AKXW01000122_gene328	4.09e-131	372.0	COG0746@1|root,COG0746@2|Bacteria,1RH3M@1224|Proteobacteria,1S74N@1236|Gammaproteobacteria,1XSWW@135623|Vibrionales	Transfers a GMP moiety from GTP to Mo-molybdopterin (Mo- MPT) cofactor (Moco or molybdenum cofactor) to form Mo- molybdopterin guanine dinucleotide (Mo-MGD) cofactor	mobA	GO:0003674,GO:0003824,GO:0006732,GO:0006777,GO:0006793,GO:0006796,GO:0006807,GO:0008150,GO:0008152,GO:0009058,GO:0009108,GO:0009987,GO:0018130,GO:0019538,GO:0019637,GO:0019720,GO:0043170,GO:0043545,GO:0044237,GO:0044238,GO:0044249,GO:0044260,GO:0044267,GO:0046483,GO:0051186,GO:0051188,GO:0051189,GO:0071704,GO:0090407,GO:1901360,GO:1901362,GO:1901564,GO:1901566,GO:1901576	ko:K03752	ko00790,ko01100,map00790,map01100	ko00000,ko00001,ko01000	NTP_transf_3
3225	GEA49988.1	1205908.AKXW01000122_gene327	2.47e-164	460.0	COG1122@1|root,COG1122@2|Bacteria,1RHNX@1224|Proteobacteria,1S724@1236|Gammaproteobacteria,1XSTH@135623|Vibrionales	COG1122 ABC-type cobalt transport system, ATPase component	-	-	ko:K06857	ko02010,map02010	ko00000,ko00001,ko00002,ko01000,ko02000	ABC_tran
3225	GEA49989.1	1205908.AKXW01000122_gene326	7.85e-148	418.0	COG4662@1|root,COG4662@2|Bacteria,1MZVS@1224|Proteobacteria,1RYSQ@1236|Gammaproteobacteria,1XU2M@135623|Vibrionales	COG4662 ABC-type tungstate transport system, periplasmic component	-	-	ko:K05773	ko02010,map02010	ko00000,ko00001,ko00002,ko02000	BPD_transp_1
3225	GEA49990.1	1205908.AKXW01000122_gene325	1.18e-178	500.0	COG2998@1|root,COG2998@2|Bacteria,1MVSF@1224|Proteobacteria,1RZ6B@1236|Gammaproteobacteria,1XSRY@135623|Vibrionales	COG2998 ABC-type tungstate transport system, permease component	tupA	-	ko:K05772	ko02010,map02010	ko00000,ko00001,ko00002,ko02000	PBP_like_2
3225	GEA49991.1	1205908.AKXW01000122_gene324	1.11e-202	561.0	COG1526@1|root,COG1526@2|Bacteria,1MY28@1224|Proteobacteria,1RYH6@1236|Gammaproteobacteria,1XSXG@135623|Vibrionales	Required for formate dehydrogenase (FDH) activity. Acts as a sulfur carrier protein that transfers sulfur from IscS to the molybdenum cofactor prior to its insertion into FDH	fdhD	-	ko:K02379	-	ko00000	FdhD-NarQ
3225	GEA49992.1	1205908.AKXW01000122_gene323	2.39e-93	273.0	2E51T@1|root,30TP9@2|Bacteria,1QXDV@1224|Proteobacteria,1T39F@1236|Gammaproteobacteria,1XY6F@135623|Vibrionales	Protein of unknown function (DUF3305)	-	-	-	-	-	DUF3305
3225	GEA49993.1	1205908.AKXW01000122_gene322	3.46e-80	245.0	2DNW4@1|root,32ZGA@2|Bacteria,1N7ZK@1224|Proteobacteria,1SI4F@1236|Gammaproteobacteria,1XY8V@135623|Vibrionales	Protein of unknown function (DUF3306)	-	-	-	-	-	DUF3306
3225	GEA49994.1	1205908.AKXW01000122_gene321	0.0	1052.0	COG1145@1|root,COG1145@2|Bacteria,1MWHY@1224|Proteobacteria,1RP5W@1236|Gammaproteobacteria,1XTHA@135623|Vibrionales	4Fe-4S dicluster domain	-	-	-	-	-	Fer4,Fer4_7
3225	GEA49995.1	1205908.AKXW01000122_gene320	3.01e-122	350.0	COG3381@1|root,COG3381@2|Bacteria,1N49B@1224|Proteobacteria,1S958@1236|Gammaproteobacteria,1Y2A7@135623|Vibrionales	Nitrate reductase delta subunit	-	-	-	-	-	Nitrate_red_del
3225	GEA49996.1	1205908.AKXW01000122_gene319	5.59e-37	124.0	2EH97@1|root,33B11@2|Bacteria,1NHPA@1224|Proteobacteria,1SGUW@1236|Gammaproteobacteria,1XYW7@135623|Vibrionales	TIGRFAM formate dehydrogenase region TAT target	-	-	-	-	-	TAT_signal
3225	GEA49997.1	1205908.AKXW01000122_gene318	0.0	1932.0	COG0243@1|root,COG3383@1|root,COG0243@2|Bacteria,COG3383@2|Bacteria,1MW3N@1224|Proteobacteria,1RN6N@1236|Gammaproteobacteria,1XTH6@135623|Vibrionales	Belongs to the prokaryotic molybdopterin-containing oxidoreductase family	fdhA	-	ko:K00123	ko00630,ko00680,ko01100,ko01120,ko01200,map00630,map00680,map01100,map01120,map01200	ko00000,ko00001,ko01000	Molybdop_Fe4S4,Molybdopterin,Molydop_binding
3225	GEA49998.1	1205908.AKXW01000122_gene317	6.3e-152	426.0	COG0437@1|root,COG0437@2|Bacteria,1MU5T@1224|Proteobacteria,1RRAN@1236|Gammaproteobacteria,1XTNR@135623|Vibrionales	formate dehydrogenase iron-sulfur subunit	fdhB	-	ko:K00124	ko00630,ko00680,ko01100,ko01120,ko01200,map00630,map00680,map01100,map01120,map01200	ko00000,ko00001	Fer4_7
3225	GEA49999.1	1205908.AKXW01000122_gene316	9.54e-242	665.0	COG2864@1|root,COG2864@2|Bacteria,1MXFQ@1224|Proteobacteria,1RP1B@1236|Gammaproteobacteria,1XSFF@135623|Vibrionales	COG2864 Cytochrome b subunit of formate dehydrogenase	fdnI	-	ko:K00127	ko00630,ko00680,ko01100,ko01120,ko01200,map00630,map00680,map01100,map01120,map01200	ko00000,ko00001	Ni_hydr_CYTB
3225	GEA50000.1	1205908.AKXW01000122_gene315	1.82e-93	273.0	2AZUZ@1|root,31S4B@2|Bacteria,1QJXC@1224|Proteobacteria,1THZE@1236|Gammaproteobacteria,1XXZV@135623|Vibrionales	-	VV1697	-	-	-	-	-
3225	GEA50001.1	1205908.AKXW01000122_gene314	4.78e-258	711.0	COG0513@1|root,COG0513@2|Bacteria,1R3PZ@1224|Proteobacteria,1RYNW@1236|Gammaproteobacteria,1XT9M@135623|Vibrionales	Belongs to the DEAD box helicase family	-	-	-	-	-	DEAD,Helicase_C
3225	GEA50002.1	1205908.AKXW01000122_gene313	6.91e-107	309.0	COG4807@1|root,COG4807@2|Bacteria,1RD33@1224|Proteobacteria,1S3ZU@1236|Gammaproteobacteria,1XVIX@135623|Vibrionales	protein conserved in bacteria	-	-	-	-	-	DUF1456
3225	GEA50003.1	1205908.AKXW01000122_gene312	8.08e-81	241.0	COG2153@1|root,COG2153@2|Bacteria,1MZ86@1224|Proteobacteria,1S8SK@1236|Gammaproteobacteria,1XXMX@135623|Vibrionales	FR47-like protein	-	-	-	-	-	Acetyltransf_10
3225	GEA50004.1	1205908.AKXW01000122_gene311	1.56e-206	573.0	COG2358@1|root,COG2358@2|Bacteria,1MXW1@1224|Proteobacteria,1RQN1@1236|Gammaproteobacteria,1Y24I@135623|Vibrionales	ABC transporter, phosphonate, periplasmic substrate-binding protein	-	-	ko:K07080	-	ko00000	NMT1_3
3225	GEA50005.1	1205908.AKXW01000122_gene310	0.0	979.0	COG4666@1|root,COG4666@2|Bacteria,1MUNB@1224|Proteobacteria,1RMH7@1236|Gammaproteobacteria,1XV3R@135623|Vibrionales	Tripartite ATP-independent periplasmic transporter, DctM component	-	-	-	-	-	DctM
3225	GEA50006.1	1205908.AKXW01000122_gene309	1.21e-83	250.0	28ZYM@1|root,2ZMP2@2|Bacteria,1RBQA@1224|Proteobacteria,1S3KQ@1236|Gammaproteobacteria,1XXK1@135623|Vibrionales	Protein of unknown function (DUF2798)	-	-	-	-	-	DUF2798
3225	GEA50007.1	1205908.AKXW01000122_gene308	1.69e-56	176.0	2E3E7@1|root,32YDA@2|Bacteria,1NBGR@1224|Proteobacteria,1SEAT@1236|Gammaproteobacteria,1XYJ0@135623|Vibrionales	Domain of Unknown Function with PDB structure (DUF3861)	-	-	-	-	-	DUF3861
3225	GEA50008.1	1205908.AKXW01000122_gene305	2.21e-206	573.0	COG0679@1|root,COG0679@2|Bacteria,1N1X9@1224|Proteobacteria,1RMV0@1236|Gammaproteobacteria,1XSDV@135623|Vibrionales	Membrane transport protein	-	-	ko:K07088	-	ko00000	Mem_trans
3225	GEA50009.1	1205908.AKXW01000122_gene304	0.0	1224.0	COG0826@1|root,COG0826@2|Bacteria,1MUQG@1224|Proteobacteria,1RN7S@1236|Gammaproteobacteria,1XUBV@135623|Vibrionales	COG0826 Collagenase and related proteases	-	-	ko:K08303	ko05120,map05120	ko00000,ko00001,ko01000,ko01002	DUF3656,Peptidase_U32
3225	GEA50010.1	1205908.AKXW01000122_gene303	1.62e-65	200.0	COG3805@1|root,COG3805@2|Bacteria,1N2DN@1224|Proteobacteria,1SA51@1236|Gammaproteobacteria,1XYIR@135623|Vibrionales	COG3805 Aromatic ring-cleaving dioxygenase	-	-	ko:K10253	-	ko00000,ko01000	DOPA_dioxygen
3225	GEA50011.1	1205908.AKXW01000122_gene302	2.67e-280	769.0	COG1914@1|root,COG1914@2|Bacteria,1MWET@1224|Proteobacteria,1RY2N@1236|Gammaproteobacteria,1XW0V@135623|Vibrionales	Mn2 and Fe2 transporters of the NRAMP family	-	-	-	-	-	Nramp
3225	GEA50012.1	1205908.AKXW01000122_gene301	6.04e-164	462.0	COG0697@1|root,COG0697@2|Bacteria,1MXJ6@1224|Proteobacteria,1RSIB@1236|Gammaproteobacteria,1XWGN@135623|Vibrionales	of the drug metabolite transporter (DMT) superfamily	-	-	-	-	-	EamA
3225	GEA50013.1	1205908.AKXW01000122_gene300	6.33e-147	416.0	COG1651@1|root,COG1651@2|Bacteria,1MY3H@1224|Proteobacteria,1S1X0@1236|Gammaproteobacteria,1XUYX@135623|Vibrionales	Thioredoxin	-	-	-	-	-	Thioredoxin_4
3225	GEA50014.1	1205908.AKXW01000122_gene299	3.88e-101	294.0	COG0526@1|root,COG0526@2|Bacteria,1RHPC@1224|Proteobacteria,1S4C9@1236|Gammaproteobacteria,1XXTA@135623|Vibrionales	COG0526 Thiol-disulfide isomerase and thioredoxins	-	-	-	-	-	AhpC-TSA,Thioredoxin
3225	GEA50015.1	1205908.AKXW01000122_gene298	0.0	1063.0	COG4232@1|root,COG4233@1|root,COG4232@2|Bacteria,COG4233@2|Bacteria,1MU8W@1224|Proteobacteria,1RPF7@1236|Gammaproteobacteria,1XTSN@135623|Vibrionales	to be involved in C-type cytochrome biogenesis	-	-	ko:K08344	-	ko00000,ko02000	DsbC,DsbD,Thioredoxin_7
3225	GEA50016.1	1205908.AKXW01000024_gene911	4.92e-213	589.0	COG4318@1|root,COG4318@2|Bacteria,1RFUS@1224|Proteobacteria,1RMIN@1236|Gammaproteobacteria,1XV4D@135623|Vibrionales	Putative ParB-like nuclease	-	-	-	-	-	ParBc_2
3225	GEA50017.1	1205908.AKXW01000024_gene912	7.32e-95	277.0	COG3019@1|root,COG3019@2|Bacteria,1MZ9V@1224|Proteobacteria,1S9CQ@1236|Gammaproteobacteria,1XX3N@135623|Vibrionales	Protein of unknown function, DUF	copG	-	-	-	-	DUF411
3225	GEA50018.1	1205908.AKXW01000024_gene913	6.68e-89	261.0	COG0789@1|root,COG0789@2|Bacteria,1RJD4@1224|Proteobacteria,1S8DH@1236|Gammaproteobacteria,1XXR9@135623|Vibrionales	MerR, DNA binding	-	-	-	-	-	MerR_1
3225	GEA50019.1	1205908.AKXW01000024_gene914	0.0	1497.0	COG2217@1|root,COG2217@2|Bacteria,1MU08@1224|Proteobacteria,1RN2C@1236|Gammaproteobacteria,1XSZD@135623|Vibrionales	COG2217 Cation transport ATPase	copA	GO:0006810,GO:0006811,GO:0006812,GO:0008150,GO:0051179,GO:0051234	ko:K17686	ko01524,ko04016,map01524,map04016	ko00000,ko00001,ko01000	E1-E2_ATPase,HMA,Hydrolase
3225	GEA50020.1	1205908.AKXW01000024_gene915	8.89e-305	833.0	2CG2X@1|root,2Z7NT@2|Bacteria,1MW33@1224|Proteobacteria,1RQZI@1236|Gammaproteobacteria,1XSII@135623|Vibrionales	-	VP1614	-	-	-	-	-
3225	GEA50021.1	1205908.AKXW01000024_gene916	1.18e-76	231.0	2CJKJ@1|root,33ICY@2|Bacteria,1NIJA@1224|Proteobacteria,1SIQ7@1236|Gammaproteobacteria,1XZ5Y@135623|Vibrionales	-	-	-	-	-	-	-
3225	GEA50022.1	1205908.AKXW01000024_gene917	1.55e-294	807.0	COG4775@1|root,COG4775@2|Bacteria,1R536@1224|Proteobacteria,1RYQ6@1236|Gammaproteobacteria,1Y29N@135623|Vibrionales	Surface antigen	-	-	-	-	-	Bac_surface_Ag
3225	GEA50023.1	1205908.AKXW01000024_gene918	1.44e-309	846.0	COG0471@1|root,COG0471@2|Bacteria,1MUSA@1224|Proteobacteria,1RPU5@1236|Gammaproteobacteria,1XVCC@135623|Vibrionales	COG0471 Di- and tricarboxylate transporters	-	-	ko:K14445	-	ko00000,ko02000	Na_sulph_symp
3225	GEA50024.1	1205908.AKXW01000024_gene919	0.0	894.0	COG1263@1|root,COG1264@1|root,COG1263@2|Bacteria,COG1264@2|Bacteria,1MY1V@1224|Proteobacteria,1RMYZ@1236|Gammaproteobacteria,1XTN9@135623|Vibrionales	COG1263 Phosphotransferase system IIC components, glucose maltose N-acetylglucosamine-specific	-	-	ko:K02778,ko:K02779	ko00010,ko00520,ko02060,ko05111,map00010,map00520,map02060,map05111	ko00000,ko00001,ko00002,ko01000,ko02000	PTS_EIIB,PTS_EIIC
3225	GEA50026.1	1205908.AKXW01000024_gene921	5.95e-297	820.0	COG4533@1|root,COG4533@2|Bacteria,1N2NK@1224|Proteobacteria,1RP2Z@1236|Gammaproteobacteria,1XVAS@135623|Vibrionales	transport system, periplasmic component	-	-	-	-	-	SBP_bac_5,SgrR_N
3225	GEA50027.1	1205908.AKXW01000024_gene922	7.3e-222	613.0	COG3608@1|root,COG3608@2|Bacteria,1NUX3@1224|Proteobacteria,1RRM4@1236|Gammaproteobacteria,1XSJ9@135623|Vibrionales	Deacylase	-	-	ko:K06987	-	ko00000	AstE_AspA
3225	GEA50028.1	1205908.AKXW01000024_gene923	5.65e-107	310.0	COG5533@1|root,COG5533@2|Bacteria,1ND27@1224|Proteobacteria,1SI0W@1236|Gammaproteobacteria,1XVMT@135623|Vibrionales	Opioid growth factor receptor (OGFr) conserved region	-	-	-	-	-	OGFr_N
3225	GEA50029.1	1205908.AKXW01000024_gene924	4.41e-219	605.0	COG3221@1|root,COG3221@2|Bacteria,1MWFF@1224|Proteobacteria,1RPX1@1236|Gammaproteobacteria,1Y2QH@135623|Vibrionales	ABC transporter, phosphonate, periplasmic substrate-binding protein	phnD	-	ko:K02044	ko02010,map02010	ko00000,ko00001,ko00002,ko02000	Phosphonate-bd
3225	GEA50030.1	1205908.AKXW01000024_gene925	1.71e-175	491.0	COG3638@1|root,COG3638@2|Bacteria,1MVE9@1224|Proteobacteria,1RRV7@1236|Gammaproteobacteria,1XVI0@135623|Vibrionales	Part of the ABC transporter complex PhnCDE involved in phosphonates import. Responsible for energy coupling to the transport system	phnC	-	ko:K02041	ko02010,map02010	ko00000,ko00001,ko00002,ko01000,ko02000	ABC_tran
3225	GEA50031.1	1205908.AKXW01000024_gene926	9.32e-182	506.0	COG3639@1|root,COG3639@2|Bacteria,1MW4F@1224|Proteobacteria,1S1AC@1236|Gammaproteobacteria,1XUZA@135623|Vibrionales	COG3639 ABC-type phosphate phosphonate transport system, permease component	-	-	-	-	-	BPD_transp_1
3225	GEA50032.1	1205908.AKXW01000024_gene927	7.34e-181	504.0	COG3639@1|root,COG3639@2|Bacteria,1MUD6@1224|Proteobacteria,1S1KF@1236|Gammaproteobacteria,1XVGZ@135623|Vibrionales	COG3639 ABC-type phosphate phosphonate transport system, permease component	-	-	ko:K02042	ko02010,map02010	ko00000,ko00001,ko00002,ko02000	BPD_transp_1
3225	GEA50034.1	1205908.AKXW01000024_gene929	1.66e-137	390.0	COG1272@1|root,COG1272@2|Bacteria,1PGRH@1224|Proteobacteria,1RR4R@1236|Gammaproteobacteria,1XT5P@135623|Vibrionales	membrane protein, hemolysin III	hlyIII	-	ko:K11068	-	ko00000,ko02042	HlyIII
3225	GEA50035.1	1205908.AKXW01000024_gene930	2.55e-145	411.0	COG3650@1|root,COG3650@2|Bacteria,1Q84J@1224|Proteobacteria,1THIV@1236|Gammaproteobacteria,1XW6Y@135623|Vibrionales	response to hydrogen peroxide	-	-	-	-	-	-
3225	GEA50036.1	1205908.AKXW01000024_gene931	1e-112	325.0	COG5413@1|root,COG5413@2|Bacteria,1NA15@1224|Proteobacteria,1SCSY@1236|Gammaproteobacteria,1XXIV@135623|Vibrionales	Uncharacterized integral membrane protein (DUF2301)	-	-	-	-	-	DUF2301
3225	GEA50037.1	1205908.AKXW01000024_gene938	7.25e-88	258.0	COG4628@1|root,COG4628@2|Bacteria,1N7DG@1224|Proteobacteria,1S2VZ@1236|Gammaproteobacteria,1XX0U@135623|Vibrionales	DNA-binding protein VF530	-	-	-	-	-	VF530
3225	GEA50039.1	1205908.AKXW01000024_gene939	0.0	914.0	COG1757@1|root,COG1757@2|Bacteria,1MY5C@1224|Proteobacteria,1RP6I@1236|Gammaproteobacteria,1XVGR@135623|Vibrionales	Na+/H+ antiporter family	-	-	-	-	-	Na_H_antiporter
3225	GEA50040.1	1205908.AKXW01000024_gene940	4.09e-249	684.0	COG0686@1|root,COG0686@2|Bacteria,1MXDG@1224|Proteobacteria,1RSMS@1236|Gammaproteobacteria,1XZZW@135623|Vibrionales	Alanine dehydrogenase/PNT, N-terminal domain	-	-	ko:K00290	ko00300,ko00310,ko01100,ko01110,ko01130,ko01230,map00300,map00310,map01100,map01110,map01130,map01230	ko00000,ko00001,ko00002,ko01000	AlaDh_PNT_N
3225	GEA50041.1	675816.VIA_002637	2.08e-105	333.0	COG1961@1|root,COG1961@2|Bacteria,1N6DV@1224|Proteobacteria,1RYWS@1236|Gammaproteobacteria,1XXPX@135623|Vibrionales	COG1961 Site-specific recombinases, DNA invertase Pin homologs	-	-	-	-	-	Recombinase,Resolvase,Zn_ribbon_recom
3225	GEA50044.1	158822.LH89_07570	5.38e-237	668.0	28J59@1|root,2Z915@2|Bacteria,1MWN5@1224|Proteobacteria,1S0YV@1236|Gammaproteobacteria	-	-	-	-	-	-	-
3225	GEA50045.1	945543.VIBR0546_09454	8.36e-58	186.0	COG1961@1|root,COG1961@2|Bacteria,1R3XB@1224|Proteobacteria,1RSC2@1236|Gammaproteobacteria,1XXK6@135623|Vibrionales	Resolvase, N terminal domain	-	-	-	-	-	HTH_38,HTH_7,Resolvase
3225	GEA50050.1	1348635.BBJY01000006_gene331	7.14e-61	190.0	COG1186@1|root,COG1186@2|Bacteria,1RH75@1224|Proteobacteria,1S5YQ@1236|Gammaproteobacteria,1XXE0@135623|Vibrionales	COG1186 Protein chain release factor B	yaeJ	-	ko:K15034	-	ko00000,ko03012	RF-1
3225	GEA50051.1	1219072.VHA01S_010_00570	1.11e-12	64.3	COG0216@1|root,COG0216@2|Bacteria,1R348@1224|Proteobacteria,1T631@1236|Gammaproteobacteria,1Y3DA@135623|Vibrionales	RF-1 domain	-	-	-	-	-	RF-1
3225	GEA50052.1	357804.Ping_2523	4.62e-285	819.0	COG1061@1|root,COG1974@1|root,COG3886@1|root,COG1061@2|Bacteria,COG1974@2|Bacteria,COG3886@2|Bacteria,1MV9F@1224|Proteobacteria,1RNAN@1236|Gammaproteobacteria	Type III restriction protein res subunit	-	-	-	-	-	DUF3427,Helicase_C,Methyltransf_25,PLDc_2,ResIII
3225	GEA50053.1	1219080.VEZ01S_08_01600	1.46e-98	290.0	COG0500@1|root,COG0500@2|Bacteria,1R5D7@1224|Proteobacteria,1T35X@1236|Gammaproteobacteria,1Y350@135623|Vibrionales	Tellurite resistance protein TehB	-	-	-	-	-	Methyltransf_23
3225	GEA50054.1	1205908.AKXW01000024_gene955	9.93e-43	140.0	2AWJW@1|root,31NGJ@2|Bacteria,1QK7H@1224|Proteobacteria,1TIAS@1236|Gammaproteobacteria,1XYS7@135623|Vibrionales	-	-	-	-	-	-	-
3225	GEA50055.1	1205908.AKXW01000024_gene956	2.16e-104	304.0	2DBY5@1|root,2ZBTE@2|Bacteria,1N0SW@1224|Proteobacteria,1S9CZ@1236|Gammaproteobacteria,1XY7T@135623|Vibrionales	-	-	-	-	-	-	-
3225	GEA50056.1	1205908.AKXW01000024_gene957	2.03e-273	750.0	COG2195@1|root,COG2195@2|Bacteria,1MV7D@1224|Proteobacteria,1RMKZ@1236|Gammaproteobacteria,1XTBU@135623|Vibrionales	Cleaves the N-terminal amino acid of tripeptides	pepT	GO:0003674,GO:0003824,GO:0006508,GO:0006807,GO:0008150,GO:0008152,GO:0008233,GO:0016787,GO:0019538,GO:0043170,GO:0044238,GO:0071704,GO:0140096,GO:1901564	ko:K01258	-	ko00000,ko01000,ko01002	M20_dimer,Peptidase_M20,Peptidase_M42
3225	GEA50057.1	1205908.AKXW01000024_gene958	8.55e-142	402.0	COG1802@1|root,COG1802@2|Bacteria,1NDRT@1224|Proteobacteria,1RYXQ@1236|Gammaproteobacteria,1XU1M@135623|Vibrionales	COG1802 Transcriptional regulators	-	-	-	-	-	FCD,GntR
3225	GEA50058.1	1205908.AKXW01000024_gene959	1.62e-199	554.0	COG2513@1|root,COG2513@2|Bacteria,1N4VT@1224|Proteobacteria,1RMR5@1236|Gammaproteobacteria,1XUCR@135623|Vibrionales	Catalyzes the thermodynamically favored C-C bond cleavage of (2R,3S)-2-methylisocitrate to yield pyruvate and succinate	prpB	GO:0003674,GO:0003824,GO:0006091,GO:0006113,GO:0008150,GO:0008152,GO:0009987,GO:0015980,GO:0016829,GO:0016830,GO:0016833,GO:0044237,GO:0055114	ko:K01841,ko:K03417	ko00440,ko00640,ko01100,ko01120,ko01130,map00440,map00640,map01100,map01120,map01130	ko00000,ko00001,ko01000	PEP_mutase
3225	GEA50059.1	1205908.AKXW01000024_gene960	9.56e-266	728.0	COG0372@1|root,COG0372@2|Bacteria,1MUKX@1224|Proteobacteria,1RNT1@1236|Gammaproteobacteria,1XUU8@135623|Vibrionales	Belongs to the citrate synthase family	prpC	-	ko:K01659	ko00640,map00640	ko00000,ko00001,ko01000	Citrate_synt
3225	GEA50060.1	1205908.AKXW01000024_gene961	0.0	923.0	COG2079@1|root,COG2079@2|Bacteria,1MUIG@1224|Proteobacteria,1RPQN@1236|Gammaproteobacteria,1XTXH@135623|Vibrionales	MmgE/PrpD family	prpD	-	ko:K01720	ko00640,map00640	ko00000,ko00001,ko01000	MmgE_PrpD
3225	GEA50061.1	1205908.AKXW01000024_gene962	0.0	1231.0	COG0365@1|root,COG0365@2|Bacteria,1MUF5@1224|Proteobacteria,1RR14@1236|Gammaproteobacteria,1XU57@135623|Vibrionales	COG0365 Acyl-coenzyme A synthetases AMP-(fatty) acid ligases	prpE	-	ko:K01908	ko00640,ko01100,map00640,map01100	ko00000,ko00001,ko01000,ko01004	ACAS_N,AMP-binding,AMP-binding_C
3225	GEA50062.1	1205908.AKXW01000024_gene963	0.0	1285.0	COG0737@1|root,COG0737@2|Bacteria,1MU11@1224|Proteobacteria,1RMQV@1236|Gammaproteobacteria,1XSV2@135623|Vibrionales	Belongs to the 5'-nucleotidase family	cpdB	-	ko:K01119	ko00230,ko00240,map00230,map00240	ko00000,ko00001,ko01000	5_nucleotid_C,Metallophos
3225	GEA50063.1	1205908.AKXW01000024_gene964	5.46e-184	512.0	COG2515@1|root,COG2515@2|Bacteria,1R87T@1224|Proteobacteria,1RRB2@1236|Gammaproteobacteria,1XU3I@135623|Vibrionales	COG2515 1-aminocyclopropane-1-carboxylate deaminase	-	-	-	-	-	PALP
3225	GEA50064.1	1205908.AKXW01000024_gene965	9.46e-77	229.0	COG2246@1|root,COG2246@2|Bacteria,1NACX@1224|Proteobacteria,1SFVT@1236|Gammaproteobacteria,1XYEM@135623|Vibrionales	GtrA-like protein	-	-	-	-	-	GtrA
3225	GEA50065.1	1205908.AKXW01000024_gene966	0.0	891.0	COG3104@1|root,COG3104@2|Bacteria,1MW6W@1224|Proteobacteria,1RM8P@1236|Gammaproteobacteria,1XTDG@135623|Vibrionales	COG3104 Dipeptide tripeptide permease	-	-	ko:K03305	-	ko00000	PTR2
3225	GEA50066.1	1205908.AKXW01000024_gene974	1.18e-250	692.0	COG3633@1|root,COG3633@2|Bacteria,1MXE1@1224|Proteobacteria,1RP9B@1236|Gammaproteobacteria,1XSMF@135623|Vibrionales	Involved in the import of serine and threonine into the cell, with the concomitant import of sodium (symport system)	sstT	GO:0003674,GO:0005215,GO:0005310,GO:0005342,GO:0005343,GO:0006810,GO:0006811,GO:0006812,GO:0006814,GO:0006820,GO:0006835,GO:0008150,GO:0008324,GO:0008509,GO:0008514,GO:0015075,GO:0015077,GO:0015081,GO:0015291,GO:0015293,GO:0015294,GO:0015318,GO:0015370,GO:0015672,GO:0015711,GO:0015849,GO:0017153,GO:0022804,GO:0022857,GO:0022890,GO:0030001,GO:0034220,GO:0035725,GO:0046873,GO:0046942,GO:0046943,GO:0051179,GO:0051234,GO:0055085,GO:0071702,GO:0098655,GO:0098656,GO:0098660,GO:0098662,GO:1903825,GO:1905039	ko:K07862	-	ko00000,ko02000	SDF
3225	GEA50067.1	1205908.AKXW01000027_gene628	0.0	1819.0	COG0841@1|root,COG0841@2|Bacteria,1MU48@1224|Proteobacteria,1RMBN@1236|Gammaproteobacteria,1XTCX@135623|Vibrionales	AcrB/AcrD/AcrF family	-	-	-	-	-	ACR_tran
3225	GEA50068.1	1205908.AKXW01000027_gene627	1.24e-215	600.0	COG0845@1|root,COG0845@2|Bacteria,1RBJ0@1224|Proteobacteria,1S2QA@1236|Gammaproteobacteria,1XT27@135623|Vibrionales	Biotin-lipoyl like	-	-	-	-	-	Biotin_lipoyl_2,HlyD_3,HlyD_D23
3225	GEA50069.1	1205908.AKXW01000027_gene626	3.71e-133	378.0	COG1309@1|root,COG1309@2|Bacteria,1MZ9E@1224|Proteobacteria,1S8XT@1236|Gammaproteobacteria,1XVKR@135623|Vibrionales	Bacterial regulatory proteins, tetR family	-	-	-	-	-	TetR_C_7,TetR_N
3225	GEA50070.1	1205908.AKXW01000027_gene625	0.0	1019.0	COG4166@1|root,COG4166@2|Bacteria,1P91R@1224|Proteobacteria,1RN57@1236|Gammaproteobacteria,1XVN1@135623|Vibrionales	Bacterial extracellular solute-binding proteins, family 5 Middle	-	-	ko:K15580	ko01501,ko02010,ko02024,map01501,map02010,map02024	ko00000,ko00001,ko00002,ko02000	SBP_bac_5
3225	GEA50071.1	1205908.AKXW01000027_gene623	1.3e-146	415.0	COG1028@1|root,COG1028@2|Bacteria,1RAEZ@1224|Proteobacteria,1S615@1236|Gammaproteobacteria,1XVMC@135623|Vibrionales	C factor cell-cell signaling protein	-	-	-	-	-	adh_short
3225	GEA50072.1	1205908.AKXW01000027_gene622	4.83e-255	705.0	COG0415@1|root,COG0415@2|Bacteria,1MWRT@1224|Proteobacteria,1RN1P@1236|Gammaproteobacteria,1XVHK@135623|Vibrionales	Belongs to the DNA photolyase family	cry	GO:0003674,GO:0003824,GO:0003904,GO:0003913,GO:0006139,GO:0006259,GO:0006281,GO:0006725,GO:0006807,GO:0006950,GO:0006974,GO:0008150,GO:0008152,GO:0009987,GO:0016829,GO:0016830,GO:0033554,GO:0034641,GO:0043170,GO:0044237,GO:0044238,GO:0044260,GO:0046483,GO:0050896,GO:0051716,GO:0071704,GO:0090304,GO:0140097,GO:1901360	ko:K01669	-	ko00000,ko01000,ko03400	DNA_photolyase,FAD_binding_7
3225	GEA50073.1	1205908.AKXW01000027_gene621	7.06e-153	431.0	COG3675@1|root,COG3675@2|Bacteria,1NICA@1224|Proteobacteria,1SHG9@1236|Gammaproteobacteria,1XT2J@135623|Vibrionales	Lipase (class 3)	-	-	-	-	-	Lipase_3
3225	GEA50074.1	1205908.AKXW01000027_gene620	0.0	1364.0	COG0841@1|root,COG0841@2|Bacteria	transmembrane transporter activity	-	-	ko:K07003	-	ko00000	ACR_tran,MMPL
3225	GEA50075.1	1205908.AKXW01000027_gene619	0.0	1448.0	COG1032@1|root,COG1032@2|Bacteria,1MUG3@1224|Proteobacteria,1RN9V@1236|Gammaproteobacteria,1XT35@135623|Vibrionales	UPF0313 protein	ygiQ	-	-	-	-	DUF3362,Radical_SAM,Radical_SAM_N
3225	GEA50076.1	1205908.AKXW01000027_gene618	1.3e-283	775.0	COG0729@1|root,COG0729@2|Bacteria,1R5Y3@1224|Proteobacteria,1RPB2@1236|Gammaproteobacteria,1XV4X@135623|Vibrionales	Surface antigen	-	-	-	-	-	Bac_surface_Ag
3225	GEA50077.1	1205908.AKXW01000027_gene617	4.99e-148	419.0	2E04S@1|root,32VT8@2|Bacteria,1N3T4@1224|Proteobacteria,1SBN3@1236|Gammaproteobacteria,1XTHM@135623|Vibrionales	-	VV2139	-	-	-	-	-
3225	GEA50078.1	1205908.AKXW01000027_gene616	1.21e-40	134.0	2EG1V@1|root,339TV@2|Bacteria,1NI0B@1224|Proteobacteria,1SGIA@1236|Gammaproteobacteria,1XYCW@135623|Vibrionales	Domain of unknown function (DUF4250)	VC1707	-	-	-	-	DUF4250
3225	GEA50079.1	1205908.AKXW01000027_gene615	2.5e-127	362.0	2B0QJ@1|root,31T2K@2|Bacteria,1QJDY@1224|Proteobacteria,1THD8@1236|Gammaproteobacteria,1XU73@135623|Vibrionales	-	-	-	-	-	-	-
3225	GEA50080.1	1205908.AKXW01000027_gene614	2.16e-103	300.0	COG0784@1|root,COG0784@2|Bacteria,1MYIP@1224|Proteobacteria,1S89X@1236|Gammaproteobacteria,1XWV8@135623|Vibrionales	response regulator	-	-	-	-	-	Response_reg
3225	GEA50081.1	1205908.AKXW01000027_gene613	0.0	1139.0	COG0664@1|root,COG4191@1|root,COG0664@2|Bacteria,COG4191@2|Bacteria,1R97I@1224|Proteobacteria,1RNJ8@1236|Gammaproteobacteria,1XSZK@135623|Vibrionales	COG0642 Signal transduction histidine kinase	VP1245	-	-	-	-	HATPase_c,HisKA,Response_reg,cNMP_binding
3225	GEA50082.1	1205908.AKXW01000027_gene612	8.47e-284	778.0	COG5339@1|root,COG5339@2|Bacteria,1N902@1224|Proteobacteria,1SDR2@1236|Gammaproteobacteria,1XSXF@135623|Vibrionales	Bacterial protein of unknown function (DUF945)	-	-	-	-	-	DUF945
3225	GEA50083.1	1205908.AKXW01000027_gene611	3.34e-245	675.0	COG1932@1|root,COG1932@2|Bacteria,1MUB5@1224|Proteobacteria,1RMKU@1236|Gammaproteobacteria,1XSV4@135623|Vibrionales	Catalyzes the reversible conversion of 3- phosphohydroxypyruvate to phosphoserine and of 3-hydroxy-2-oxo-4- phosphonooxybutanoate to phosphohydroxythreonine	serC	GO:0003674,GO:0003824,GO:0004648,GO:0005575,GO:0005622,GO:0005623,GO:0005737,GO:0006082,GO:0006520,GO:0006563,GO:0006564,GO:0006807,GO:0008150,GO:0008152,GO:0008483,GO:0008652,GO:0009058,GO:0009069,GO:0009070,GO:0009987,GO:0016053,GO:0016740,GO:0016769,GO:0019752,GO:0043436,GO:0044237,GO:0044238,GO:0044249,GO:0044281,GO:0044283,GO:0044424,GO:0044464,GO:0046394,GO:0071704,GO:1901564,GO:1901566,GO:1901576,GO:1901605,GO:1901607	ko:K00831	ko00260,ko00680,ko00750,ko01100,ko01120,ko01130,ko01200,ko01230,map00260,map00680,map00750,map01100,map01120,map01130,map01200,map01230	ko00000,ko00001,ko00002,ko01000,ko01007	Aminotran_5
3225	GEA50084.1	1205908.AKXW01000055_gene223	1.45e-202	562.0	COG0583@1|root,COG0583@2|Bacteria,1MZZP@1224|Proteobacteria,1RNX9@1236|Gammaproteobacteria,1XU95@135623|Vibrionales	Transcriptional regulator, LysR family	-	-	-	-	-	HTH_1,LysR_substrate
3225	GEA50085.1	1205908.AKXW01000055_gene222	2.15e-216	600.0	COG0604@1|root,COG0604@2|Bacteria,1MU4N@1224|Proteobacteria,1RNSV@1236|Gammaproteobacteria,1XTJE@135623|Vibrionales	Belongs to the zinc-containing alcohol dehydrogenase family. Quinone oxidoreductase subfamily	-	-	-	-	-	ADH_N,ADH_zinc_N_2
3225	GEA50086.1	1205908.AKXW01000055_gene221	0.0	1049.0	COG4987@1|root,COG4987@2|Bacteria,1QU1P@1224|Proteobacteria,1RQD7@1236|Gammaproteobacteria,1XUM9@135623|Vibrionales	COG4987 ABC-type transport system involved in cytochrome bd biosynthesis, fused ATPase and permease components	cydC	-	ko:K16012	ko02010,map02010	ko00000,ko00001,ko02000	ABC_membrane,ABC_tran
3225	GEA50087.1	1205908.AKXW01000055_gene220	0.0	1058.0	COG4988@1|root,COG4988@2|Bacteria,1QU1N@1224|Proteobacteria,1RNPI@1236|Gammaproteobacteria,1XUSA@135623|Vibrionales	COG4988 ABC-type transport system involved in cytochrome bd biosynthesis, ATPase and permease components	cydD	-	ko:K16013	ko02010,map02010	ko00000,ko00001,ko02000	ABC_membrane,ABC_tran
3225	GEA50088.1	1205908.AKXW01000055_gene219	2.29e-224	619.0	COG0492@1|root,COG0492@2|Bacteria,1MV15@1224|Proteobacteria,1RMEX@1236|Gammaproteobacteria,1XSDE@135623|Vibrionales	Belongs to the class-II pyridine nucleotide-disulfide oxidoreductase family	trxB	GO:0003674,GO:0003824,GO:0004791,GO:0008150,GO:0008152,GO:0009636,GO:0009987,GO:0015036,GO:0016209,GO:0016491,GO:0016651,GO:0016667,GO:0016668,GO:0042221,GO:0050896,GO:0051716,GO:0055114,GO:0070887,GO:0097237,GO:0098754,GO:0098869,GO:1990748	ko:K00384	ko00450,map00450	ko00000,ko00001,ko01000	Pyr_redox_2
3225	GEA50089.1	1205908.AKXW01000055_gene218	2.96e-166	467.0	COG2949@1|root,COG2949@2|Bacteria,1MURW@1224|Proteobacteria,1RMG7@1236|Gammaproteobacteria,1XSGW@135623|Vibrionales	SanA protein	sanA	-	ko:K03748	-	ko00000	DUF218
3225	GEA50090.1	1205908.AKXW01000055_gene217	0.0	1097.0	COG0281@1|root,COG0281@2|Bacteria,1MU0A@1224|Proteobacteria,1RQ11@1236|Gammaproteobacteria,1XTTY@135623|Vibrionales	malic enzyme	maeA	GO:0003674,GO:0003824,GO:0004470,GO:0004473,GO:0006082,GO:0006090,GO:0006108,GO:0008150,GO:0008152,GO:0009987,GO:0016491,GO:0016614,GO:0016615,GO:0016616,GO:0019752,GO:0032787,GO:0043436,GO:0043648,GO:0044237,GO:0044281,GO:0055114,GO:0071704	ko:K00027	ko00620,ko01200,ko02020,map00620,map01200,map02020	ko00000,ko00001,ko01000	Malic_M,malic
3225	GEA50091.1	1205908.AKXW01000055_gene216	1.97e-79	236.0	2BZUK@1|root,32RU7@2|Bacteria,1RM0J@1224|Proteobacteria,1S7RF@1236|Gammaproteobacteria,1XXI6@135623|Vibrionales	-	-	-	-	-	-	-
3225	GEA50092.1	1205908.AKXW01000055_gene215	1.48e-93	274.0	COG3187@1|root,COG3187@2|Bacteria,1RFSD@1224|Proteobacteria,1S6MZ@1236|Gammaproteobacteria,1XWWJ@135623|Vibrionales	heat shock protein	hslJ	-	ko:K03668	-	ko00000	META
3225	GEA50093.1	1205908.AKXW01000055_gene214	9.8e-48	153.0	COG3313@1|root,COG3313@2|Bacteria,1NGD5@1224|Proteobacteria,1SCBM@1236|Gammaproteobacteria,1XYE2@135623|Vibrionales	Fe-S protein	-	-	ko:K06938	-	ko00000	DUF1289
3225	GEA50094.1	1205908.AKXW01000055_gene213	0.0	1135.0	COG1123@1|root,COG4172@2|Bacteria,1MU09@1224|Proteobacteria,1RMEI@1236|Gammaproteobacteria,1XWCF@135623|Vibrionales	Belongs to the ABC transporter superfamily	-	-	ko:K02031,ko:K02032,ko:K13892	ko02010,ko02024,map02010,map02024	ko00000,ko00001,ko00002,ko02000	ABC_tran,oligo_HPY
3225	GEA50095.1	1205908.AKXW01000055_gene212	0.0	960.0	COG0747@1|root,COG0747@2|Bacteria,1MUZH@1224|Proteobacteria,1RNES@1236|Gammaproteobacteria,1XXQP@135623|Vibrionales	Bacterial extracellular solute-binding proteins, family 5 Middle	-	-	ko:K02035,ko:K13889	ko02010,ko02024,map02010,map02024	ko00000,ko00001,ko00002,ko02000	SBP_bac_5
3225	GEA50096.1	1205908.AKXW01000055_gene211	2.13e-202	562.0	COG0601@1|root,COG0601@2|Bacteria,1MU8Z@1224|Proteobacteria,1RNJ1@1236|Gammaproteobacteria,1XTA1@135623|Vibrionales	COG0601 ABC-type dipeptide oligopeptide nickel transport systems, permease components	gsiC	GO:0005575,GO:0005623,GO:0005886,GO:0005887,GO:0016020,GO:0016021,GO:0031224,GO:0031226,GO:0044425,GO:0044459,GO:0044464,GO:0071944	ko:K13890	ko02010,map02010	ko00000,ko00001,ko00002,ko02000	BPD_transp_1
3225	GEA50097.1	1205908.AKXW01000055_gene210	1.08e-186	521.0	COG1173@1|root,COG1173@2|Bacteria,1MUG0@1224|Proteobacteria,1RN08@1236|Gammaproteobacteria,1XTS5@135623|Vibrionales	COG1173 ABC-type dipeptide oligopeptide nickel transport systems, permease components	-	-	ko:K02034,ko:K12370,ko:K13891	ko02010,ko02024,map02010,map02024	ko00000,ko00001,ko00002,ko02000	BPD_transp_1,OppC_N
3225	GEA50098.1	1205908.AKXW01000055_gene209	4.47e-258	710.0	COG0044@1|root,COG0044@2|Bacteria,1MUPA@1224|Proteobacteria,1RNYU@1236|Gammaproteobacteria,1Y35U@135623|Vibrionales	Catalyzes the hydrolytic cleavage of a subset of L- isoaspartyl (L-beta-aspartyl) dipeptides. Used to degrade proteins damaged by L-isoaspartyl residues formation	-	-	ko:K01305	-	ko00000,ko01000,ko01002	-
3225	GEA50099.1	1205908.AKXW01000055_gene208	1.58e-59	183.0	COG1825@1|root,COG1825@2|Bacteria,1RDH0@1224|Proteobacteria,1S46A@1236|Gammaproteobacteria,1XXXW@135623|Vibrionales	This is one of the proteins that binds to the 5S RNA in the ribosome where it forms part of the central protuberance	rplY	GO:0003674,GO:0003676,GO:0003723,GO:0003735,GO:0005198,GO:0005488,GO:0005575,GO:0005622,GO:0005623,GO:0005737,GO:0005829,GO:0005840,GO:0006412,GO:0006518,GO:0006807,GO:0008097,GO:0008150,GO:0008152,GO:0009058,GO:0009059,GO:0009987,GO:0010467,GO:0015934,GO:0019538,GO:0019843,GO:0022625,GO:0022626,GO:0032991,GO:0034641,GO:0034645,GO:0043043,GO:0043170,GO:0043226,GO:0043228,GO:0043229,GO:0043232,GO:0043603,GO:0043604,GO:0044237,GO:0044238,GO:0044249,GO:0044260,GO:0044267,GO:0044271,GO:0044391,GO:0044422,GO:0044424,GO:0044444,GO:0044445,GO:0044446,GO:0044464,GO:0071704,GO:0097159,GO:1901363,GO:1901564,GO:1901566,GO:1901576,GO:1990904	ko:K02897	ko03010,map03010	ko00000,ko00001,ko00002,ko03011	Ribosomal_L25p
3225	GEA50100.1	1205908.AKXW01000055_gene207	0.0	1134.0	COG1061@1|root,COG1061@2|Bacteria,1MV9F@1224|Proteobacteria,1RNAN@1236|Gammaproteobacteria,1XV70@135623|Vibrionales	COG1061 DNA or RNA helicases of superfamily II	yejH	-	ko:K19789	-	ko00000,ko03400	Helicase_C,ResIII
3225	GEA50101.1	1205908.AKXW01000055_gene206	2.31e-165	462.0	COG1187@1|root,COG1187@2|Bacteria,1MU6M@1224|Proteobacteria,1RQA9@1236|Gammaproteobacteria,1XTEX@135623|Vibrionales	Belongs to the pseudouridine synthase RsuA family	rsuA	GO:0000154,GO:0000455,GO:0001522,GO:0003674,GO:0003824,GO:0005575,GO:0005622,GO:0005623,GO:0005737,GO:0005829,GO:0006139,GO:0006364,GO:0006396,GO:0006725,GO:0006807,GO:0008150,GO:0008152,GO:0009451,GO:0009982,GO:0009987,GO:0010467,GO:0016070,GO:0016072,GO:0016853,GO:0016866,GO:0022613,GO:0031118,GO:0034470,GO:0034641,GO:0034660,GO:0042254,GO:0043170,GO:0043412,GO:0044085,GO:0044237,GO:0044238,GO:0044424,GO:0044444,GO:0044464,GO:0046483,GO:0071704,GO:0071840,GO:0090304,GO:1901360	ko:K06183	-	ko00000,ko01000,ko03009	PseudoU_synth_2,S4
3225	GEA50102.1	1205908.AKXW01000055_gene205	1.8e-270	742.0	COG0477@1|root,COG2814@2|Bacteria,1MW19@1224|Proteobacteria,1RMSZ@1236|Gammaproteobacteria,1XSKM@135623|Vibrionales	of the major facilitator superfamily	bcr	-	ko:K07552	-	ko00000,ko02000	MFS_1
3225	GEA50103.1	1205908.AKXW01000055_gene204	1.01e-153	432.0	2EAF8@1|root,334IN@2|Bacteria,1ND4K@1224|Proteobacteria,1SBS5@1236|Gammaproteobacteria,1XTF7@135623|Vibrionales	Protein of unknown function (DUF2913)	VP1217	-	-	-	-	DUF2913
3225	GEA50104.1	1205908.AKXW01000055_gene203	0.0	901.0	COG0702@1|root,COG0702@2|Bacteria,1MW54@1224|Proteobacteria,1RNS7@1236|Gammaproteobacteria,1XTP2@135623|Vibrionales	nucleoside-diphosphate-sugar epimerases	ybjT	-	-	-	-	DUF2867,Epimerase,NAD_binding_10
3225	GEA50105.1	1205908.AKXW01000055_gene202	1.05e-152	429.0	COG1136@1|root,COG1136@2|Bacteria,1NCFC@1224|Proteobacteria,1S18G@1236|Gammaproteobacteria,1XTFP@135623|Vibrionales	ABC-type antimicrobial peptide transport system, ATPase component	-	-	ko:K02003	-	ko00000,ko00002,ko02000	ABC_tran
3225	GEA50106.1	1205908.AKXW01000055_gene201	0.0	1535.0	COG0577@1|root,COG0577@2|Bacteria,1MVCT@1224|Proteobacteria,1RNP1@1236|Gammaproteobacteria,1XUDJ@135623|Vibrionales	ABC-type antimicrobial peptide transport system, permease component	-	-	ko:K02004	-	ko00000,ko00002,ko02000	FtsX,MacB_PCD
3225	GEA50107.1	1205908.AKXW01000055_gene200	1.35e-245	677.0	COG5621@1|root,COG5621@2|Bacteria,1MUVF@1224|Proteobacteria,1RZ65@1236|Gammaproteobacteria,1XTRT@135623|Vibrionales	secreted hydrolase	-	-	-	-	-	CrtC,Lipocalin_9
3225	GEA50108.1	1205908.AKXW01000055_gene199	6.39e-257	707.0	COG3004@1|root,COG3004@2|Bacteria,1MW15@1224|Proteobacteria,1RNDE@1236|Gammaproteobacteria,1XT58@135623|Vibrionales	) H( ) antiporter that extrudes sodium in exchange for external protons	nhaA	GO:0003674,GO:0005215,GO:0005451,GO:0006810,GO:0006811,GO:0006812,GO:0006814,GO:0008150,GO:0008324,GO:0015075,GO:0015077,GO:0015078,GO:0015081,GO:0015291,GO:0015297,GO:0015298,GO:0015299,GO:0015318,GO:0015385,GO:0015491,GO:0015672,GO:0022804,GO:0022857,GO:0022890,GO:0030001,GO:0034220,GO:0035725,GO:0046873,GO:0051179,GO:0051234,GO:0055085,GO:0098655,GO:0098660,GO:0098662,GO:0099516,GO:1902600	ko:K03313	-	ko00000,ko02000	Na_H_antiport_1
3225	GEA50109.1	1205908.AKXW01000055_gene198	8.36e-138	390.0	COG1309@1|root,COG1309@2|Bacteria,1RDIM@1224|Proteobacteria,1S401@1236|Gammaproteobacteria,1XUJ5@135623|Vibrionales	Transcriptional regulator	-	-	-	-	-	TetR_N
3225	GEA50110.1	1205908.AKXW01000055_gene197	0.0	1454.0	COG1960@1|root,COG1960@2|Bacteria,1MUDR@1224|Proteobacteria,1RPM5@1236|Gammaproteobacteria,1XT9R@135623|Vibrionales	COG1960 Acyl-CoA dehydrogenases	-	-	-	-	-	Acyl-CoA_dh_1,Acyl-CoA_dh_M,Acyl-CoA_dh_N,DUF1974
3225	GEA50111.1	1205908.AKXW01000055_gene196	4.94e-204	565.0	COG3637@1|root,COG3637@2|Bacteria,1RHUP@1224|Proteobacteria,1S8C4@1236|Gammaproteobacteria,1XV1Q@135623|Vibrionales	Domain of unknown function (DUF3943)	-	-	-	-	-	DUF3943
3225	GEA50112.1	1205908.AKXW01000055_gene195	1.19e-254	704.0	COG1058@1|root,COG1058@2|Bacteria,1QUB2@1224|Proteobacteria,1RNXG@1236|Gammaproteobacteria,1XSVF@135623|Vibrionales	Belongs to the CinA family	yfaY	-	-	-	-	MoCF_biosynth
3225	GEA50113.1	1205908.AKXW01000055_gene194	7.04e-72	216.0	2AWK8@1|root,31NGY@2|Bacteria,1QK7U@1224|Proteobacteria,1TIB4@1236|Gammaproteobacteria,1XYSX@135623|Vibrionales	-	-	-	-	-	-	-
3225	GEA50114.1	1219080.VEZ01S_08_02050	7.52e-54	169.0	COG0633@1|root,COG0633@2|Bacteria,1QU91@1224|Proteobacteria,1T1VI@1236|Gammaproteobacteria,1XXYP@135623|Vibrionales	COG0633 Ferredoxin	-	-	ko:K11107	-	ko00000	Fer2
3225	GEA50115.1	1205908.AKXW01000055_gene192	1.13e-272	746.0	COG0208@1|root,COG0208@2|Bacteria,1MWUS@1224|Proteobacteria,1RMJC@1236|Gammaproteobacteria,1XSHZ@135623|Vibrionales	COG0208 Ribonucleotide reductase, beta subunit	nrdB	-	ko:K00526	ko00230,ko00240,ko01100,map00230,map00240,map01100	ko00000,ko00001,ko00002,ko01000,ko03400	Ribonuc_red_sm
3225	GEA50116.1	1205908.AKXW01000055_gene191	0.0	1494.0	COG0209@1|root,COG0209@2|Bacteria,1MUJ8@1224|Proteobacteria,1RMPV@1236|Gammaproteobacteria,1XTXI@135623|Vibrionales	Provides the precursors necessary for DNA synthesis. Catalyzes the biosynthesis of deoxyribonucleotides from the corresponding ribonucleotides	nrdA	-	ko:K00525	ko00230,ko00240,ko01100,map00230,map00240,map01100	ko00000,ko00001,ko00002,ko01000,ko03400	ATP-cone,Ribonuc_red_lgC,Ribonuc_red_lgN
3225	GEA50117.1	1205908.AKXW01000055_gene190	6.97e-168	469.0	COG2227@1|root,COG2227@2|Bacteria,1MU89@1224|Proteobacteria,1RMV7@1236|Gammaproteobacteria,1XSEV@135623|Vibrionales	O-methyltransferase that catalyzes the 2 O-methylation steps in the ubiquinone biosynthetic pathway	ubiG	GO:0003674,GO:0003824,GO:0006732,GO:0006733,GO:0006743,GO:0006744,GO:0008150,GO:0008152,GO:0008168,GO:0008171,GO:0008689,GO:0008757,GO:0009058,GO:0009108,GO:0009987,GO:0016740,GO:0016741,GO:0032259,GO:0042180,GO:0042181,GO:0044237,GO:0044249,GO:0044281,GO:0044283,GO:0051186,GO:0051188,GO:0061542,GO:0071704,GO:1901576,GO:1901661,GO:1901663	ko:K00568	ko00130,ko01100,ko01110,map00130,map01100,map01110	ko00000,ko00001,ko00002,ko01000	Methyltransf_23
3225	GEA50118.1	1219072.VHA01S_009_00560	0.0	1417.0	COG0188@1|root,COG0188@2|Bacteria,1MUGG@1224|Proteobacteria,1RN03@1236|Gammaproteobacteria,1XSUD@135623|Vibrionales	A type II topoisomerase that negatively supercoils closed circular double-stranded (ds) DNA in an ATP-dependent manner to modulate DNA topology and maintain chromosomes in an underwound state. Negative supercoiling favors strand separation, and DNA replication, transcription, recombination and repair, all of which involve strand separation. Also able to catalyze the interconversion of other topological isomers of dsDNA rings, including catenanes and knotted rings. Type II topoisomerases break and join 2 DNA strands simultaneously in an ATP-dependent manner	gyrA	-	ko:K02469	-	ko00000,ko01000,ko03032,ko03400	DNA_gyraseA_C,DNA_topoisoIV
3225	GEA50119.1	1205908.AKXW01000055_gene188	2.53e-134	381.0	COG0807@1|root,COG0807@2|Bacteria,1MWZR@1224|Proteobacteria,1RMFX@1236|Gammaproteobacteria,1XU21@135623|Vibrionales	Catalyzes the conversion of GTP to 2,5-diamino-6- ribosylamino-4(3H)-pyrimidinone 5'-phosphate (DARP), formate and pyrophosphate	ribA	GO:0003674,GO:0003824,GO:0003933,GO:0003935,GO:0006766,GO:0006767,GO:0006771,GO:0006807,GO:0008150,GO:0008152,GO:0009058,GO:0009110,GO:0009231,GO:0009987,GO:0016787,GO:0016810,GO:0016814,GO:0017144,GO:0018130,GO:0019238,GO:0034641,GO:0042364,GO:0042726,GO:0042727,GO:0044237,GO:0044249,GO:0044271,GO:0044281,GO:0044283,GO:0046483,GO:0071704,GO:1901360,GO:1901362,GO:1901564,GO:1901566,GO:1901576	ko:K01497	ko00740,ko00790,ko01100,ko01110,ko02024,map00740,map00790,map01100,map01110,map02024	ko00000,ko00001,ko00002,ko01000	GTP_cyclohydro2
3225	GEA50120.1	1205908.AKXW01000055_gene187	0.0	986.0	COG2989@1|root,COG2989@2|Bacteria,1MV14@1224|Proteobacteria,1RQR7@1236|Gammaproteobacteria,1XUQ4@135623|Vibrionales	protein conserved in bacteria	VP1916	-	ko:K21470	-	ko00000,ko01002,ko01011	PG_binding_1,YkuD
3225	GEA50121.1	1205908.AKXW01000055_gene186	1.15e-153	431.0	COG0491@1|root,COG0491@2|Bacteria,1MUDN@1224|Proteobacteria,1RMMG@1236|Gammaproteobacteria,1XU1B@135623|Vibrionales	COG0491 Zn-dependent hydrolases, including glyoxylases	ycbL	-	-	-	-	Lactamase_B
3225	GEA50122.1	1205908.AKXW01000055_gene185	1.48e-138	394.0	2CEWJ@1|root,32S0P@2|Bacteria,1N30H@1224|Proteobacteria,1S9KS@1236|Gammaproteobacteria,1XTGY@135623|Vibrionales	Protein of unknown function (DUF2982)	VV12961	-	-	-	-	DUF2982
3225	GEA50123.1	1205908.AKXW01000055_gene184	1.29e-264	724.0	COG4663@1|root,COG4663@2|Bacteria,1MVMD@1224|Proteobacteria,1RNCK@1236|Gammaproteobacteria,1XV1B@135623|Vibrionales	Part of the tripartite ATP-independent periplasmic (TRAP) transport system	-	-	-	-	-	DctP
3225	GEA50124.1	1219072.VHA01S_009_00490	1.09e-105	306.0	COG4665@1|root,COG4665@2|Bacteria,1REH8@1224|Proteobacteria,1S44W@1236|Gammaproteobacteria,1XTZR@135623|Vibrionales	TRAP-type mannitol chloroaromatic compound transport system, small permease component	-	-	-	-	-	DctQ
3225	GEA50125.1	1205908.AKXW01000055_gene182	2.94e-283	777.0	COG4664@1|root,COG4664@2|Bacteria,1R4MZ@1224|Proteobacteria,1RMR6@1236|Gammaproteobacteria,1XUVI@135623|Vibrionales	COG4664 TRAP-type mannitol chloroaromatic compound transport system, large permease component	-	-	-	-	-	DctM
3225	GEA50126.1	1205908.AKXW01000055_gene181	0.0	939.0	COG1292@1|root,COG1292@2|Bacteria,1MV0K@1224|Proteobacteria,1RP3E@1236|Gammaproteobacteria,1XU3K@135623|Vibrionales	Belongs to the BCCT transporter (TC 2.A.15) family	butA	-	ko:K03451	-	ko00000	BCCT
3225	GEA50127.1	1205908.AKXW01000055_gene180	2.43e-45	148.0	COG3097@1|root,COG3097@2|Bacteria,1NBAT@1224|Proteobacteria,1SAZG@1236|Gammaproteobacteria,1XXWY@135623|Vibrionales	Belongs to the UPF0267 family	-	-	ko:K09900	-	ko00000	ASCH
3225	GEA50128.1	1205908.AKXW01000055_gene179	4.18e-49	160.0	COG3153@1|root,COG3153@2|Bacteria,1NCMM@1224|Proteobacteria,1SG88@1236|Gammaproteobacteria,1XXTG@135623|Vibrionales	Acetyltransferase (GNAT) family	-	-	-	-	-	Acetyltransf_1,Acetyltransf_7
3225	GEA50129.1	425104.Ssed_1768	2.33e-119	352.0	COG4313@1|root,COG4313@2|Bacteria,1R6GU@1224|Proteobacteria,1S3GE@1236|Gammaproteobacteria	Protein involved in MetA-pathway of phenol	-	-	-	-	-	Phenol_MetA_deg
3225	GEA50130.1	1205908.AKXW01000055_gene178	1.28e-168	471.0	COG0847@1|root,COG0847@2|Bacteria,1RAF1@1224|Proteobacteria,1S20V@1236|Gammaproteobacteria,1XSA6@135623|Vibrionales	COG0847 DNA polymerase III, epsilon subunit and related 3'-5' exonucleases	-	-	ko:K02342	ko00230,ko00240,ko01100,ko03030,ko03430,ko03440,map00230,map00240,map01100,map03030,map03430,map03440	ko00000,ko00001,ko00002,ko01000,ko03032,ko03400	RNase_T
3225	GEA50131.1	1205908.AKXW01000055_gene177	0.0	1173.0	COG2905@1|root,COG2905@2|Bacteria,1MW8U@1224|Proteobacteria,1RPSJ@1236|Gammaproteobacteria,1XSDF@135623|Vibrionales	containing cAMP-binding and CBS domains	-	-	ko:K07182	-	ko00000	CBS,DUF294,DUF294_C,cNMP_binding
3225	GEA50132.1	1280001.BAOA01000128_gene1170	3.95e-17	83.6	2BFU8@1|root,329PC@2|Bacteria,1QJDH@1224|Proteobacteria,1THCM@1236|Gammaproteobacteria,1XTXQ@135623|Vibrionales	-	-	-	-	-	-	OMP_b-brl
3225	GEA50133.1	1205908.AKXW01000055_gene175	4.98e-272	746.0	COG1448@1|root,COG1448@2|Bacteria,1MUT0@1224|Proteobacteria,1RN02@1236|Gammaproteobacteria,1XTX4@135623|Vibrionales	COG1448 Aspartate tyrosine aromatic aminotransferase	aspC	-	ko:K00832	ko00270,ko00350,ko00360,ko00400,ko00401,ko00950,ko00960,ko01100,ko01110,ko01130,ko01230,map00270,map00350,map00360,map00400,map00401,map00950,map00960,map01100,map01110,map01130,map01230	ko00000,ko00001,ko00002,ko01000,ko01007	Aminotran_1_2
3225	GEA50134.1	1205908.AKXW01000055_gene174	0.0	929.0	COG0017@1|root,COG0017@2|Bacteria,1MWFV@1224|Proteobacteria,1RMU4@1236|Gammaproteobacteria,1XSJD@135623|Vibrionales	COG0017 Aspartyl asparaginyl-tRNA synthetases	asnS	GO:0003674,GO:0003824,GO:0004812,GO:0004816,GO:0006082,GO:0006139,GO:0006399,GO:0006412,GO:0006418,GO:0006421,GO:0006518,GO:0006520,GO:0006725,GO:0006807,GO:0008150,GO:0008152,GO:0009058,GO:0009059,GO:0009987,GO:0010467,GO:0016070,GO:0016874,GO:0016875,GO:0019538,GO:0019752,GO:0034641,GO:0034645,GO:0034660,GO:0043038,GO:0043039,GO:0043043,GO:0043170,GO:0043436,GO:0043603,GO:0043604,GO:0044237,GO:0044238,GO:0044249,GO:0044260,GO:0044267,GO:0044271,GO:0044281,GO:0046483,GO:0071704,GO:0090304,GO:0140098,GO:0140101,GO:1901360,GO:1901564,GO:1901566,GO:1901576	ko:K01893	ko00970,map00970	ko00000,ko00001,ko00002,ko01000,ko01007,ko03016	tRNA-synt_2,tRNA_anti-codon
3225	GEA50135.1	1205908.AKXW01000055_gene173	5.33e-132	376.0	COG0494@1|root,COG0494@2|Bacteria,1RD2C@1224|Proteobacteria,1SA4Q@1236|Gammaproteobacteria,1XWY8@135623|Vibrionales	COG0494 NTP pyrophosphohydrolases including oxidative damage repair enzymes	nudL	-	-	-	-	NUDIX
3225	GEA50136.1	1205908.AKXW01000055_gene172	1.35e-300	823.0	COG0147@1|root,COG0147@2|Bacteria,1MVBJ@1224|Proteobacteria,1RMSE@1236|Gammaproteobacteria,1XTES@135623|Vibrionales	COG0147 Anthranilate para-aminobenzoate synthases component I	pabB	-	ko:K01665	ko00790,map00790	ko00000,ko00001,ko01000	Anth_synt_I_N,Chorismate_bind
3225	GEA50137.1	1205908.AKXW01000055_gene171	0.0	988.0	COG1838@1|root,COG1951@1|root,COG1838@2|Bacteria,COG1951@2|Bacteria,1MUV9@1224|Proteobacteria,1RN8U@1236|Gammaproteobacteria,1XT4K@135623|Vibrionales	Catalyzes the reversible hydration of fumarate to (S)- malate	fumA	-	ko:K01676	ko00020,ko00620,ko00720,ko01100,ko01110,ko01120,ko01130,ko01200,map00020,map00620,map00720,map01100,map01110,map01120,map01130,map01200	ko00000,ko00001,ko00002,ko01000	Fumerase,Fumerase_C
3225	GEA50138.1	1205908.AKXW01000055_gene170	1.02e-30	108.0	29VTS@1|root,30HBD@2|Bacteria,1QTBG@1224|Proteobacteria,1TIE4@1236|Gammaproteobacteria,1XYYM@135623|Vibrionales	-	-	-	-	-	-	-
3225	GEA50139.1	1205908.AKXW01000055_gene169	0.0	870.0	COG3106@1|root,COG3106@2|Bacteria,1MX6E@1224|Proteobacteria,1RQ05@1236|Gammaproteobacteria,1XT2C@135623|Vibrionales	YcjX-like family, DUF463	ycjX	-	ko:K06918	-	ko00000	DUF463
3225	GEA50140.1	1205908.AKXW01000055_gene168	3.78e-214	596.0	COG3768@1|root,COG3768@2|Bacteria,1MU8S@1224|Proteobacteria,1RND9@1236|Gammaproteobacteria,1XSBZ@135623|Vibrionales	membrane	ycjF	-	ko:K08990	-	ko00000	DUF697
3225	GEA50141.1	1205908.AKXW01000055_gene167	0.0	960.0	COG3283@1|root,COG3283@2|Bacteria,1QTS3@1224|Proteobacteria,1RNAI@1236|Gammaproteobacteria,1XSF4@135623|Vibrionales	COG3283 Transcriptional regulator of aromatic amino acids metabolism	tyrR	-	ko:K03721	-	ko00000,ko03000	PAS,PAS_8,Sigma54_activat
3225	GEA50142.1	1205908.AKXW01000055_gene166	8.51e-137	387.0	COG1670@1|root,COG1670@2|Bacteria,1MVG4@1224|Proteobacteria,1RQPX@1236|Gammaproteobacteria,1XV1R@135623|Vibrionales	COG1670 Acetyltransferases, including N-acetylases of ribosomal proteins	rimJ	-	ko:K03790	-	ko00000,ko01000,ko03009	Acetyltransf_3
3225	GEA50143.1	1205908.AKXW01000055_gene165	5.49e-128	365.0	COG1896@1|root,COG1896@2|Bacteria,1MXEZ@1224|Proteobacteria,1RRQQ@1236|Gammaproteobacteria,1XUSC@135623|Vibrionales	hydrolases of HD superfamily	-	-	ko:K07023	-	ko00000	HD_3
3225	GEA50144.1	1205908.AKXW01000055_gene164	3.66e-113	324.0	2AQ2U@1|root,31F7Z@2|Bacteria,1R8TD@1224|Proteobacteria,1S0VX@1236|Gammaproteobacteria,1XWZE@135623|Vibrionales	Protein of unknown function (DUF2947)	VV12273	-	-	-	-	DUF2947
3225	GEA50145.1	1205908.AKXW01000055_gene163	2.91e-172	486.0	COG2267@1|root,COG2267@2|Bacteria,1REM6@1224|Proteobacteria,1S1F7@1236|Gammaproteobacteria,1XYVX@135623|Vibrionales	Serine aminopeptidase, S33	-	-	-	-	-	Abhydrolase_1
3225	GEA50146.1	1205908.AKXW01000055_gene162	7e-266	728.0	COG0225@1|root,COG0229@1|root,COG0225@2|Bacteria,COG0229@2|Bacteria,1RGWC@1224|Proteobacteria,1RNVK@1236|Gammaproteobacteria,1XTSA@135623|Vibrionales	Has an important function as a repair enzyme for proteins that have been inactivated by oxidation. Catalyzes the reversible oxidation-reduction of methionine sulfoxide in proteins to methionine	msrA/msrB	GO:0003674,GO:0003824,GO:0008113,GO:0008150,GO:0008152,GO:0009405,GO:0016491,GO:0016667,GO:0016671,GO:0044419,GO:0051704,GO:0055114	ko:K12267	-	ko00000,ko01000	PMSR,SelR
3225	GEA50147.1	1205908.AKXW01000055_gene161	0.0	1750.0	COG0443@1|root,COG0443@2|Bacteria,1MXX7@1224|Proteobacteria,1RP0D@1236|Gammaproteobacteria,1XTBY@135623|Vibrionales	Belongs to the heat shock protein 70 family	-	-	-	-	-	DUF3731,HSP70
3225	GEA50148.1	1205908.AKXW01000055_gene160	0.0	1172.0	COG0443@1|root,COG0443@2|Bacteria,1MXX7@1224|Proteobacteria,1RQ12@1236|Gammaproteobacteria,1XTFW@135623|Vibrionales	Belongs to the heat shock protein 70 family	-	-	-	-	-	HSP70
3225	GEA50149.1	1205908.AKXW01000055_gene159	3.7e-110	321.0	2CNUX@1|root,32SHU@2|Bacteria,1REYT@1224|Proteobacteria,1S2ZX@1236|Gammaproteobacteria,1XSGJ@135623|Vibrionales	Domain of unknown function (DUF2760)	VV12320	-	-	-	-	DUF2760
3225	GEA50150.1	1219080.VEZ01S_08_02450	4.15e-120	343.0	COG5018@1|root,COG5018@2|Bacteria,1NBZ1@1224|Proteobacteria,1T1XQ@1236|Gammaproteobacteria,1XUGB@135623|Vibrionales	Exonuclease	-	-	-	-	-	RNase_T
3225	GEA50151.1	1205908.AKXW01000055_gene157	3.44e-90	265.0	COG4103@1|root,COG4103@2|Bacteria,1N6YZ@1224|Proteobacteria,1SD1K@1236|Gammaproteobacteria,1XXJC@135623|Vibrionales	protein conserved in bacteria	-	-	-	-	-	TerB
3225	GEA50152.1	1219072.VHA01S_009_00220	4.66e-127	366.0	COG0730@1|root,COG0730@2|Bacteria,1N4D8@1224|Proteobacteria,1SB2U@1236|Gammaproteobacteria,1XSEW@135623|Vibrionales	membrane transporter protein	-	-	ko:K07090	-	ko00000	TauE
3225	GEA50153.1	1205908.AKXW01000165_gene2452	2.4e-294	807.0	COG3713@1|root,COG3713@2|Bacteria,1MXXC@1224|Proteobacteria,1RYNJ@1236|Gammaproteobacteria,1XU8E@135623|Vibrionales	MltA-interacting protein MipA	-	-	ko:K07274	-	ko00000,ko02000	MipA
3225	GEA50154.1	1205908.AKXW01000165_gene2453	1.63e-39	132.0	2AH0E@1|root,31799@2|Bacteria,1QEGE@1224|Proteobacteria,1TB5N@1236|Gammaproteobacteria,1XY82@135623|Vibrionales	-	-	-	-	-	-	-
3225	GEA50155.1	1205908.AKXW01000165_gene2454	0.0	2487.0	COG1643@1|root,COG1643@2|Bacteria,1MUEQ@1224|Proteobacteria,1RMU1@1236|Gammaproteobacteria,1XSCH@135623|Vibrionales	COG1643 HrpA-like helicases	hrpA	-	ko:K03578	-	ko00000,ko01000	DEAD,DUF3418,HA2,Helicase_C,OB_NTP_bind
3225	GEA50156.1	1205908.AKXW01000165_gene2455	1.73e-108	313.0	COG3637@1|root,COG3637@2|Bacteria,1RHVI@1224|Proteobacteria,1S6UY@1236|Gammaproteobacteria,1XVZ1@135623|Vibrionales	OmpA-like transmembrane domain	-	-	-	-	-	OMP_b-brl
3225	GEA50157.1	1205908.AKXW01000165_gene2456	2.4e-86	257.0	COG2768@1|root,COG2768@2|Bacteria,1QV3Y@1224|Proteobacteria,1T5Y3@1236|Gammaproteobacteria	4Fe-4S dicluster domain	-	-	-	-	-	Fer4,Fer4_7
3225	GEA50158.1	1205908.AKXW01000165_gene2457	1.83e-113	327.0	COG3381@1|root,COG3381@2|Bacteria,1RF2Y@1224|Proteobacteria,1S3Q9@1236|Gammaproteobacteria,1XY9W@135623|Vibrionales	Nitrate reductase delta subunit	-	-	-	-	-	Nitrate_red_del
3225	GEA50159.1	1205908.AKXW01000165_gene2458	0.0	1620.0	COG0243@1|root,COG0243@2|Bacteria,1NR6J@1224|Proteobacteria,1RMVE@1236|Gammaproteobacteria,1XW7C@135623|Vibrionales	Molybdopterin oxidoreductase Fe4S4 domain	dmsA	-	ko:K07306	ko00920,map00920	ko00000,ko00001,ko01000,ko02000	Molybdop_Fe4S4,Molybdopterin,Molydop_binding
3225	GEA50160.1	1205908.AKXW01000165_gene2459	1.86e-158	442.0	COG0437@1|root,COG0437@2|Bacteria,1MU5T@1224|Proteobacteria,1RPIC@1236|Gammaproteobacteria,1XVJH@135623|Vibrionales	4Fe-4S dicluster domain	-	-	ko:K07307	ko00920,map00920	ko00000,ko00001,ko02000	Fer4_11,Fer4_3,Fer4_4
3225	GEA50161.1	1205908.AKXW01000165_gene2460	1.6e-185	517.0	COG3302@1|root,COG3302@2|Bacteria,1PA8U@1224|Proteobacteria,1RRGH@1236|Gammaproteobacteria,1XVX1@135623|Vibrionales	DMSO reductase anchor subunit (DmsC)	-	-	ko:K07308	ko00920,map00920	ko00000,ko00001,ko02000	DmsC
3225	GEA50162.1	1205908.AKXW01000165_gene2461	6.01e-41	138.0	2BZ7J@1|root,33E1Z@2|Bacteria,1NQ5M@1224|Proteobacteria,1SIRM@1236|Gammaproteobacteria	EF hand	-	-	-	-	-	EF-hand_5
3225	GEA50163.1	1205908.AKXW01000165_gene2462	3.34e-95	282.0	2CX2C@1|root,32T0Z@2|Bacteria,1N40Z@1224|Proteobacteria,1SA1U@1236|Gammaproteobacteria,1XWT6@135623|Vibrionales	Protein of unknown function (DUF3157)	-	-	-	-	-	DUF3157
3225	GEA50164.1	391038.Bphy_5013	8.48e-21	92.4	2E9FY@1|root,333P7@2|Bacteria,1N8S6@1224|Proteobacteria,2VWAN@28216|Betaproteobacteria,1K7R1@119060|Burkholderiaceae	-	-	-	-	-	-	DUF1344
3225	GEA50165.1	1205908.AKXW01000165_gene2465	9.89e-243	669.0	2EW52@1|root,33PI6@2|Bacteria,1QYKK@1224|Proteobacteria,1T3S0@1236|Gammaproteobacteria,1XVJI@135623|Vibrionales	Protein of unknown function (DUF3179)	-	-	-	-	-	-
3225	GEA50166.1	1205908.AKXW01000165_gene2466	8.31e-94	275.0	COG1846@1|root,COG1846@2|Bacteria,1NMQB@1224|Proteobacteria,1SP3X@1236|Gammaproteobacteria,1XY5N@135623|Vibrionales	helix_turn_helix multiple antibiotic resistance protein	VP1093	-	-	-	-	MarR
3225	GEA50167.1	1205908.AKXW01000165_gene2467	3.97e-175	491.0	COG2199@1|root,COG3706@2|Bacteria,1PGDW@1224|Proteobacteria,1RWZR@1236|Gammaproteobacteria,1XUY8@135623|Vibrionales	diguanylate cyclase	-	-	-	-	-	GGDEF
3225	GEA50168.1	1205908.AKXW01000165_gene2471	0.0	942.0	COG2317@1|root,COG2317@2|Bacteria,1MW7T@1224|Proteobacteria,1RQM5@1236|Gammaproteobacteria,1XTZ9@135623|Vibrionales	Broad specificity carboxypetidase that releases amino acids sequentially from the C-terminus, including neutral, aromatic, polar and basic residues	-	-	ko:K01299	-	ko00000,ko01000,ko01002	Peptidase_M32
3225	GEA50169.1	1205908.AKXW01000165_gene2472	4.29e-136	386.0	COG1280@1|root,COG1280@2|Bacteria,1R7UJ@1224|Proteobacteria,1RYYM@1236|Gammaproteobacteria,1Y2Y3@135623|Vibrionales	threonine efflux protein	-	-	-	-	-	LysE
3225	GEA50170.1	1205908.AKXW01000165_gene2473	7.43e-119	340.0	COG2096@1|root,COG2096@2|Bacteria,1RJNH@1224|Proteobacteria,1S7V9@1236|Gammaproteobacteria,1XVEZ@135623|Vibrionales	Cobalamin adenosyltransferase	-	-	-	-	-	Cob_adeno_trans
3225	GEA50171.1	1205908.AKXW01000165_gene2474	1.75e-180	505.0	COG0614@1|root,COG0614@2|Bacteria,1RAUP@1224|Proteobacteria,1S99B@1236|Gammaproteobacteria,1XVTJ@135623|Vibrionales	Periplasmic binding protein	-	-	ko:K02016	ko02010,map02010	ko00000,ko00001,ko00002,ko02000	Peripla_BP_2
3225	GEA50172.1	1205908.AKXW01000165_gene2475	2.36e-228	631.0	COG0609@1|root,COG0609@2|Bacteria,1MV9W@1224|Proteobacteria,1RMDF@1236|Gammaproteobacteria,1XUNT@135623|Vibrionales	FecCD transport family	-	-	ko:K02015	ko02010,map02010	ko00000,ko00001,ko00002,ko02000	FecCD
3225	GEA50173.1	1205908.AKXW01000165_gene2476	2.81e-147	419.0	COG1120@1|root,COG1120@2|Bacteria,1MUNG@1224|Proteobacteria,1RQ6C@1236|Gammaproteobacteria,1Y2HS@135623|Vibrionales	ATPases associated with a variety of cellular activities	-	-	ko:K02013	ko02010,map02010	ko00000,ko00001,ko00002,ko01000,ko02000	ABC_tran
3225	GEA50174.1	1205908.AKXW01000165_gene2477	1.28e-311	851.0	COG1115@1|root,COG1115@2|Bacteria,1MUI3@1224|Proteobacteria,1RMNF@1236|Gammaproteobacteria,1XUBZ@135623|Vibrionales	COG1115 Na alanine symporter	-	-	ko:K03310	-	ko00000	Na_Ala_symp
3225	GEA50175.1	1205908.AKXW01000165_gene2478	2.48e-25	94.4	2AWX4@1|root,31NUN@2|Bacteria,1QKIA@1224|Proteobacteria,1TINI@1236|Gammaproteobacteria,1XZDH@135623|Vibrionales	-	-	-	-	-	-	-
3225	GEA50176.1	1205908.AKXW01000165_gene2479	2.58e-89	271.0	2AX9W@1|root,31P8X@2|Bacteria,1QJEF@1224|Proteobacteria,1THDS@1236|Gammaproteobacteria,1XUGM@135623|Vibrionales	-	-	-	-	-	-	-
3225	GEA50177.1	1205908.AKXW01000165_gene2480	3.2e-117	338.0	COG1280@1|root,COG1280@2|Bacteria,1RDPB@1224|Proteobacteria,1S5JJ@1236|Gammaproteobacteria,1XTFX@135623|Vibrionales	threonine efflux protein	-	-	-	-	-	LysE
3225	GEA50178.1	1205908.AKXW01000165_gene2481	1.07e-89	265.0	COG0454@1|root,COG0456@2|Bacteria,1N2EC@1224|Proteobacteria,1RS2A@1236|Gammaproteobacteria,1XXK0@135623|Vibrionales	COG0454 Histone acetyltransferase HPA2 and related acetyltransferases	-	-	-	-	-	Acetyltransf_1
3225	GEA50179.1	1205908.AKXW01000165_gene2482	4.74e-176	492.0	COG0561@1|root,COG0561@2|Bacteria,1MXIH@1224|Proteobacteria,1RQH8@1236|Gammaproteobacteria,1XUBE@135623|Vibrionales	hydrolases of the HAD superfamily	yidA	-	-	-	-	Hydrolase_3
3225	GEA50180.1	1205908.AKXW01000165_gene2483	7.79e-78	231.0	2E73W@1|root,331NB@2|Bacteria,1N81U@1224|Proteobacteria,1SCT8@1236|Gammaproteobacteria,1XXHR@135623|Vibrionales	Protein of unknown function (DUF2750)	SO1991	-	-	-	-	DUF2750
3225	GEA50181.1	1205908.AKXW01000165_gene2484	9.87e-132	374.0	COG2885@1|root,COG2885@2|Bacteria,1R8DG@1224|Proteobacteria,1SYZF@1236|Gammaproteobacteria,1XUUM@135623|Vibrionales	COG2885 Outer membrane protein and related peptidoglycan-associated (lipo)proteins	-	-	-	-	-	OmpA
3225	GEA50182.1	1205908.AKXW01000165_gene2485	3.82e-288	789.0	COG1538@1|root,COG1538@2|Bacteria,1MYX2@1224|Proteobacteria,1RNX1@1236|Gammaproteobacteria,1XT4S@135623|Vibrionales	COG1538 Outer membrane protein	-	-	ko:K12543	-	ko00000,ko00002,ko02000,ko02044	OEP
3225	GEA50183.1	1205908.AKXW01000084_gene1985	7.21e-143	403.0	COG0800@1|root,COG0800@2|Bacteria,1MUVJ@1224|Proteobacteria,1RPDF@1236|Gammaproteobacteria,1XU29@135623|Vibrionales	COG0800 2-keto-3-deoxy-6-phosphogluconate aldolase	eda	-	ko:K01625	ko00030,ko00630,ko01100,ko01120,ko01200,map00030,map00630,map01100,map01120,map01200	ko00000,ko00001,ko00002,ko01000	Aldolase
3225	GEA50184.1	1205908.AKXW01000084_gene1986	2.11e-219	605.0	COG0524@1|root,COG0524@2|Bacteria,1MVG2@1224|Proteobacteria,1RNH5@1236|Gammaproteobacteria,1XSPP@135623|Vibrionales	COG0524 Sugar kinases, ribokinase family	kdgK	-	ko:K00874	ko00030,ko01100,ko01120,ko01200,map00030,map01100,map01120,map01200	ko00000,ko00001,ko00002,ko01000	PfkB
3225	GEA50185.1	1205908.AKXW01000084_gene1987	5.18e-76	226.0	COG1917@1|root,COG1917@2|Bacteria,1RHSW@1224|Proteobacteria,1S6GC@1236|Gammaproteobacteria,1XXRD@135623|Vibrionales	Cupin domain	-	-	-	-	-	Cupin_2
3225	GEA50186.1	1205908.AKXW01000084_gene1988	0.0	1426.0	COG5360@1|root,COG5360@2|Bacteria,1QUCU@1224|Proteobacteria,1T1TM@1236|Gammaproteobacteria	Heparinase II/III-like protein	-	-	ko:K20525	-	ko00000,ko01000	Alginate_lyase,Hepar_II_III
3225	GEA50187.1	1205908.AKXW01000084_gene1989	0.0	1442.0	28HPB@1|root,2Z7XC@2|Bacteria,1MVUK@1224|Proteobacteria,1RQN9@1236|Gammaproteobacteria,1XVG5@135623|Vibrionales	Alginate lyase	-	-	ko:K20525	-	ko00000,ko01000	Alginate_lyase,Hepar_II_III
3225	GEA50188.1	1205908.AKXW01000084_gene1990	0.0	1083.0	COG0591@1|root,COG0591@2|Bacteria,1MW6E@1224|Proteobacteria,1RXYK@1236|Gammaproteobacteria,1XW33@135623|Vibrionales	Sodium:solute symporter family	-	-	-	-	-	SSF
3225	GEA50189.1	1205908.AKXW01000084_gene1993	2.74e-302	827.0	COG0534@1|root,COG0534@2|Bacteria,1R8A6@1224|Proteobacteria,1SZZ2@1236|Gammaproteobacteria,1XWCH@135623|Vibrionales	MatE	-	-	-	-	-	MatE
3225	GEA50190.1	1205908.AKXW01000084_gene1994	3.01e-163	457.0	COG2186@1|root,COG2186@2|Bacteria,1MV83@1224|Proteobacteria,1RR9F@1236|Gammaproteobacteria,1XTQ0@135623|Vibrionales	Evidence 3 Function proposed based on presence of conserved amino acid motif, structural feature or limited homology	-	-	-	-	-	FCD,GntR
3225	GEA50191.1	1205908.AKXW01000084_gene1995	4.62e-164	459.0	COG2186@1|root,COG2186@2|Bacteria,1MV83@1224|Proteobacteria,1RR9F@1236|Gammaproteobacteria,1XVI4@135623|Vibrionales	FCD domain	-	-	-	-	-	FCD,GntR
3225	GEA50192.1	1205908.AKXW01000084_gene1996	0.0	1207.0	COG2905@1|root,COG2905@2|Bacteria,1MW8U@1224|Proteobacteria,1RPSJ@1236|Gammaproteobacteria,1XTPG@135623|Vibrionales	containing cAMP-binding and CBS domains	-	-	ko:K07182	-	ko00000	CBS,DUF294,DUF294_C,cNMP_binding
3225	GEA50193.1	1205908.AKXW01000084_gene1997	2.68e-161	452.0	COG0847@1|root,COG0847@2|Bacteria,1RAF1@1224|Proteobacteria,1S9PP@1236|Gammaproteobacteria,1XVPY@135623|Vibrionales	EXOIII	-	-	ko:K02342	ko00230,ko00240,ko01100,ko03030,ko03430,ko03440,map00230,map00240,map01100,map03030,map03430,map03440	ko00000,ko00001,ko00002,ko01000,ko03032,ko03400	RNase_T
3225	GEA50194.1	1205908.AKXW01000084_gene1998	9.84e-139	394.0	COG1452@1|root,COG1452@2|Bacteria,1PKU7@1224|Proteobacteria,1S2IR@1236|Gammaproteobacteria,1XWIK@135623|Vibrionales	Oligogalacturonate-specific porin protein (KdgM)	-	-	ko:K22110	-	ko00000,ko02000	KdgM
3225	GEA50195.1	1205908.AKXW01000084_gene1999	6.01e-169	473.0	COG1452@1|root,COG1452@2|Bacteria,1QJIQ@1224|Proteobacteria,1THIZ@1236|Gammaproteobacteria,1XW84@135623|Vibrionales	Oligogalacturonate-specific porin protein (KdgM)	-	-	ko:K22110	-	ko00000,ko02000	KdgM
3225	GEA50197.1	1205908.AKXW01000084_gene2002	1.97e-176	492.0	COG1452@1|root,COG1452@2|Bacteria,1QJIQ@1224|Proteobacteria,1THIZ@1236|Gammaproteobacteria,1XW84@135623|Vibrionales	Oligogalacturonate-specific porin protein (KdgM)	-	-	ko:K22110	-	ko00000,ko02000	KdgM
3225	GEA50198.1	1205908.AKXW01000084_gene2000	1.11e-192	538.0	COG5297@1|root,COG5297@2|Bacteria	Belongs to the glycosyl hydrolase family 6	-	-	-	-	-	Alginate_lyase,Alginate_lyase2,F5_F8_type_C,HemolysinCabind,Laminin_G_3,PA14,fn3
3225	GEA50199.1	1219072.VHA01S_039_00160	3.32e-41	161.0	2AVRS@1|root,31MJ4@2|Bacteria,1QJDW@1224|Proteobacteria,1THD5@1236|Gammaproteobacteria,1Y0DB@135623|Vibrionales	-	-	-	-	-	-	-
3225	GEA50200.1	1205908.AKXW01000084_gene2002	1.14e-175	490.0	COG1452@1|root,COG1452@2|Bacteria,1QJIQ@1224|Proteobacteria,1THIZ@1236|Gammaproteobacteria,1XW84@135623|Vibrionales	Oligogalacturonate-specific porin protein (KdgM)	-	-	ko:K22110	-	ko00000,ko02000	KdgM
3225	GEA50201.1	1219080.VEZ01S_20_00680	1.11e-176	520.0	COG2911@1|root,COG2911@2|Bacteria,1R971@1224|Proteobacteria,1RZT5@1236|Gammaproteobacteria,1XU60@135623|Vibrionales	Protein conserved in bacteria	-	-	-	-	-	Laminin_G_3
3225	GEA50202.1	1205908.AKXW01000084_gene2005	2.64e-166	466.0	COG1452@1|root,COG1452@2|Bacteria,1QJKR@1224|Proteobacteria,1THMD@1236|Gammaproteobacteria,1XWPR@135623|Vibrionales	Oligogalacturonate-specific porin protein (KdgM)	-	-	ko:K22110	-	ko00000,ko02000	KdgM
3225	GEA50204.1	1205908.AKXW01000084_gene2007	0.0	1138.0	COG0591@1|root,COG0591@2|Bacteria,1MW6E@1224|Proteobacteria,1RXYK@1236|Gammaproteobacteria,1XSDY@135623|Vibrionales	Belongs to the sodium solute symporter (SSF) (TC 2.A.21) family	-	-	-	-	-	SSF
3225	GEA50206.1	1219080.VEZ01S_20_00700	0.0	1125.0	COG0591@1|root,COG0591@2|Bacteria,1MW6E@1224|Proteobacteria,1RXYK@1236|Gammaproteobacteria,1XSDY@135623|Vibrionales	Belongs to the sodium solute symporter (SSF) (TC 2.A.21) family	-	-	-	-	-	SSF
3225	GEA50207.1	1205908.AKXW01000084_gene2009	0.0	1014.0	COG3420@1|root,COG3420@2|Bacteria,1R2DB@1224|Proteobacteria,1RY2Y@1236|Gammaproteobacteria,1XSUW@135623|Vibrionales	Chondroitinase B	-	-	ko:K01729	ko00051,map00051	ko00000,ko00001,ko01000	Chondroitinas_B
3225	GEA50208.1	675813.VIB_000895	1.28e-07	59.7	2AZSG@1|root,31S1S@2|Bacteria,1QJ9C@1224|Proteobacteria,1TH7Y@1236|Gammaproteobacteria,1XSAD@135623|Vibrionales	-	-	-	-	-	-	-
3225	GEA50209.1	1205908.AKXW01000084_gene2011	0.0	1125.0	COG0025@1|root,COG1226@1|root,COG0025@2|Bacteria,COG1226@2|Bacteria,1QTUE@1224|Proteobacteria,1T1HJ@1236|Gammaproteobacteria,1XUJX@135623|Vibrionales	Belongs to the monovalent cation proton antiporter 2 (CPA2) transporter (TC 2.A.37) family	-	-	-	-	-	Na_H_Exchanger,TrkA_N
3225	GEA50210.1	1205908.AKXW01000084_gene2012	3.16e-152	428.0	COG0778@1|root,COG0778@2|Bacteria,1N95W@1224|Proteobacteria,1RSDH@1236|Gammaproteobacteria,1XVNT@135623|Vibrionales	Nitroreductase family	nfnB	-	ko:K10679	ko00633,ko01120,map00633,map01120	ko00000,ko00001,ko01000	Nitroreductase
3225	GEA50211.1	1205908.AKXW01000084_gene2013	2.82e-139	394.0	COG1051@1|root,COG1051@2|Bacteria,1RH0I@1224|Proteobacteria,1S60P@1236|Gammaproteobacteria,1XV4G@135623|Vibrionales	Hydrolase of X-linked nucleoside diphosphate N terminal	-	-	-	-	-	NUDIX,Nudix_N
3225	GEA50212.1	1205908.AKXW01000084_gene2014	1.06e-208	578.0	COG0583@1|root,COG0583@2|Bacteria,1R6CZ@1224|Proteobacteria,1RYDX@1236|Gammaproteobacteria,1Y245@135623|Vibrionales	Bacterial regulatory helix-turn-helix protein, lysR family	-	-	-	-	-	HTH_1,LysR_substrate
3225	GEA50213.1	1205908.AKXW01000084_gene2015	1.03e-285	783.0	COG1457@1|root,COG1457@2|Bacteria,1PI3E@1224|Proteobacteria,1TA6T@1236|Gammaproteobacteria,1XW11@135623|Vibrionales	Permease for cytosine/purines, uracil, thiamine, allantoin	-	-	ko:K10974	-	ko00000,ko02000	Transp_cyt_pur
3225	GEA50214.1	1219072.VHA01S_050_00070	1.05e-237	657.0	COG3535@1|root,COG3535@2|Bacteria,1NCBV@1224|Proteobacteria,1RQF0@1236|Gammaproteobacteria,1XVAD@135623|Vibrionales	Protein of unknown function (DUF917)	-	-	ko:K09703	-	ko00000	DUF917
3225	GEA50215.1	1219072.VHA01S_050_00060	6.31e-307	844.0	COG0145@1|root,COG0145@2|Bacteria,1MU2Y@1224|Proteobacteria,1RN6C@1236|Gammaproteobacteria,1XWSK@135623|Vibrionales	Hydantoinase/oxoprolinase N-terminal region	-	-	-	-	-	Hydant_A_N,Hydantoinase_A
3225	GEA50216.1	1205908.AKXW01000084_gene2018	1.1e-207	576.0	COG2931@1|root,COG2931@2|Bacteria,1QX07@1224|Proteobacteria,1T31Y@1236|Gammaproteobacteria,1Y3CU@135623|Vibrionales	Alginate lyase	-	-	-	-	-	Alginate_lyase2,F5_F8_type_C
3225	GEA50218.1	1205908.AKXW01000084_gene2019	3.62e-167	468.0	COG1028@1|root,COG1028@2|Bacteria,1MW9A@1224|Proteobacteria,1RMMZ@1236|Gammaproteobacteria,1XV9R@135623|Vibrionales	COG1028 Dehydrogenases with different specificities (related to short-chain alcohol dehydrogenases)	-	-	-	-	-	adh_short_C2
3225	GEA50219.1	339671.Asuc_0594	1.19e-15	78.6	COG2095@1|root,COG2095@2|Bacteria,1RAFQ@1224|Proteobacteria,1S2XM@1236|Gammaproteobacteria,1Y72R@135625|Pasteurellales	UPF0056 membrane protein	-	-	ko:K05595	-	ko00000,ko02000	MarC
3225	GEA50220.1	675814.VIC_002451	7.87e-66	207.0	COG0668@1|root,COG0668@2|Bacteria,1RCM8@1224|Proteobacteria,1T1AC@1236|Gammaproteobacteria,1Y31D@135623|Vibrionales	Mechanosensitive ion channel	-	-	-	-	-	MS_channel
3225	GEA50221.1	675814.VIC_002449	4.82e-146	434.0	COG3710@1|root,COG3710@2|Bacteria,1R52Q@1224|Proteobacteria,1RQY5@1236|Gammaproteobacteria,1XVDH@135623|Vibrionales	Transcriptional activator CadC	-	-	ko:K03765	-	ko00000,ko03000	Trans_reg_C
3225	GEA50222.1	675814.VIC_001499	1.85e-76	231.0	2B9UP@1|root,3237K@2|Bacteria,1QM94@1224|Proteobacteria,1TJH5@1236|Gammaproteobacteria,1Y188@135623|Vibrionales	OmpA-like transmembrane domain	-	-	-	-	-	-
3225	GEA50223.1	1219080.VEZ01S_42_00070	8.27e-158	452.0	COG3437@1|root,COG3437@2|Bacteria,1MUB8@1224|Proteobacteria,1RPH3@1236|Gammaproteobacteria,1XT5R@135623|Vibrionales	COG3437 Response regulator containing a CheY-like receiver domain and an HD-GYP domain	-	-	ko:K07814	-	ko00000,ko02022	HD,HD_5,Response_reg
3225	GEA50224.1	1219072.VHA01S_011_00150	2.64e-182	587.0	COG0642@1|root,COG0642@2|Bacteria,COG2205@2|Bacteria,1NRP8@1224|Proteobacteria,1SKTW@1236|Gammaproteobacteria,1XTMV@135623|Vibrionales	Evidence 3 Function proposed based on presence of conserved amino acid motif, structural feature or limited homology	-	-	ko:K20971	ko02025,map02025	ko00000,ko00001,ko01001,ko02022	HATPase_c,HisKA,Hpt,PAS,PAS_9,Response_reg,SBP_bac_3
3225	GEA50225.1	1219080.VEZ01S_42_00010	5.9e-105	315.0	COG0834@1|root,COG0834@2|Bacteria,1RD01@1224|Proteobacteria,1S71A@1236|Gammaproteobacteria	ABC-type amino acid transport signal transduction systems periplasmic component domain	-	-	-	-	-	-
3225	GEA50226.1	674977.VMC_03000	2.29e-23	107.0	2DMB3@1|root,32FBS@2|Bacteria,1RM3S@1224|Proteobacteria,1S8Q4@1236|Gammaproteobacteria,1Y2AW@135623|Vibrionales	Domain of unknown function (DUF4382)	-	-	-	-	-	DUF4382
3225	GEA50227.1	1205908.AKXW01000084_gene2022	0.0	952.0	COG2730@1|root,COG5297@1|root,COG2730@2|Bacteria,COG5297@2|Bacteria,1Q444@1224|Proteobacteria,1RSEJ@1236|Gammaproteobacteria,1XVYT@135623|Vibrionales	F5/8 type C domain	-	-	-	-	-	Alginate_lyase2,F5_F8_type_C
3225	GEA50228.1	1205908.AKXW01000084_gene2023	0.0	1014.0	2DKE2@1|root,32UEY@2|Bacteria,1N6Z4@1224|Proteobacteria,1SH1U@1236|Gammaproteobacteria,1XVRX@135623|Vibrionales	Alginate lyase	-	-	-	-	-	Alginate_lyase2
3225	GEA50229.1	1205908.AKXW01000084_gene2024	3.43e-88	258.0	2B2JB@1|root,31V4J@2|Bacteria,1N4EU@1224|Proteobacteria,1S6JW@1236|Gammaproteobacteria,1XXC5@135623|Vibrionales	Protein of unknown function (DUF2750)	VV1382	-	-	-	-	DUF2750
3225	GEA50230.1	1205908.AKXW01000084_gene2025	4.58e-178	497.0	COG0656@1|root,COG0656@2|Bacteria,1MWFS@1224|Proteobacteria,1RMX6@1236|Gammaproteobacteria,1XVQ1@135623|Vibrionales	Aldo/keto reductase family	dkgB	-	ko:K06222	-	ko00000,ko01000	Aldo_ket_red
3225	GEA50231.1	1205908.AKXW01000084_gene2026	5.65e-167	471.0	COG3021@1|root,COG3021@2|Bacteria,1RFTP@1224|Proteobacteria,1S5BE@1236|Gammaproteobacteria,1XSS9@135623|Vibrionales	Endonuclease/Exonuclease/phosphatase family	VPA0486	-	-	-	-	Exo_endo_phos
3225	GEA50232.1	1205908.AKXW01000084_gene2027	4.26e-204	567.0	COG5297@1|root,COG5297@2|Bacteria,1Q444@1224|Proteobacteria,1RSEJ@1236|Gammaproteobacteria,1XV1W@135623|Vibrionales	Alginate lyase	-	-	-	-	-	Alginate_lyase2
3225	GEA50233.1	1205908.AKXW01000084_gene2028	7.01e-307	841.0	COG1538@1|root,COG1538@2|Bacteria,1MUA8@1224|Proteobacteria,1RN5K@1236|Gammaproteobacteria,1XV4P@135623|Vibrionales	Outer membrane efflux protein	-	-	-	-	-	OEP
3225	GEA50234.1	1205908.AKXW01000084_gene2029	0.0	1797.0	COG0841@1|root,COG0841@2|Bacteria,1MU48@1224|Proteobacteria,1RMBN@1236|Gammaproteobacteria,1XUCC@135623|Vibrionales	Belongs to the resistance-nodulation-cell division (RND) (TC 2.A.6) family	-	-	-	-	-	ACR_tran
3225	GEA50235.1	1205908.AKXW01000084_gene2030	3.61e-217	604.0	COG0845@1|root,COG0845@2|Bacteria,1NJDF@1224|Proteobacteria,1RSFR@1236|Gammaproteobacteria,1XWGD@135623|Vibrionales	Belongs to the membrane fusion protein (MFP) (TC 8.A.1) family	-	-	-	-	-	Biotin_lipoyl_2,HlyD_3,HlyD_D23
3225	GEA50236.1	1205908.AKXW01000084_gene2031	2.02e-192	536.0	COG0583@1|root,COG0583@2|Bacteria,1NSRD@1224|Proteobacteria,1SKJJ@1236|Gammaproteobacteria,1XSD9@135623|Vibrionales	Bacterial regulatory helix-turn-helix protein, lysR family	-	-	-	-	-	HTH_1,LysR_substrate
3225	GEA50237.1	1205908.AKXW01000084_gene2033	5.22e-102	297.0	2DNYY@1|root,32ZUN@2|Bacteria,1N993@1224|Proteobacteria,1SDZU@1236|Gammaproteobacteria,1XXPN@135623|Vibrionales	-	-	-	-	-	-	-
3225	GEA50238.1	1205908.AKXW01000084_gene2034	3.65e-229	633.0	COG1566@1|root,COG1566@2|Bacteria,1R5EB@1224|Proteobacteria,1S1SR@1236|Gammaproteobacteria,1Y2RB@135623|Vibrionales	Barrel-sandwich domain of CusB or HlyD membrane-fusion	-	-	-	-	-	Biotin_lipoyl_2,HlyD_D23
3225	GEA50239.1	1205908.AKXW01000084_gene2035	1e-164	463.0	COG0583@1|root,COG0583@2|Bacteria,1NV83@1224|Proteobacteria,1SNA4@1236|Gammaproteobacteria,1XU5W@135623|Vibrionales	Bacterial regulatory helix-turn-helix protein, lysR family	-	-	-	-	-	HTH_1
3225	GEA50240.1	1205908.AKXW01000084_gene2036	1.62e-262	723.0	COG2067@1|root,COG2067@2|Bacteria,1R3SS@1224|Proteobacteria,1S0X2@1236|Gammaproteobacteria,1XW04@135623|Vibrionales	Outer membrane protein transport protein (OMPP1/FadL/TodX)	-	-	-	-	-	Toluene_X
3225	GEA50241.1	1205908.AKXW01000084_gene2037	0.0	901.0	COG1502@1|root,COG1502@2|Bacteria,1MUDJ@1224|Proteobacteria,1RMIF@1236|Gammaproteobacteria,1XT1S@135623|Vibrionales	COG1502 Phosphatidylserine phosphatidylglycerophosphate cardiolipi n synthases and related enzymes	-	-	ko:K06132	ko00564,ko01100,map00564,map01100	ko00000,ko00001,ko01000	PLDc_2
3225	GEA50242.1	1205908.AKXW01000084_gene2038	7.08e-165	462.0	COG0778@1|root,COG0778@2|Bacteria,1RBXY@1224|Proteobacteria,1RZZ2@1236|Gammaproteobacteria,1XVSH@135623|Vibrionales	Nitroreductase family	-	-	-	-	-	Nitroreductase
3225	GEA50243.1	1205908.AKXW01000086_gene2105	8.41e-145	427.0	COG2199@1|root,COG3706@2|Bacteria,1R5VV@1224|Proteobacteria,1S1JZ@1236|Gammaproteobacteria,1XUC1@135623|Vibrionales	Diguanylate cyclase, GGDEF domain	-	-	-	-	-	GGDEF
3225	GEA50244.1	1205908.AKXW01000086_gene2106	1.31e-209	591.0	COG1215@1|root,COG1215@2|Bacteria,1MXG7@1224|Proteobacteria,1RMS4@1236|Gammaproteobacteria,1XVUR@135623|Vibrionales	Glycosyl transferase family group 2	-	-	ko:K11936	ko02026,map02026	ko00000,ko00001,ko01000,ko01003,ko02000	Glyco_tranf_2_3
3225	GEA50245.1	1205908.AKXW01000086_gene2107	4.23e-81	258.0	COG1566@1|root,COG1566@2|Bacteria,1RF62@1224|Proteobacteria,1S5PR@1236|Gammaproteobacteria,1XTXG@135623|Vibrionales	HlyD family secretion protein	-	-	-	-	-	HlyD_3
3225	GEA50246.1	1205908.AKXW01000084_gene2039	2.38e-139	395.0	COG3806@1|root,COG3806@2|Bacteria,1R52I@1224|Proteobacteria,1RNI5@1236|Gammaproteobacteria,1XVGP@135623|Vibrionales	ChrR Cupin-like domain	-	-	-	-	-	Cupin_7
3225	GEA50247.1	1205908.AKXW01000084_gene2040	8.26e-168	472.0	COG0351@1|root,COG0351@2|Bacteria,1MU9J@1224|Proteobacteria,1RNFP@1236|Gammaproteobacteria,1XSEN@135623|Vibrionales	Phosphomethylpyrimidine kinase	thiD	-	ko:K00941	ko00730,ko01100,map00730,map01100	ko00000,ko00001,ko00002,ko01000	Phos_pyr_kin
3225	GEA50248.1	1205908.AKXW01000084_gene2041	2.32e-155	439.0	COG1116@1|root,COG1116@2|Bacteria,1RASI@1224|Proteobacteria,1RY7H@1236|Gammaproteobacteria,1XU0G@135623|Vibrionales	COG1116 ABC-type nitrate sulfonate bicarbonate transport system, ATPase component	-	-	ko:K15600	ko02010,map02010	ko00000,ko00001,ko00002,ko02000	ABC_tran
3225	GEA50249.1	1205908.AKXW01000084_gene2042	2.02e-175	490.0	COG0600@1|root,COG0600@2|Bacteria,1N0FV@1224|Proteobacteria,1RPE6@1236|Gammaproteobacteria,1XSYY@135623|Vibrionales	Binding-protein-dependent transport system inner membrane component	-	-	ko:K15599	ko02010,map02010	ko00000,ko00001,ko00002,ko02000	BPD_transp_1
3225	GEA50250.1	1205908.AKXW01000084_gene2043	1.12e-219	607.0	COG0715@1|root,COG0715@2|Bacteria,1MVRA@1224|Proteobacteria,1RX7I@1236|Gammaproteobacteria,1XW2P@135623|Vibrionales	NMT1-like family	-	-	ko:K15598	ko02010,map02010	ko00000,ko00001,ko00002,ko02000	NMT1
3225	GEA50251.1	1205908.AKXW01000084_gene2044	1.37e-220	609.0	COG0715@1|root,COG0715@2|Bacteria,1MVRA@1224|Proteobacteria,1RNG0@1236|Gammaproteobacteria,1XUZM@135623|Vibrionales	COG0715 ABC-type nitrate sulfonate bicarbonate transport systems, periplasmic components	-	-	ko:K15598	ko02010,map02010	ko00000,ko00001,ko00002,ko02000	NMT1
3225	GEA50252.1	1205908.AKXW01000084_gene2045	1.39e-156	439.0	COG0819@1|root,COG0819@2|Bacteria,1R21S@1224|Proteobacteria,1RQY6@1236|Gammaproteobacteria,1XUAI@135623|Vibrionales	Catalyzes an amino-pyrimidine hydrolysis reaction at the C5' of the pyrimidine moiety of thiamine compounds, a reaction that is part of a thiamine salvage pathway	-	-	ko:K03707	ko00730,ko01100,map00730,map01100	ko00000,ko00001,ko01000,ko03000	TENA_THI-4
3225	GEA50253.1	1205908.AKXW01000084_gene2046	5.49e-168	471.0	COG2145@1|root,COG2145@2|Bacteria,1MVES@1224|Proteobacteria,1RRAE@1236|Gammaproteobacteria,1XSM9@135623|Vibrionales	Catalyzes the phosphorylation of the hydroxyl group of 4-methyl-5-beta-hydroxyethylthiazole (THZ)	thiM	-	ko:K00878	ko00730,ko01100,map00730,map01100	ko00000,ko00001,ko00002,ko01000	HK
3225	GEA50254.1	1205908.AKXW01000084_gene2047	6.29e-127	363.0	COG0352@1|root,COG0352@2|Bacteria,1RDSU@1224|Proteobacteria,1S6QS@1236|Gammaproteobacteria,1XUU6@135623|Vibrionales	Condenses 4-methyl-5-(beta-hydroxyethyl)thiazole monophosphate (THZ-P) and 2-methyl-4-amino-5-hydroxymethyl pyrimidine pyrophosphate (HMP-PP) to form thiamine monophosphate (TMP)	thiE	-	ko:K00788	ko00730,ko01100,map00730,map01100	ko00000,ko00001,ko00002,ko01000	TMP-TENI
3225	GEA50256.1	1205908.AKXW01000084_gene2049	0.0	929.0	COG1396@1|root,COG1396@2|Bacteria,1R3Z8@1224|Proteobacteria,1RRMV@1236|Gammaproteobacteria,1XVVD@135623|Vibrionales	Protein of unknown function (DUF3612)	-	-	-	-	-	DUF3612,HTH_3,Peptidase_M78
3225	GEA50257.1	1205908.AKXW01000084_gene2050	0.0	1404.0	COG2225@1|root,COG2225@2|Bacteria,1MVEV@1224|Proteobacteria,1RPVI@1236|Gammaproteobacteria,1Y2CG@135623|Vibrionales	Involved in the glycolate utilization. Catalyzes the condensation and subsequent hydrolysis of acetyl-coenzyme A (acetyl-CoA) and glyoxylate to form malate and CoA	glcB	-	ko:K01638	ko00620,ko00630,ko01100,ko01110,ko01120,ko01200,map00620,map00630,map01100,map01110,map01120,map01200	ko00000,ko00001,ko00002,ko01000	Malate_synthase
3225	GEA50258.1	1205908.AKXW01000084_gene2051	0.0	1056.0	COG2224@1|root,COG2224@2|Bacteria,1MWIF@1224|Proteobacteria,1RQAK@1236|Gammaproteobacteria,1XTHW@135623|Vibrionales	Isocitrate lyase	aceA	-	ko:K01637	ko00630,ko01100,ko01110,ko01120,ko01200,map00630,map01100,map01110,map01120,map01200	ko00000,ko00001,ko00002,ko01000	ICL
3225	GEA50259.1	1205908.AKXW01000084_gene2052	1.34e-312	855.0	COG1012@1|root,COG1012@2|Bacteria,1MVGW@1224|Proteobacteria,1RN53@1236|Gammaproteobacteria,1XSQ0@135623|Vibrionales	Belongs to the aldehyde dehydrogenase family	calB	-	ko:K00154	-	ko00000,ko01000	Aldedh
3225	GEA50260.1	349521.HCH_00466	1.89e-87	301.0	COG1409@1|root,COG1409@2|Bacteria,1RE47@1224|Proteobacteria,1S434@1236|Gammaproteobacteria	Calcineurin-like phosphoesterase	-	-	-	-	-	Metallophos
3225	GEA50261.1	1121875.KB907547_gene3469	2.48e-45	164.0	COG2370@1|root,COG2370@2|Bacteria,4NHA6@976|Bacteroidetes,1I0A8@117743|Flavobacteriia	HupE / UreJ protein	-	-	-	-	-	HupE_UreJ_2
3225	GEA50262.1	1279017.AQYJ01000021_gene2880	1.14e-09	66.2	COG0760@1|root,COG0760@2|Bacteria,1NUDI@1224|Proteobacteria,1SNJZ@1236|Gammaproteobacteria	PPIC-type PPIASE domain	-	-	-	-	-	Rotamase_2
3225	GEA50263.1	1198232.CYCME_2314	5.02e-27	108.0	COG2370@1|root,COG2370@2|Bacteria,1N08F@1224|Proteobacteria,1SA2T@1236|Gammaproteobacteria,461HC@72273|Thiotrichales	HupE / UreJ protein	-	-	ko:K03192	-	ko00000	HupE_UreJ
3225	GEA50264.1	1027273.GZ77_12085	1.89e-212	604.0	COG0747@1|root,COG0747@2|Bacteria,1P1HT@1224|Proteobacteria,1RY88@1236|Gammaproteobacteria,1XN5S@135619|Oceanospirillales	ABC transporter substrate-binding protein	-	-	ko:K02035	ko02024,map02024	ko00000,ko00001,ko00002,ko02000	SBP_bac_5
3225	GEA50265.1	1027273.GZ77_12090	3.52e-162	461.0	COG0601@1|root,COG0601@2|Bacteria,1MU8Z@1224|Proteobacteria,1RR9I@1236|Gammaproteobacteria,1XMZP@135619|Oceanospirillales	(ABC) transporter, permease	-	-	ko:K02033	ko02024,map02024	ko00000,ko00001,ko00002,ko02000	BPD_transp_1
3225	GEA50266.1	1027273.GZ77_12095	3e-119	348.0	COG1173@1|root,COG1173@2|Bacteria,1R5UW@1224|Proteobacteria,1S21I@1236|Gammaproteobacteria,1XNTD@135619|Oceanospirillales	PFAM binding-protein-dependent transport systems inner membrane component	-	-	ko:K02034	ko02024,map02024	ko00000,ko00001,ko00002,ko02000	BPD_transp_1
3225	GEA50267.1	675806.VII_000318	5.88e-143	424.0	COG1123@1|root,COG1123@2|Bacteria,1QXRI@1224|Proteobacteria,1T3HR@1236|Gammaproteobacteria,1Y35I@135623|Vibrionales	ABC transporter	-	-	ko:K02031,ko:K02032	ko02024,map02024	ko00000,ko00001,ko00002,ko02000	ABC_tran
3225	GEA50268.1	314282.PCNPT3_09870	9.82e-91	278.0	COG0583@1|root,COG0583@2|Bacteria,1MWY0@1224|Proteobacteria,1RP7Q@1236|Gammaproteobacteria,2QJ6X@267894|Psychromonadaceae	Bacterial regulatory helix-turn-helix protein, lysR family	-	-	ko:K03566	ko02026,map02026	ko00000,ko00001,ko03000	HTH_1,LysR_substrate
3225	GEA50269.1	1278307.KB907008_gene3372	1.15e-18	96.3	COG3210@1|root,COG3210@2|Bacteria	domain, Protein	-	-	ko:K15125,ko:K20276	ko02024,ko05133,map02024,map05133	ko00000,ko00001,ko00536	CHU_C,FG-GAP_2,Glug,SprB
3225	GEA50270.1	675816.VIA_001404	4.4e-88	275.0	2DMB3@1|root,32FBS@2|Bacteria,1RM3S@1224|Proteobacteria,1T39N@1236|Gammaproteobacteria,1Y34P@135623|Vibrionales	Domain of unknown function (DUF4382)	-	-	-	-	-	DUF4382
3225	GEA50271.1	1205908.AKXW01000084_gene2054	1.4e-138	392.0	COG0625@1|root,COG0625@2|Bacteria,1Q05U@1224|Proteobacteria,1RZZS@1236|Gammaproteobacteria,1XVB1@135623|Vibrionales	Glutathione S-transferase	-	-	-	-	-	GST_C,GST_C_2,GST_N_3
3225	GEA50272.1	1205908.AKXW01000084_gene2055	1.19e-77	233.0	COG2501@1|root,COG2501@2|Bacteria,1N8C4@1224|Proteobacteria,1SCIR@1236|Gammaproteobacteria,1XY0I@135623|Vibrionales	S4 domain	-	-	ko:K14761	-	ko00000,ko03009	S4_2
3225	GEA50273.1	1205908.AKXW01000084_gene2057	1.21e-265	728.0	COG1979@1|root,COG1979@2|Bacteria,1QUBJ@1224|Proteobacteria,1RP7C@1236|Gammaproteobacteria,1XT9D@135623|Vibrionales	oxidoreductases, Fe-dependent alcohol dehydrogenase family	yqhD	-	ko:K08325	ko00640,map00640	ko00000,ko00001,ko01000	Fe-ADH
3225	GEA50274.1	1205908.AKXW01000084_gene2058	4.49e-131	378.0	COG2207@1|root,COG2207@2|Bacteria,1N3SB@1224|Proteobacteria,1SHGV@1236|Gammaproteobacteria	helix_turn_helix, arabinose operon control protein	-	-	-	-	-	HTH_18
3225	GEA50275.1	1205908.AKXW01000084_gene2059	0.0	1272.0	COG4776@1|root,COG4776@2|Bacteria,1P563@1224|Proteobacteria,1RP5G@1236|Gammaproteobacteria,1XSNX@135623|Vibrionales	Involved in mRNA degradation. Hydrolyzes single-stranded polyribonucleotides processively in the 3' to 5' direction	rnb	GO:0003674,GO:0003824,GO:0004518,GO:0004527,GO:0004532,GO:0004540,GO:0006139,GO:0006401,GO:0006725,GO:0006807,GO:0008150,GO:0008152,GO:0008408,GO:0008859,GO:0009056,GO:0009057,GO:0009987,GO:0016070,GO:0016787,GO:0016788,GO:0016796,GO:0016896,GO:0019439,GO:0034641,GO:0034655,GO:0043170,GO:0044237,GO:0044238,GO:0044248,GO:0044260,GO:0044265,GO:0044270,GO:0046483,GO:0046700,GO:0071704,GO:0090304,GO:0090305,GO:0090501,GO:0090503,GO:0140098,GO:1901360,GO:1901361,GO:1901575	ko:K01147	-	ko00000,ko01000,ko03016	OB_RNB,RNB,S1
3225	GEA50276.1	1205908.AKXW01000084_gene2060	0.0	1037.0	COG0513@1|root,COG0513@2|Bacteria,1MU49@1224|Proteobacteria,1RMWA@1236|Gammaproteobacteria,1XUDK@135623|Vibrionales	DEAD-box RNA helicase involved in various cellular processes at low temperature, including ribosome biogenesis, mRNA degradation and translation initiation	deaD	-	ko:K05592	ko03018,map03018	ko00000,ko00001,ko01000,ko03009,ko03019	DEAD,DbpA,Helicase_C
3225	GEA50277.1	1205908.AKXW01000084_gene2061	2.97e-253	698.0	COG0282@1|root,COG0282@2|Bacteria,1MW61@1224|Proteobacteria,1RMKB@1236|Gammaproteobacteria,1XT0N@135623|Vibrionales	Catalyzes the formation of acetyl phosphate from acetate and ATP. Can also catalyze the reverse reaction	ackA2	GO:0003674,GO:0003824,GO:0006091,GO:0006113,GO:0006793,GO:0006796,GO:0008150,GO:0008152,GO:0008776,GO:0009987,GO:0015980,GO:0016301,GO:0016310,GO:0016740,GO:0016772,GO:0016774,GO:0044237,GO:0055114	ko:K00925	ko00430,ko00620,ko00640,ko00680,ko00720,ko01100,ko01120,ko01200,map00430,map00620,map00640,map00680,map00720,map01100,map01120,map01200	ko00000,ko00001,ko00002,ko01000	Acetate_kinase
3225	GEA50278.1	1205908.AKXW01000084_gene2062	2.78e-71	214.0	COG3012@1|root,COG3012@2|Bacteria,1N1DD@1224|Proteobacteria,1S8TK@1236|Gammaproteobacteria,1XY37@135623|Vibrionales	SEC-C motif	-	-	-	-	-	SEC-C
3225	GEA50279.1	1205908.AKXW01000084_gene2064	0.0	919.0	COG0475@1|root,COG0475@2|Bacteria,1QTSD@1224|Proteobacteria,1T1FK@1236|Gammaproteobacteria,1Y3AV@135623|Vibrionales	Sodium/hydrogen exchanger family	-	-	-	-	-	Na_H_Exchanger
3225	GEA50280.1	1205908.AKXW01000084_gene2065	4.82e-149	425.0	COG2240@1|root,COG2240@2|Bacteria,1MVC9@1224|Proteobacteria,1RMIE@1236|Gammaproteobacteria,1XSHI@135623|Vibrionales	Pyridoxal kinase involved in the salvage pathway of pyridoxal 5'-phosphate (PLP). Catalyzes the phosphorylation of pyridoxal to PLP	-	-	ko:K00868	ko00750,ko01100,map00750,map01100	ko00000,ko00001,ko01000	Phos_pyr_kin
3225	GEA50281.1	1205908.AKXW01000084_gene2066	3.63e-250	687.0	COG5361@1|root,COG5361@2|Bacteria,1QJGY@1224|Proteobacteria,1THGS@1236|Gammaproteobacteria,1XVQA@135623|Vibrionales	Conserved Protein	-	-	-	-	-	DUF1214
3225	GEA50282.1	1205908.AKXW01000084_gene2067	2.34e-160	455.0	COG0583@1|root,COG0583@2|Bacteria,1RI6D@1224|Proteobacteria,1S7GN@1236|Gammaproteobacteria,1XZZV@135623|Vibrionales	Bacterial regulatory helix-turn-helix protein, lysR family	-	-	-	-	-	HTH_1,LysR_substrate
3225	GEA50283.1	1205908.AKXW01000084_gene2068	1.94e-117	337.0	COG1280@1|root,COG1280@2|Bacteria,1Q4CV@1224|Proteobacteria,1RQV8@1236|Gammaproteobacteria,1XT0S@135623|Vibrionales	LysE type translocator	-	-	-	-	-	LysE
3225	GEA50284.1	1205908.AKXW01000084_gene2069	1.45e-82	243.0	COG1403@1|root,COG1403@2|Bacteria,1RGZQ@1224|Proteobacteria,1S5V4@1236|Gammaproteobacteria,1XXGJ@135623|Vibrionales	zinc finger	yajD	-	-	-	-	HNH
3225	GEA50285.1	1205908.AKXW01000084_gene2070	3.62e-223	617.0	COG1816@1|root,COG1816@2|Bacteria,1MWBV@1224|Proteobacteria,1RNVI@1236|Gammaproteobacteria,1XU9B@135623|Vibrionales	COG1816 Adenosine deaminase	add	-	ko:K01488	ko00230,ko01100,ko05340,map00230,map01100,map05340	ko00000,ko00001,ko01000	A_deaminase
3225	GEA50287.1	1205908.AKXW01000084_gene2071	0.0	1655.0	COG1251@1|root,COG1251@2|Bacteria,1MW58@1224|Proteobacteria,1RNGY@1236|Gammaproteobacteria,1XUM5@135623|Vibrionales	Belongs to the nitrite and sulfite reductase 4Fe-4S domain family	nirB	-	ko:K00362	ko00910,ko01120,map00910,map01120	ko00000,ko00001,ko00002,ko01000	Fer2_BFD,NIR_SIR,NIR_SIR_ferr,Pyr_redox_2
3225	GEA50288.1	1205908.AKXW01000084_gene2072	1.4e-69	210.0	COG2146@1|root,COG2146@2|Bacteria,1MZBY@1224|Proteobacteria,1S9F1@1236|Gammaproteobacteria,1XXY2@135623|Vibrionales	COG2146 Ferredoxin subunits of nitrite reductase and ring-hydroxylating dioxygenases	nirD	-	ko:K00363	ko00910,ko01120,map00910,map01120	ko00000,ko00001,ko00002,ko01000	Rieske_2
3225	GEA50289.1	1205908.AKXW01000084_gene2073	3.28e-196	545.0	COG2116@1|root,COG2116@2|Bacteria,1MU0W@1224|Proteobacteria,1RQ6K@1236|Gammaproteobacteria,1XVKN@135623|Vibrionales	COG2116 Formate nitrite family of transporters	-	-	-	-	-	Form_Nir_trans
3225	GEA50290.1	1205908.AKXW01000084_gene2074	5.8e-169	473.0	COG0007@1|root,COG0007@2|Bacteria,1MUI0@1224|Proteobacteria,1RM9V@1236|Gammaproteobacteria,1XSWE@135623|Vibrionales	Multifunctional enzyme that catalyzes the SAM-dependent methylations of uroporphyrinogen III at position C-2 and C-7 to form precorrin-2 via precorrin-1. Then it catalyzes the NAD- dependent ring dehydrogenation of precorrin-2 to yield sirohydrochlorin. Finally, it catalyzes the ferrochelation of sirohydrochlorin to yield siroheme	-	-	ko:K02303	ko00860,ko01100,ko01110,ko01120,map00860,map01100,map01110,map01120	ko00000,ko00001,ko00002,ko01000	TP_methylase
3225	GEA50291.1	1205908.AKXW01000096_gene2360	4.28e-88	261.0	2AW7Q@1|root,31N2V@2|Bacteria,1QJUE@1224|Proteobacteria,1THVS@1236|Gammaproteobacteria,1XXPJ@135623|Vibrionales	-	-	-	-	-	-	-
3225	GEA50293.1	1205908.AKXW01000096_gene2358	6.15e-69	212.0	2CH0X@1|root,32S51@2|Bacteria,1N5PI@1224|Proteobacteria,1S9JP@1236|Gammaproteobacteria,1XYD3@135623|Vibrionales	-	-	-	-	-	-	-
3225	GEA50294.1	1205908.AKXW01000096_gene2357	0.0	1328.0	COG3391@1|root,COG3391@2|Bacteria,1MX9P@1224|Proteobacteria,1RQU8@1236|Gammaproteobacteria,1XTSY@135623|Vibrionales	Domain of unknown function (DUF4842)	VPA1172	-	-	-	-	DUF4842
3225	GEA50295.1	1205908.AKXW01000096_gene2356	1.2e-148	418.0	COG2148@1|root,COG2148@2|Bacteria,1MV6W@1224|Proteobacteria,1S2JN@1236|Gammaproteobacteria,1XUA8@135623|Vibrionales	COG2148 Sugar transferases involved in lipopolysaccharide synthesis	sypR	-	-	-	-	Bac_transf
3225	GEA50296.1	1205908.AKXW01000096_gene2355	3.72e-248	685.0	COG1215@1|root,COG1215@2|Bacteria,1QUFX@1224|Proteobacteria,1RN4M@1236|Gammaproteobacteria,1XVB3@135623|Vibrionales	COG1215 Glycosyltransferases, probably involved in cell wall biogenesis	sypQ	-	-	-	-	Glyco_tranf_2_3,Glycos_transf_2
3225	GEA50297.1	1205908.AKXW01000096_gene2354	4.25e-232	642.0	COG0438@1|root,COG0438@2|Bacteria,1MU9C@1224|Proteobacteria,1RRU1@1236|Gammaproteobacteria,1XUA0@135623|Vibrionales	COG0438 Glycosyltransferase	sypP	-	-	-	-	Glyco_transf_4,Glycos_transf_1
3225	GEA50298.1	575788.VS_II0508	2.94e-124	357.0	COG0110@1|root,COG0110@2|Bacteria,1MUCJ@1224|Proteobacteria,1RPPT@1236|Gammaproteobacteria,1XVJ4@135623|Vibrionales	Bacterial transferase hexapeptide (six repeats)	-	-	ko:K00638	-	br01600,ko00000,ko01000,ko01504	Hexapep
3225	GEA50299.1	1205908.AKXW01000096_gene2353	7.92e-227	635.0	2AX7V@1|root,31P6N@2|Bacteria,1QKW5@1224|Proteobacteria,1SPG9@1236|Gammaproteobacteria,1Y0B6@135623|Vibrionales	Oxygen tolerance	-	-	-	-	-	BatD
3225	GEA50300.1	1205908.AKXW01000096_gene2352	3.56e-120	346.0	COG1729@1|root,COG1729@2|Bacteria,1QRQ6@1224|Proteobacteria,1SSRB@1236|Gammaproteobacteria,1XZSZ@135623|Vibrionales	Mediates coordination of peptidoglycan synthesis and outer membrane constriction during cell division	-	-	ko:K07114	-	ko00000,ko02000	-
3225	GEA50301.1	1205908.AKXW01000096_gene2351	1.11e-215	597.0	COG2304@1|root,COG2304@2|Bacteria,1NTW4@1224|Proteobacteria,1SK6U@1236|Gammaproteobacteria,1Y056@135623|Vibrionales	von Willebrand factor type A domain	-	-	ko:K07114	-	ko00000,ko02000	VWA_2
3225	GEA50302.1	1205908.AKXW01000096_gene2350	3.2e-222	615.0	COG2304@1|root,COG2304@2|Bacteria,1MXQ7@1224|Proteobacteria,1RMDX@1236|Gammaproteobacteria,1Y0F1@135623|Vibrionales	von Willebrand factor type A domain	-	-	ko:K07114	-	ko00000,ko02000	VWA
3225	GEA50303.1	1205908.AKXW01000096_gene2349	6.35e-97	284.0	COG2304@1|root,COG2304@2|Bacteria,1PC6Y@1224|Proteobacteria,1SX1F@1236|Gammaproteobacteria,1XZE3@135623|Vibrionales	Domain of unknown function (DUF4381)	-	-	-	-	-	DUF4381
3225	GEA50304.1	1205908.AKXW01000096_gene2348	1.24e-205	570.0	COG1721@1|root,COG1721@2|Bacteria,1Q7RR@1224|Proteobacteria,1RNNP@1236|Gammaproteobacteria,1XZR6@135623|Vibrionales	Protein of unknown function DUF58	-	-	-	-	-	DUF58
3225	GEA50305.1	1205908.AKXW01000096_gene2347	9.58e-219	605.0	COG0714@1|root,COG0714@2|Bacteria,1MUFN@1224|Proteobacteria,1RN5G@1236|Gammaproteobacteria,1XZTA@135623|Vibrionales	MCM2/3/5 family	-	-	ko:K03924	-	ko00000,ko01000	AAA_3
3225	GEA50306.1	1205908.AKXW01000096_gene2346	2.33e-241	664.0	COG5361@1|root,COG5361@2|Bacteria,1NZZJ@1224|Proteobacteria,1RZ02@1236|Gammaproteobacteria,1XWNV@135623|Vibrionales	Protein of unknown function (DUF1214)	-	-	-	-	-	DUF1214,DUF1254
3225	GEA50307.1	1205908.AKXW01000095_gene2372	6.62e-223	617.0	COG5361@1|root,COG5361@2|Bacteria,1NZZJ@1224|Proteobacteria,1RSI3@1236|Gammaproteobacteria,1XY1P@135623|Vibrionales	Protein of unknown function (DUF1254)	-	-	-	-	-	DUF1214,DUF1254
3225	GEA50308.1	1205908.AKXW01000095_gene2370	4.08e-114	330.0	COG1309@1|root,COG1309@2|Bacteria,1RHF5@1224|Proteobacteria,1S8K9@1236|Gammaproteobacteria,1XX57@135623|Vibrionales	Bacterial regulatory proteins, tetR family	-	-	-	-	-	TetR_C_13,TetR_N
3225	GEA50309.1	1205908.AKXW01000095_gene2369	1.11e-130	373.0	COG2761@1|root,COG2761@2|Bacteria,1NXUB@1224|Proteobacteria,1S2Z2@1236|Gammaproteobacteria,1XSU0@135623|Vibrionales	dithiol-disulfide isomerase involved in polyketide biosynthesis	-	-	-	-	-	DSBA
3225	GEA50310.1	1205908.AKXW01000095_gene2364	2.4e-248	686.0	COG0477@1|root,COG2814@2|Bacteria,1MW19@1224|Proteobacteria,1RMSZ@1236|Gammaproteobacteria,1XSKM@135623|Vibrionales	of the major facilitator superfamily	-	-	ko:K07552	-	ko00000,ko02000	MFS_1
3225	GEA50311.1	1205908.AKXW01000095_gene2363	3.4e-90	266.0	COG1846@1|root,COG1846@2|Bacteria,1RFUJ@1224|Proteobacteria,1S8JQ@1236|Gammaproteobacteria,1Y2SK@135623|Vibrionales	helix_turn_helix multiple antibiotic resistance protein	-	-	-	-	-	MarR,MarR_2
3225	GEA50312.1	1205908.AKXW01000117_gene1636	3.18e-58	182.0	2C55W@1|root,32SFF@2|Bacteria,1MZKT@1224|Proteobacteria,1S9K4@1236|Gammaproteobacteria,1Y1EN@135623|Vibrionales	Branched-chain amino acid transport protein (AzlD)	-	-	-	-	-	AzlD
3225	GEA50313.1	1205908.AKXW01000117_gene1635	1.55e-148	421.0	COG1296@1|root,COG1296@2|Bacteria,1MVGN@1224|Proteobacteria,1S2AK@1236|Gammaproteobacteria,1XSZ2@135623|Vibrionales	branched-chain amino acid permease (azaleucine resistance)	-	-	-	-	-	AzlC
3225	GEA50314.1	1205908.AKXW01000117_gene1634	4.4e-18	80.1	COG1396@1|root,COG1396@2|Bacteria,1MXWB@1224|Proteobacteria,1SZ32@1236|Gammaproteobacteria	Cro/C1-type HTH DNA-binding domain	-	-	-	-	-	HTH_3
3225	GEA50315.1	1205908.AKXW01000117_gene1633	7.76e-111	323.0	297YV@1|root,2ZV50@2|Bacteria,1N204@1224|Proteobacteria,1S9X6@1236|Gammaproteobacteria,1Y2K1@135623|Vibrionales	Protein of unknown function (DUF1826)	-	-	-	-	-	DUF1826
3225	GEA50316.1	1205908.AKXW01000117_gene1632	1.02e-183	517.0	COG0523@1|root,COG0523@2|Bacteria,1MVZV@1224|Proteobacteria,1RPKP@1236|Gammaproteobacteria,1XTWY@135623|Vibrionales	CobW/HypB/UreG, nucleotide-binding domain	-	-	-	-	-	cobW
3225	GEA50317.1	1116375.VEJY3_07910	1.5e-16	72.8	2B5W4@1|root,31YS0@2|Bacteria,1QKDA@1224|Proteobacteria,1TIGZ@1236|Gammaproteobacteria,1XZ3X@135623|Vibrionales	-	-	-	-	-	-	-
3225	GEA50319.1	675816.VIA_001722	0.0	898.0	COG2015@1|root,COG2015@2|Bacteria,1MU82@1224|Proteobacteria,1RMHR@1236|Gammaproteobacteria,1XUC7@135623|Vibrionales	COG2015 Alkyl sulfatase and related hydrolases	-	-	-	-	-	Alkyl_sulf_C,Alkyl_sulf_dimr,Lactamase_B
3225	GEA50320.1	617140.AJZE01000039_gene2254	3.01e-122	350.0	COG1280@1|root,COG1280@2|Bacteria,1RFU5@1224|Proteobacteria,1S7ES@1236|Gammaproteobacteria,1XW42@135623|Vibrionales	LysE type translocator	-	-	-	-	-	LysE
3225	GEA50321.1	1205908.AKXW01000151_gene2220	4.48e-109	315.0	COG1522@1|root,COG1522@2|Bacteria,1RIEU@1224|Proteobacteria,1S28Y@1236|Gammaproteobacteria,1XSIR@135623|Vibrionales	helix_turn_helix ASNC type	-	-	-	-	-	AsnC_trans_reg,HTH_24,HTH_AsnC-type
3225	GEA50322.1	1205908.AKXW01000117_gene1626	1.22e-262	721.0	COG2866@1|root,COG2866@2|Bacteria,1MUMN@1224|Proteobacteria,1RQB4@1236|Gammaproteobacteria,1XU40@135623|Vibrionales	Zn_pept	-	-	-	-	-	Peptidase_M14
3225	GEA50323.1	1205908.AKXW01000117_gene1624	1.46e-82	245.0	COG0346@1|root,COG0346@2|Bacteria,1RGTU@1224|Proteobacteria,1S4P0@1236|Gammaproteobacteria,1Y29G@135623|Vibrionales	Glyoxalase/Bleomycin resistance protein/Dioxygenase superfamily	-	-	-	-	-	Glyoxalase
3225	GEA50324.1	1205908.AKXW01000117_gene1623	3.52e-176	491.0	COG1988@1|root,COG1988@2|Bacteria,1MZEI@1224|Proteobacteria,1S9P5@1236|Gammaproteobacteria,1XWH2@135623|Vibrionales	LexA-binding, inner membrane-associated putative hydrolase	-	-	-	-	-	YdjM
3225	GEA50325.1	1205908.AKXW01000117_gene1621	1.38e-297	817.0	COG3206@1|root,COG3206@2|Bacteria,1MVBX@1224|Proteobacteria,1RQ68@1236|Gammaproteobacteria,1XVCR@135623|Vibrionales	protein involved in exopolysaccharide biosynthesis	VP1462	-	-	-	-	GNVR,Wzz
3225	GEA50326.1	1205908.AKXW01000117_gene1620	5.26e-243	670.0	COG0438@1|root,COG0438@2|Bacteria,1QU2N@1224|Proteobacteria,1RYA1@1236|Gammaproteobacteria,1XSMY@135623|Vibrionales	COG0438 Glycosyltransferase	VP1463	-	-	-	-	Glyco_trans_1_4
3225	GEA50327.1	1205908.AKXW01000117_gene1619	1.2e-159	449.0	COG0110@1|root,COG0110@2|Bacteria,1RA4J@1224|Proteobacteria,1S26W@1236|Gammaproteobacteria,1XVW8@135623|Vibrionales	COG0110 Acetyltransferase (isoleucine patch superfamily)	sypM	-	-	-	-	Hexapep,Hexapep_2
3225	GEA50328.1	1205908.AKXW01000117_gene1618	1.61e-295	811.0	COG3307@1|root,COG3307@2|Bacteria,1PX0E@1224|Proteobacteria,1RPTR@1236|Gammaproteobacteria,1XTJN@135623|Vibrionales	COG3307 Lipid A core - O-antigen ligase and related enzymes	exoQ	-	-	-	-	Wzy_C
3225	GEA50329.1	1205908.AKXW01000117_gene1617	8.02e-268	741.0	COG2244@1|root,COG2244@2|Bacteria,1N4IG@1224|Proteobacteria,1RQQG@1236|Gammaproteobacteria,1XSZI@135623|Vibrionales	COG2244 Membrane protein involved in the export of O-antigen and teichoic acid	exoT	-	-	-	-	Polysacc_synt,Polysacc_synt_3
3225	GEA50330.1	1205908.AKXW01000117_gene1616	1.11e-201	567.0	COG0438@1|root,COG0438@2|Bacteria,1RAU1@1224|Proteobacteria,1S2KW@1236|Gammaproteobacteria,1XVPV@135623|Vibrionales	Glycosyl transferases group 1	-	-	-	-	-	Glycos_transf_1
3225	GEA50331.1	1205908.AKXW01000117_gene1615	2.37e-238	662.0	COG0438@1|root,COG0438@2|Bacteria,1MU9C@1224|Proteobacteria,1RZRG@1236|Gammaproteobacteria,1XVRM@135623|Vibrionales	Glycosyltransferase Family 4	-	-	-	-	-	Glyco_transf_4,Glycos_transf_1
3225	GEA50333.1	1205908.AKXW01000117_gene1613	5.3e-219	609.0	COG0438@1|root,COG0438@2|Bacteria,1RDZY@1224|Proteobacteria,1RQK6@1236|Gammaproteobacteria,1XU4Z@135623|Vibrionales	COG0438 Glycosyltransferase	sypH	-	-	-	-	Glyco_trans_1_4,Glyco_trans_4_4,Glyco_transf_4,Glycos_transf_1
3225	GEA50334.1	1205908.AKXW01000117_gene1612	0.0	870.0	COG2204@1|root,COG2204@2|Bacteria,1MU0N@1224|Proteobacteria,1RMCK@1236|Gammaproteobacteria,1XTFA@135623|Vibrionales	COG2204 Response regulator containing CheY-like receiver, AAA-type ATPase, and DNA-binding domains	-	-	-	-	-	HTH_8,Response_reg,Sigma54_activat
3225	GEA50335.1	1205908.AKXW01000117_gene1611	4.61e-73	222.0	COG2198@1|root,COG2198@2|Bacteria,1QJZ5@1224|Proteobacteria,1TI1J@1236|Gammaproteobacteria,1XY5V@135623|Vibrionales	Hpt domain	-	-	-	-	-	Hpt
3225	GEA50336.1	1205908.AKXW01000117_gene1610	6.26e-131	375.0	COG0489@1|root,COG0489@2|Bacteria,1N18T@1224|Proteobacteria,1RQT9@1236|Gammaproteobacteria,1XWGF@135623|Vibrionales	COG0489 ATPases involved in chromosome partitioning	-	-	-	-	-	-
3225	GEA50337.1	1205908.AKXW01000117_gene1609	0.0	1339.0	COG1596@1|root,COG1596@2|Bacteria,1PK0J@1224|Proteobacteria,1RM8V@1236|Gammaproteobacteria,1XUG8@135623|Vibrionales	Periplasmic protein involved in polysaccharide export	-	-	-	-	-	Poly_export,SLBB
3225	GEA50338.1	1205908.AKXW01000117_gene1608	5.66e-192	533.0	COG2885@1|root,COG2885@2|Bacteria,1R4TA@1224|Proteobacteria,1RQ9I@1236|Gammaproteobacteria,1XSJU@135623|Vibrionales	Belongs to the ompA family	paI	-	-	-	-	OmpA
3225	GEA50339.1	1205908.AKXW01000117_gene1607	2.12e-70	212.0	COG1366@1|root,COG1366@2|Bacteria,1N74V@1224|Proteobacteria,1SCV5@1236|Gammaproteobacteria,1XYF1@135623|Vibrionales	COG1366 Anti-anti-sigma regulatory factor (antagonist of anti-sigma factor)	spoIIAA	-	-	-	-	STAS,STAS_2
3225	GEA50340.1	1205908.AKXW01000117_gene1606	0.0	1013.0	COG0642@1|root,COG2205@2|Bacteria,1NRP8@1224|Proteobacteria,1RR19@1236|Gammaproteobacteria,1XT8G@135623|Vibrionales	COG0642 Signal transduction histidine kinase	-	-	-	-	-	HATPase_c,HisKA,Response_reg
3225	GEA50341.1	1205908.AKXW01000117_gene1605	1.5e-124	355.0	COG1719@1|root,COG1719@2|Bacteria,1RHJC@1224|Proteobacteria,1S6UH@1236|Gammaproteobacteria,1XWY6@135623|Vibrionales	Haem-NO-binding	-	-	-	-	-	HNOB
3225	GEA50342.1	1205908.AKXW01000117_gene1604	5.97e-112	324.0	COG2135@1|root,COG2135@2|Bacteria,1RER4@1224|Proteobacteria,1RSBH@1236|Gammaproteobacteria,1XXM4@135623|Vibrionales	Belongs to the SOS response-associated peptidase family	-	-	-	-	-	SRAP
3225	GEA50343.1	1205908.AKXW01000117_gene1603	6.15e-147	416.0	COG5429@1|root,COG5429@2|Bacteria,1MW6R@1224|Proteobacteria,1S834@1236|Gammaproteobacteria,1XWI5@135623|Vibrionales	Protein of unknown function (DUF1223)	-	-	-	-	-	DUF1223
3225	GEA50344.1	1205908.AKXW01000117_gene1602	6.93e-140	395.0	COG0637@1|root,COG0637@2|Bacteria,1PUMZ@1224|Proteobacteria,1RNJC@1236|Gammaproteobacteria,1XVSG@135623|Vibrionales	phosphatase phosphohexomutase	-	-	-	-	-	HAD_2
3225	GEA50345.1	1205908.AKXW01000117_gene1601	3.4e-103	299.0	COG0545@1|root,COG0545@2|Bacteria,1RCWV@1224|Proteobacteria,1S7UP@1236|Gammaproteobacteria,1XWX0@135623|Vibrionales	COG0545 FKBP-type peptidyl-prolyl cis-trans isomerases 1	-	-	ko:K01802	-	ko00000,ko01000	FKBP_C,FKBP_N
3225	GEA50346.1	1205908.AKXW01000117_gene1600	4.72e-134	381.0	COG1651@1|root,COG1651@2|Bacteria,1NUE9@1224|Proteobacteria,1SNTP@1236|Gammaproteobacteria,1XT8N@135623|Vibrionales	COG0526 Thiol-disulfide isomerase and thioredoxins	-	-	-	-	-	Thioredoxin_4
3225	GEA50347.1	1205908.AKXW01000117_gene1599	0.0	865.0	COG0524@1|root,COG0524@2|Bacteria,1MUUC@1224|Proteobacteria,1RMN2@1236|Gammaproteobacteria,1XT8M@135623|Vibrionales	COG0524 Sugar kinases, ribokinase family	-	-	ko:K00892	ko00230,map00230	ko00000,ko00001,ko01000	PfkB
3225	GEA50348.1	1205908.AKXW01000117_gene1598	1.24e-96	286.0	COG3045@1|root,COG3045@2|Bacteria,1RDMP@1224|Proteobacteria,1S29X@1236|Gammaproteobacteria,1Y2YI@135623|Vibrionales	protein conserved in bacteria	-	-	ko:K05805	-	ko00000	CreA
3225	GEA50349.1	1517681.HW45_10190	1.92e-20	90.5	2AXJM@1|root,31PJR@2|Bacteria,1QJUS@1224|Proteobacteria,1THW8@1236|Gammaproteobacteria,1XXQC@135623|Vibrionales	-	VV20220	-	-	-	-	-
3225	GEA50350.1	1205908.AKXW01000117_gene1596	4.84e-160	448.0	COG0637@1|root,COG0637@2|Bacteria,1NSPA@1224|Proteobacteria,1RQET@1236|Gammaproteobacteria,1XWG8@135623|Vibrionales	phosphatase phosphohexomutase	-	-	-	-	-	HAD_2
3225	GEA50351.1	1205908.AKXW01000117_gene1595	1.48e-109	315.0	COG1432@1|root,COG1432@2|Bacteria,1MUAE@1224|Proteobacteria,1S47Z@1236|Gammaproteobacteria,1XW9S@135623|Vibrionales	NYN domain	-	-	-	-	-	NYN
3225	GEA50352.1	1205908.AKXW01000117_gene1594	0.0	1392.0	COG0376@1|root,COG0376@2|Bacteria,1MUBF@1224|Proteobacteria,1RNA5@1236|Gammaproteobacteria,1XSIF@135623|Vibrionales	Bifunctional enzyme with both catalase and broad- spectrum peroxidase activity	katG	GO:0000302,GO:0003674,GO:0003824,GO:0004096,GO:0004601,GO:0005488,GO:0005575,GO:0005576,GO:0005622,GO:0005623,GO:0005737,GO:0005829,GO:0006950,GO:0006979,GO:0008150,GO:0008152,GO:0009056,GO:0009636,GO:0009987,GO:0010035,GO:0016209,GO:0016491,GO:0016684,GO:0016999,GO:0017001,GO:0017144,GO:0020037,GO:0033554,GO:0034599,GO:0034614,GO:0035690,GO:0042221,GO:0042493,GO:0042542,GO:0042737,GO:0042743,GO:0042744,GO:0044237,GO:0044248,GO:0044424,GO:0044444,GO:0044464,GO:0046677,GO:0046906,GO:0048037,GO:0050896,GO:0051186,GO:0051187,GO:0051716,GO:0055114,GO:0070301,GO:0070887,GO:0071236,GO:0072593,GO:0097159,GO:0097237,GO:0098754,GO:0098869,GO:1901363,GO:1901700,GO:1901701,GO:1990748	ko:K03782	ko00360,ko00380,ko00940,ko00983,ko01100,ko01110,map00360,map00380,map00940,map00983,map01100,map01110	ko00000,ko00001,ko01000	peroxidase
3225	GEA50353.1	1205908.AKXW01000117_gene1593	1.47e-127	365.0	COG3619@1|root,COG3619@2|Bacteria,1RB5Q@1224|Proteobacteria,1RRG5@1236|Gammaproteobacteria,1Y2E3@135623|Vibrionales	Protein of unknown function (DUF1275)	-	-	-	-	-	DUF1275
3225	GEA50354.1	1205908.AKXW01000117_gene1592	1.11e-21	85.9	2EFSX@1|root,339IW@2|Bacteria,1NG97@1224|Proteobacteria,1SGWE@1236|Gammaproteobacteria,1XZD8@135623|Vibrionales	Protein of unknown function (DUF2986)	-	-	-	-	-	DUF2986
3225	GEA50355.1	1205908.AKXW01000117_gene1591	6.09e-254	697.0	COG0332@1|root,COG0332@2|Bacteria,1MU9N@1224|Proteobacteria,1RNIR@1236|Gammaproteobacteria,1XT0J@135623|Vibrionales	Catalyzes the condensation reaction of fatty acid synthesis by the addition to an acyl acceptor of two carbons from malonyl-ACP. Catalyzes the first condensation reaction which initiates fatty acid synthesis and may therefore play a role in governing the total rate of fatty acid production. Possesses both acetoacetyl-ACP synthase and acetyl transacylase activities. Its substrate specificity determines the biosynthesis of branched- chain and or straight-chain of fatty acids	fabH2	GO:0003674,GO:0003824,GO:0004312,GO:0004315,GO:0006082,GO:0006629,GO:0006631,GO:0006633,GO:0008150,GO:0008152,GO:0008610,GO:0009058,GO:0009987,GO:0016053,GO:0016740,GO:0016746,GO:0016747,GO:0019752,GO:0032787,GO:0043436,GO:0044237,GO:0044238,GO:0044249,GO:0044255,GO:0044281,GO:0044283,GO:0046394,GO:0071704,GO:0072330,GO:1901576	ko:K00648	ko00061,ko01100,ko01212,map00061,map01100,map01212	ko00000,ko00001,ko00002,ko01000,ko01004	ACP_syn_III,ACP_syn_III_C
3225	GEA50356.1	1205908.AKXW01000117_gene1590	7.18e-86	253.0	COG3011@1|root,COG3011@2|Bacteria,1N08P@1224|Proteobacteria,1S8S3@1236|Gammaproteobacteria,1XXZP@135623|Vibrionales	protein conserved in bacteria	-	-	-	-	-	DUF393
3225	GEA50357.1	1205908.AKXW01000117_gene1589	0.0	1719.0	COG1472@1|root,COG1472@2|Bacteria,1MVIV@1224|Proteobacteria,1RMA0@1236|Gammaproteobacteria,1XVI1@135623|Vibrionales	Fibronectin type III-like domain	-	-	ko:K05349	ko00460,ko00500,ko00940,ko01100,ko01110,map00460,map00500,map00940,map01100,map01110	ko00000,ko00001,ko01000	Fn3-like,Glyco_hydro_3,Glyco_hydro_3_C
3225	GEA50358.1	1205908.AKXW01000117_gene1588	0.0	1045.0	COG0446@1|root,COG0607@1|root,COG0446@2|Bacteria,COG0607@2|Bacteria,1NR3M@1224|Proteobacteria,1T1WT@1236|Gammaproteobacteria,1XSS8@135623|Vibrionales	NAD(FAD)-dependent dehydrogenases	cdr	-	-	-	-	Pyr_redox_2,Pyr_redox_dim,Rhodanese
3225	GEA50359.1	1205908.AKXW01000117_gene1587	7.52e-54	171.0	COG0640@1|root,COG0640@2|Bacteria,1N72Q@1224|Proteobacteria,1SCH5@1236|Gammaproteobacteria,1XYDG@135623|Vibrionales	Transcriptional regulator ArsR family	-	-	-	-	-	HTH_20,HTH_5
3225	GEA50360.1	1219080.VEZ01S_20_01280	1.18e-79	238.0	COG2391@1|root,COG2391@2|Bacteria,1MZ3A@1224|Proteobacteria,1S95T@1236|Gammaproteobacteria,1XY5J@135623|Vibrionales	Sulphur transport	-	-	ko:K07112	-	ko00000	Sulf_transp
3225	GEA50361.1	1205908.AKXW01000117_gene1585	3.49e-81	242.0	COG2391@1|root,COG2391@2|Bacteria,1MZC0@1224|Proteobacteria,1S8UB@1236|Gammaproteobacteria,1XXV5@135623|Vibrionales	Transporter Component	-	-	ko:K07112	-	ko00000	Sulf_transp
3225	GEA50362.1	1219080.VEZ01S_20_01300	4.47e-128	374.0	COG0708@1|root,COG0708@2|Bacteria,1RBRF@1224|Proteobacteria,1S2T0@1236|Gammaproteobacteria,1XVH6@135623|Vibrionales	Endonuclease/Exonuclease/phosphatase family	-	-	-	-	-	Exo_endo_phos
3225	GEA50363.1	1205908.AKXW01000117_gene1582	0.0	1411.0	COG1328@1|root,COG1328@2|Bacteria,1MWMS@1224|Proteobacteria,1RNHS@1236|Gammaproteobacteria,1XU99@135623|Vibrionales	Ribonucleoside-triphosphate reductase	nrdD	-	ko:K21636	ko00230,ko00240,ko01100,map00230,map00240,map01100	ko00000,ko00001,ko00002,ko01000	ATP-cone,NRDD
3225	GEA50364.1	1205908.AKXW01000117_gene1581	2.7e-113	324.0	COG0602@1|root,COG0602@2|Bacteria,1RA7S@1224|Proteobacteria,1S20X@1236|Gammaproteobacteria,1XWZH@135623|Vibrionales	Activation of anaerobic ribonucleoside-triphosphate reductase under anaerobic conditions by generation of an organic free radical, using S-adenosylmethionine and reduced flavodoxin as cosubstrates to produce 5'-deoxy-adenosine	nrdG	GO:0003674,GO:0003824,GO:0006139,GO:0006725,GO:0006753,GO:0006793,GO:0006796,GO:0006807,GO:0008150,GO:0008152,GO:0008998,GO:0009058,GO:0009117,GO:0009165,GO:0009262,GO:0009263,GO:0009265,GO:0009394,GO:0009987,GO:0016491,GO:0016725,GO:0016728,GO:0018130,GO:0019438,GO:0019637,GO:0019692,GO:0034641,GO:0034654,GO:0044237,GO:0044238,GO:0044249,GO:0044271,GO:0044281,GO:0046385,GO:0046483,GO:0055086,GO:0055114,GO:0071704,GO:0090407,GO:1901135,GO:1901137,GO:1901293,GO:1901360,GO:1901362,GO:1901576	ko:K04068	-	ko00000,ko01000	Fer4_12
3225	GEA50365.1	1205908.AKXW01000117_gene1580	1.16e-264	727.0	COG1448@1|root,COG1448@2|Bacteria,1MUT0@1224|Proteobacteria,1RN02@1236|Gammaproteobacteria,1XT2Z@135623|Vibrionales	COG1448 Aspartate tyrosine aromatic aminotransferase	-	-	ko:K00813	ko00220,ko00250,ko00270,ko00330,ko00350,ko00360,ko00400,ko00401,ko00950,ko00960,ko01100,ko01110,ko01130,ko01210,ko01230,map00220,map00250,map00270,map00330,map00350,map00360,map00400,map00401,map00950,map00960,map01100,map01110,map01130,map01210,map01230	ko00000,ko00001,ko01000,ko01007	Aminotran_1_2
3225	GEA50366.1	1205908.AKXW01000117_gene1579	1.4e-128	368.0	COG4067@1|root,COG4067@2|Bacteria,1N7Y2@1224|Proteobacteria,1SBQN@1236|Gammaproteobacteria,1XUTD@135623|Vibrionales	protein conserved in archaea	-	-	-	-	-	Zn_protease
3225	GEA50367.1	1205908.AKXW01000117_gene1578	1.53e-113	331.0	COG0725@1|root,COG0725@2|Bacteria,1MVNA@1224|Proteobacteria,1RN71@1236|Gammaproteobacteria,1XVU1@135623|Vibrionales	Molybdenum ABC transporter, periplasmic molybdenum-binding protein	modA	-	ko:K02020	ko02010,map02010	ko00000,ko00001,ko00002,ko02000	SBP_bac_11
3225	GEA50368.1	1205908.AKXW01000117_gene1577	4.38e-146	413.0	COG4149@1|root,COG4149@2|Bacteria,1MUXR@1224|Proteobacteria,1RRDV@1236|Gammaproteobacteria,1XSFP@135623|Vibrionales	COG4149 ABC-type molybdate transport system, permease component	modB	-	ko:K02018	ko02010,map02010	ko00000,ko00001,ko00002,ko02000	BPD_transp_1
3225	GEA50369.1	1205908.AKXW01000117_gene1576	1.2e-217	605.0	COG4148@1|root,COG4148@2|Bacteria,1MU8K@1224|Proteobacteria,1RQCV@1236|Gammaproteobacteria,1XT5C@135623|Vibrionales	Part of the ABC transporter complex ModABC involved in molybdenum import. Responsible for energy coupling to the transport system	modC	GO:0003674,GO:0003824,GO:0005215,GO:0006810,GO:0006811,GO:0006820,GO:0008150,GO:0008509,GO:0015075,GO:0015098,GO:0015103,GO:0015318,GO:0015399,GO:0015405,GO:0015412,GO:0015689,GO:0015698,GO:0016462,GO:0016787,GO:0016817,GO:0016818,GO:0016887,GO:0017111,GO:0022804,GO:0022857,GO:0034220,GO:0042623,GO:0042626,GO:0043225,GO:0043492,GO:0051179,GO:0051234,GO:0055085,GO:0098656,GO:0099133	ko:K02017	ko02010,map02010	ko00000,ko00001,ko00002,ko01000,ko02000	ABC_tran,TOBE
3225	GEA50370.1	1205908.AKXW01000117_gene1575	7.36e-94	274.0	2CB6X@1|root,2ZTSF@2|Bacteria,1P8T9@1224|Proteobacteria,1STHQ@1236|Gammaproteobacteria,1XX1M@135623|Vibrionales	Protein of unknown function (DUF3069)	VPA0928	-	-	-	-	DUF3069
3225	GEA50371.1	1205908.AKXW01000117_gene1574	3.33e-209	580.0	COG4206@1|root,COG4206@2|Bacteria,1RKV8@1224|Proteobacteria,1S75K@1236|Gammaproteobacteria,1XUT9@135623|Vibrionales	Solitary outer membrane autotransporter beta-barrel domain	-	-	-	-	-	Omp_AT
3225	GEA50372.1	1205908.AKXW01000117_gene1573	5.29e-54	169.0	COG5453@1|root,COG5453@2|Bacteria,1N7WA@1224|Proteobacteria,1SGQT@1236|Gammaproteobacteria,1XYAD@135623|Vibrionales	Transcriptional activator HlyU	R01627	-	-	-	-	HlyU
3225	GEA50373.1	1205908.AKXW01000117_gene1572	0.0	940.0	COG3288@1|root,COG3288@2|Bacteria,1MVXU@1224|Proteobacteria,1RN23@1236|Gammaproteobacteria,1XU8J@135623|Vibrionales	The transhydrogenation between NADH and NADP is coupled to respiration and ATP hydrolysis and functions as a proton pump across the membrane	pntA	-	ko:K00324	ko00760,ko01100,map00760,map01100	ko00000,ko00001,ko01000	AlaDh_PNT_C,AlaDh_PNT_N,PNTB_4TM
3225	GEA50374.1	1205908.AKXW01000117_gene1571	0.0	869.0	COG1282@1|root,COG1282@2|Bacteria,1MUP4@1224|Proteobacteria,1RMR4@1236|Gammaproteobacteria,1XT5B@135623|Vibrionales	The transhydrogenation between NADH and NADP is coupled to respiration and ATP hydrolysis and functions as a proton pump across the membrane	pntB	-	ko:K00325	ko00760,ko01100,map00760,map01100	ko00000,ko00001,ko01000	PNTB
3225	GEA50375.1	1205908.AKXW01000117_gene1570	0.0	899.0	COG0642@1|root,COG0642@2|Bacteria,1R9IX@1224|Proteobacteria,1SMI3@1236|Gammaproteobacteria,1XTIK@135623|Vibrionales	COG0642 Signal transduction histidine kinase	-	-	-	-	-	DUF3404,HATPase_c,HisKA
3225	GEA50376.1	1205908.AKXW01000117_gene1569	1.33e-149	421.0	COG0745@1|root,COG0745@2|Bacteria,1N7TJ@1224|Proteobacteria,1S21N@1236|Gammaproteobacteria,1XSJI@135623|Vibrionales	COG0745 Response regulators consisting of a CheY-like receiver domain and a winged-helix DNA-binding domain	-	-	-	-	-	Response_reg,Trans_reg_C
3225	GEA50377.1	1205908.AKXW01000117_gene1568	1.56e-198	551.0	2BTFF@1|root,32NMR@2|Bacteria,1QJBY@1224|Proteobacteria,1THAZ@1236|Gammaproteobacteria,1XSXM@135623|Vibrionales	Protein of unknown function (DUF2861)	-	-	-	-	-	DUF2861
3225	GEA50378.1	1205908.AKXW01000117_gene1567	4.69e-25	93.6	COG3140@1|root,COG3140@2|Bacteria,1N89H@1224|Proteobacteria,1SCHP@1236|Gammaproteobacteria,1XZEF@135623|Vibrionales	Belongs to the UPF0181 family	-	-	ko:K09917	-	ko00000	UPF0181
3225	GEA50379.1	1205908.AKXW01000117_gene1566	1.07e-80	240.0	COG0346@1|root,COG0346@2|Bacteria,1N1T7@1224|Proteobacteria,1S8CN@1236|Gammaproteobacteria,1XXG3@135623|Vibrionales	Glyoxalase-like domain	-	-	-	-	-	Glyoxalase
3225	GEA50381.1	1219072.VHA01S_008_00030	5.87e-257	710.0	COG0513@1|root,COG0513@2|Bacteria,1MU49@1224|Proteobacteria,1RMWA@1236|Gammaproteobacteria,1XTGW@135623|Vibrionales	Belongs to the DEAD box helicase family	-	-	-	-	-	DEAD,Helicase_C
3225	GEA50382.1	1205908.AKXW01000117_gene1561	8.69e-297	813.0	COG2252@1|root,COG2252@2|Bacteria,1R7R6@1224|Proteobacteria,1RN1X@1236|Gammaproteobacteria,1XVHQ@135623|Vibrionales	Permease family	-	-	ko:K06901	-	ko00000,ko02000	Xan_ur_permease
3225	GEA50383.1	1205908.AKXW01000117_gene1560	7.08e-68	205.0	COG0023@1|root,COG0023@2|Bacteria,1MZ8T@1224|Proteobacteria,1S929@1236|Gammaproteobacteria,1XXTP@135623|Vibrionales	COG0023 Translation initiation factor 1 (eIF-1 SUI1) and related proteins	yciH	-	ko:K03113	ko03013,map03013	ko00000,ko00001,ko03012	SUI1
3225	GEA50384.1	1205908.AKXW01000117_gene1559	1.13e-131	379.0	COG4974@1|root,COG4974@2|Bacteria,1RK0K@1224|Proteobacteria,1T528@1236|Gammaproteobacteria,1Y3A2@135623|Vibrionales	Phage integrase family	-	-	-	-	-	Phage_integrase
3225	GEA50385.1	1205908.AKXW01000117_gene1558	6.32e-228	629.0	COG1181@1|root,COG1181@2|Bacteria,1MUTB@1224|Proteobacteria,1RMTM@1236|Gammaproteobacteria,1XUIJ@135623|Vibrionales	Belongs to the D-alanine--D-alanine ligase family	ddl	GO:0000270,GO:0003674,GO:0003824,GO:0006022,GO:0006023,GO:0006024,GO:0006807,GO:0008150,GO:0008152,GO:0008716,GO:0009058,GO:0009059,GO:0009252,GO:0009273,GO:0009987,GO:0016874,GO:0016879,GO:0016881,GO:0030203,GO:0034645,GO:0042546,GO:0043170,GO:0044036,GO:0044038,GO:0044085,GO:0044237,GO:0044249,GO:0044260,GO:0070589,GO:0071554,GO:0071704,GO:0071840,GO:1901135,GO:1901137,GO:1901564,GO:1901566,GO:1901576	ko:K01921	ko00473,ko00550,ko01100,ko01502,map00473,map00550,map01100,map01502	ko00000,ko00001,ko01000,ko01011	Dala_Dala_lig_C,Dala_Dala_lig_N
3225	GEA50386.1	1205908.AKXW01000117_gene1557	1.04e-68	214.0	COG3266@1|root,COG3266@2|Bacteria,1QJDK@1224|Proteobacteria,1THCR@1236|Gammaproteobacteria,1XU08@135623|Vibrionales	protein conserved in bacteria	-	-	-	-	-	SPOR
3225	GEA50387.1	1205908.AKXW01000117_gene1556	0.0	1414.0	COG0454@1|root,COG1042@1|root,COG0456@2|Bacteria,COG1042@2|Bacteria,1MW98@1224|Proteobacteria,1RPXX@1236|Gammaproteobacteria,1XTRU@135623|Vibrionales	COG1042 Acyl-CoA synthetase (NDP forming)	yfiQ	-	ko:K09181	-	ko00000	ATP-grasp_5,Acetyltransf_1,Acetyltransf_3,CoA_binding_2,Succ_CoA_lig
3225	GEA50388.1	1205908.AKXW01000117_gene1555	1.43e-195	544.0	COG0583@1|root,COG0583@2|Bacteria,1MZTA@1224|Proteobacteria,1RN7R@1236|Gammaproteobacteria,1XSKB@135623|Vibrionales	Transcriptional regulator	-	-	-	-	-	HTH_1,LysR_substrate
3225	GEA50389.1	1205908.AKXW01000117_gene1554	4.42e-223	616.0	COG1087@1|root,COG1087@2|Bacteria,1MUHI@1224|Proteobacteria,1RMTU@1236|Gammaproteobacteria,1XSCZ@135623|Vibrionales	udp-glucose 4-epimerase	galE	-	ko:K01784	ko00052,ko00520,ko01100,map00052,map00520,map01100	ko00000,ko00001,ko00002,ko01000	GDP_Man_Dehyd
3225	GEA50390.1	1205908.AKXW01000117_gene1553	9.59e-137	390.0	COG1540@1|root,COG1540@2|Bacteria,1MUYV@1224|Proteobacteria,1RSCZ@1236|Gammaproteobacteria,1XV4U@135623|Vibrionales	Belongs to the UPF0271 (lamB) family	-	-	ko:K07160	-	ko00000	LamB_YcsF
3225	GEA50391.1	1205908.AKXW01000117_gene1552	4.62e-118	343.0	COG2049@1|root,COG2049@2|Bacteria,1MWRB@1224|Proteobacteria,1RQIQ@1236|Gammaproteobacteria,1XX9Y@135623|Vibrionales	Allophanate hydrolase, subunit 1	-	-	-	-	-	CT_C_D
3225	GEA50392.1	1205908.AKXW01000117_gene1551	3.02e-191	535.0	COG1984@1|root,COG1984@2|Bacteria,1MU9H@1224|Proteobacteria,1RR39@1236|Gammaproteobacteria,1XTJ1@135623|Vibrionales	Allophanate hydrolase subunit 2	-	-	-	-	-	CT_A_B
3225	GEA50393.1	1205908.AKXW01000117_gene1550	0.0	1389.0	COG3127@1|root,COG3127@2|Bacteria,1MU9R@1224|Proteobacteria,1RM8Y@1236|Gammaproteobacteria,1XSX0@135623|Vibrionales	ABC-type transport system involved in lysophospholipase L1 biosynthesis, permease component	-	-	ko:K02004	-	ko00000,ko00002,ko02000	FtsX
3225	GEA50394.1	1205908.AKXW01000117_gene1549	3.08e-152	429.0	COG4181@1|root,COG4181@2|Bacteria,1MXG9@1224|Proteobacteria,1RMG1@1236|Gammaproteobacteria,1XU0B@135623|Vibrionales	ABC-type transport system involved in lysophospholipase L1 biosynthesis, ATPase component	ybbA	-	ko:K02003	-	ko00000,ko00002,ko02000	ABC_tran
3225	GEA50395.1	1205908.AKXW01000117_gene1548	1.29e-127	364.0	COG2755@1|root,COG2755@2|Bacteria,1RCXZ@1224|Proteobacteria,1S3QU@1236|Gammaproteobacteria,1XVT0@135623|Vibrionales	COG2755 Lysophospholipase L1 and related esterases	tesA	-	ko:K10804	ko01040,map01040	ko00000,ko00001,ko01000,ko01004	Lipase_GDSL_2
3225	GEA50396.1	1205908.AKXW01000117_gene1547	8.35e-260	715.0	COG3007@1|root,COG3007@2|Bacteria,1QJA8@1224|Proteobacteria,1RU33@1236|Gammaproteobacteria,1XTE7@135623|Vibrionales	Involved in the final reduction of the elongation cycle of fatty acid synthesis (FAS II). Catalyzes the reduction of a carbon-carbon double bond in an enoyl moiety that is covalently linked to an acyl carrier protein (ACP)	fabV2	-	ko:K00209	ko00061,ko00650,ko01100,ko01120,ko01200,ko01212,map00061,map00650,map01100,map01120,map01200,map01212	ko00000,ko00001,ko00002,ko01000,ko01004	Eno-Rase_FAD_bd,Eno-Rase_NADH_b,Enoyl_reductase
3225	GEA50397.1	1205908.AKXW01000117_gene1546	0.0	1216.0	COG2200@1|root,COG2203@1|root,COG2200@2|Bacteria,COG2203@2|Bacteria,1RGKE@1224|Proteobacteria,1T1I8@1236|Gammaproteobacteria,1XUWZ@135623|Vibrionales	GGDEF family	-	-	ko:K20962	ko05111,map05111	ko00000,ko00001,ko01000	EAL,GAF,GAF_2,GGDEF
3225	GEA50398.1	1205908.AKXW01000117_gene1545	0.0	1038.0	COG3044@1|root,COG3044@2|Bacteria,1Q603@1224|Proteobacteria,1RZ7J@1236|Gammaproteobacteria,1XUFF@135623|Vibrionales	ATPase of the ABC class	-	-	-	-	-	ABC_ATPase
3225	GEA50400.1	1205908.AKXW01000117_gene1544	0.0	915.0	COG2425@1|root,COG2425@2|Bacteria,1N1RQ@1224|Proteobacteria,1RPQT@1236|Gammaproteobacteria,1XTJ0@135623|Vibrionales	protein containing a von Willebrand factor type A (vWA) domain	yieM	-	-	-	-	VWA_CoxE
3225	GEA50401.1	1205908.AKXW01000117_gene1543	0.0	1026.0	COG0714@1|root,COG0714@2|Bacteria,1PC08@1224|Proteobacteria,1RQ5U@1236|Gammaproteobacteria,1XSDT@135623|Vibrionales	COG0714 MoxR-like ATPases	ravA	-	ko:K03924	-	ko00000,ko01000	AAA_5,DUF3763
3225	GEA50402.1	1205908.AKXW01000117_gene1542	3.7e-112	323.0	COG0494@1|root,COG0494@2|Bacteria,1RCX7@1224|Proteobacteria,1RSM2@1236|Gammaproteobacteria,1XX52@135623|Vibrionales	COG0494 NTP pyrophosphohydrolases including oxidative damage repair enzymes	-	-	ko:K01515	ko00230,map00230	ko00000,ko00001,ko01000	NUDIX
3225	GEA50403.1	1205908.AKXW01000117_gene1541	2.69e-229	632.0	COG2008@1|root,COG2008@2|Bacteria,1MWCR@1224|Proteobacteria,1RNYX@1236|Gammaproteobacteria,1XV3M@135623|Vibrionales	COG2008 Threonine aldolase	ltaE	-	ko:K01620	ko00260,ko01100,ko01110,ko01120,ko01130,ko01230,map00260,map01100,map01110,map01120,map01130,map01230	ko00000,ko00001,ko01000	Beta_elim_lyase
3225	GEA50404.1	1205908.AKXW01000117_gene1540	8.85e-287	785.0	COG0513@1|root,COG0513@2|Bacteria,1MU49@1224|Proteobacteria,1RMWA@1236|Gammaproteobacteria,1XTY4@135623|Vibrionales	Belongs to the DEAD box helicase family	-	-	ko:K11927	ko03018,map03018	ko00000,ko00001,ko01000,ko03019	DEAD,Helicase_C
3225	GEA50405.1	1205908.AKXW01000117_gene1539	1.41e-129	369.0	COG3124@1|root,COG3124@2|Bacteria,1MZ59@1224|Proteobacteria,1S9IZ@1236|Gammaproteobacteria,1XX07@135623|Vibrionales	protein conserved in bacteria	acpH	-	ko:K08682	ko00770,map00770	ko00000,ko00001,ko01000	ACP_PD
3225	GEA50406.1	1205908.AKXW01000117_gene1538	1.31e-213	590.0	COG2207@1|root,COG2207@2|Bacteria,1QEFK@1224|Proteobacteria,1RYVP@1236|Gammaproteobacteria,1XUDX@135623|Vibrionales	helix_turn_helix, arabinose operon control protein	-	-	-	-	-	AraC_binding,HTH_18,HTH_AraC
3225	GEA50407.1	1205908.AKXW01000117_gene1537	9.04e-317	864.0	COG0534@1|root,COG0534@2|Bacteria,1QTIW@1224|Proteobacteria,1RPEX@1236|Gammaproteobacteria,1Y2KN@135623|Vibrionales	Na driven multidrug efflux pump	-	-	-	-	-	MatE
3225	GEA50408.1	398579.Spea_1774	1.85e-39	165.0	COG1240@1|root,COG1240@2|Bacteria,1R4IW@1224|Proteobacteria,1SN40@1236|Gammaproteobacteria,2QB6W@267890|Shewanellaceae	Involved in chlorophyll biosynthesis. Catalyzes the insertion of magnesium ion into protoporphyrin IX to yield Mg- protoporphyrin IX	-	-	-	-	-	-
3225	GEA50409.1	326297.Sama_1418	9.42e-85	269.0	COG2204@1|root,COG2204@2|Bacteria,1MU0N@1224|Proteobacteria,1RMCK@1236|Gammaproteobacteria,2QB2Z@267890|Shewanellaceae	sigma54 specific, transcriptional regulator, Fis family	-	-	ko:K18219	-	ko00000,ko00002,ko03000	HTH_8,Sigma54_activat
3225	GEA50410.1	1205908.AKXW01000117_gene1536	1.59e-117	337.0	2CFK9@1|root,2Z7KF@2|Bacteria,1PWBU@1224|Proteobacteria,1RPR9@1236|Gammaproteobacteria,1XTGM@135623|Vibrionales	Protein of unknown function (DUF1439)	-	-	-	-	-	DUF1439
3225	GEA50411.1	1205908.AKXW01000117_gene1535	4.45e-151	429.0	COG1946@1|root,COG1946@2|Bacteria,1NAQM@1224|Proteobacteria,1RR0K@1236|Gammaproteobacteria,1Y0VP@135623|Vibrionales	Thioesterase-like superfamily	-	-	-	-	-	4HBT_3
3225	GEA50412.1	1205908.AKXW01000117_gene1534	1.3e-139	398.0	COG0671@1|root,COG0671@2|Bacteria,1MWW4@1224|Proteobacteria,1RNSB@1236|Gammaproteobacteria,1XTTN@135623|Vibrionales	COG0671 Membrane-associated phospholipid phosphatase	VVA0266	-	ko:K01096	ko00564,ko01100,map00564,map01100	ko00000,ko00001,ko01000	PAP2
3225	GEA50413.1	1205908.AKXW01000117_gene1533	1.47e-193	540.0	COG0123@1|root,COG0123@2|Bacteria,1MU7P@1224|Proteobacteria,1RPVZ@1236|Gammaproteobacteria,1XUDB@135623|Vibrionales	COG0123 Deacetylases, including yeast histone deacetylase and acetoin utilization protein	-	-	-	-	-	Hist_deacetyl
3225	GEA50414.1	1205908.AKXW01000117_gene1532	7.49e-315	860.0	COG0513@1|root,COG0513@2|Bacteria,1MU49@1224|Proteobacteria,1RMWA@1236|Gammaproteobacteria,1XSNZ@135623|Vibrionales	DEAD-box RNA helicase involved in ribosome assembly. Has RNA-dependent ATPase activity and unwinds double-stranded RNA	rhlE	-	ko:K11927	ko03018,map03018	ko00000,ko00001,ko01000,ko03019	DEAD,Helicase_C
3225	GEA50415.1	1205908.AKXW01000117_gene1531	9.57e-84	248.0	2E4R1@1|root,32ZJK@2|Bacteria,1N8FZ@1224|Proteobacteria,1SAJ2@1236|Gammaproteobacteria,1XXUY@135623|Vibrionales	Nitrous oxide-stimulated promoter	-	-	-	-	-	YgbA_NO
3225	GEA50416.1	1205908.AKXW01000117_gene1530	0.0	1201.0	COG4166@1|root,COG4166@2|Bacteria,1MUVU@1224|Proteobacteria,1RMA1@1236|Gammaproteobacteria,1XUMM@135623|Vibrionales	ABC-type oligopeptide transport system, periplasmic component	-	-	ko:K13893	ko02010,map02010	ko00000,ko00001,ko00002,ko02000	SBP_bac_5
3225	GEA50417.1	1136163.M565_ctg4P105	4.8e-66	201.0	COG0051@1|root,COG0051@2|Bacteria,1RGWF@1224|Proteobacteria,1S3QX@1236|Gammaproteobacteria,1XXAA@135623|Vibrionales	Involved in the binding of tRNA to the ribosomes	rpsJ	GO:0003674,GO:0003735,GO:0005198,GO:0005575,GO:0005622,GO:0005623,GO:0005737,GO:0005829,GO:0005840,GO:0006412,GO:0006518,GO:0006807,GO:0008150,GO:0008152,GO:0009058,GO:0009059,GO:0009987,GO:0010467,GO:0015935,GO:0019538,GO:0022626,GO:0022627,GO:0032991,GO:0034641,GO:0034645,GO:0043043,GO:0043170,GO:0043226,GO:0043228,GO:0043229,GO:0043232,GO:0043603,GO:0043604,GO:0044237,GO:0044238,GO:0044249,GO:0044260,GO:0044267,GO:0044271,GO:0044391,GO:0044422,GO:0044424,GO:0044444,GO:0044445,GO:0044446,GO:0044464,GO:0071704,GO:1901564,GO:1901566,GO:1901576,GO:1990904	ko:K02946	ko03010,map03010	br01610,ko00000,ko00001,ko00002,ko03011	Ribosomal_S10
3225	GEA50418.1	1205908.AKXW01000026_gene783	4.34e-145	409.0	COG0087@1|root,COG0087@2|Bacteria,1MUST@1224|Proteobacteria,1RMK9@1236|Gammaproteobacteria,1XSH7@135623|Vibrionales	One of the primary rRNA binding proteins, it binds directly near the 3'-end of the 23S rRNA, where it nucleates assembly of the 50S subunit	rplC	GO:0003674,GO:0003735,GO:0005198,GO:0005575,GO:0005622,GO:0005623,GO:0005737,GO:0005829,GO:0005840,GO:0006412,GO:0006518,GO:0006807,GO:0008150,GO:0008152,GO:0009058,GO:0009059,GO:0009987,GO:0010467,GO:0015934,GO:0019538,GO:0022625,GO:0022626,GO:0032991,GO:0034641,GO:0034645,GO:0043043,GO:0043170,GO:0043226,GO:0043228,GO:0043229,GO:0043232,GO:0043603,GO:0043604,GO:0044237,GO:0044238,GO:0044249,GO:0044260,GO:0044267,GO:0044271,GO:0044391,GO:0044422,GO:0044424,GO:0044444,GO:0044445,GO:0044446,GO:0044464,GO:0071704,GO:1901564,GO:1901566,GO:1901576,GO:1990904	ko:K02906	ko03010,map03010	br01610,ko00000,ko00001,ko00002,ko03011	Ribosomal_L3
3225	GEA50419.1	1205908.AKXW01000026_gene782	9.45e-131	372.0	COG0088@1|root,COG0088@2|Bacteria,1MXPF@1224|Proteobacteria,1RNNK@1236|Gammaproteobacteria,1XSUF@135623|Vibrionales	Forms part of the polypeptide exit tunnel	rplD	GO:0003674,GO:0003676,GO:0003723,GO:0003735,GO:0005198,GO:0005488,GO:0005575,GO:0005622,GO:0005623,GO:0005737,GO:0005829,GO:0005840,GO:0006412,GO:0006518,GO:0006807,GO:0008150,GO:0008152,GO:0009058,GO:0009059,GO:0009987,GO:0010467,GO:0015934,GO:0019538,GO:0022625,GO:0022626,GO:0032991,GO:0034641,GO:0034645,GO:0043043,GO:0043170,GO:0043226,GO:0043228,GO:0043229,GO:0043232,GO:0043603,GO:0043604,GO:0044237,GO:0044238,GO:0044249,GO:0044260,GO:0044267,GO:0044271,GO:0044391,GO:0044422,GO:0044424,GO:0044444,GO:0044445,GO:0044446,GO:0044464,GO:0071704,GO:0097159,GO:1901363,GO:1901564,GO:1901566,GO:1901576,GO:1990904	ko:K02926	ko03010,map03010	br01610,ko00000,ko00001,ko00002,ko03011	Ribosomal_L4
3225	GEA50420.1	1205908.AKXW01000026_gene781	2.83e-59	183.0	COG0089@1|root,COG0089@2|Bacteria,1MZXX@1224|Proteobacteria,1S8VX@1236|Gammaproteobacteria,1XXSC@135623|Vibrionales	One of the early assembly proteins it binds 23S rRNA. One of the proteins that surrounds the polypeptide exit tunnel on the outside of the ribosome. Forms the main docking site for trigger factor binding to the ribosome	rplW	GO:0000027,GO:0003674,GO:0003676,GO:0003723,GO:0003735,GO:0005198,GO:0005488,GO:0005575,GO:0005622,GO:0005623,GO:0005737,GO:0005829,GO:0005840,GO:0006412,GO:0006518,GO:0006807,GO:0006996,GO:0008150,GO:0008152,GO:0009058,GO:0009059,GO:0009987,GO:0010467,GO:0015934,GO:0016043,GO:0019538,GO:0022607,GO:0022613,GO:0022618,GO:0022625,GO:0022626,GO:0032991,GO:0034622,GO:0034641,GO:0034645,GO:0042254,GO:0042255,GO:0042273,GO:0043043,GO:0043170,GO:0043226,GO:0043228,GO:0043229,GO:0043232,GO:0043603,GO:0043604,GO:0043933,GO:0044085,GO:0044237,GO:0044238,GO:0044249,GO:0044260,GO:0044267,GO:0044271,GO:0044391,GO:0044422,GO:0044424,GO:0044444,GO:0044445,GO:0044446,GO:0044464,GO:0065003,GO:0070925,GO:0071704,GO:0071826,GO:0071840,GO:0097159,GO:1901363,GO:1901564,GO:1901566,GO:1901576,GO:1990904	ko:K02892	ko03010,map03010	br01610,ko00000,ko00001,ko00002,ko03011	Ribosomal_L23
3225	GEA50421.1	1205908.AKXW01000026_gene780	2.22e-193	536.0	COG0090@1|root,COG0090@2|Bacteria,1MVTD@1224|Proteobacteria,1RMGR@1236|Gammaproteobacteria,1XU36@135623|Vibrionales	One of the primary rRNA binding proteins. Required for association of the 30S and 50S subunits to form the 70S ribosome, for tRNA binding and peptide bond formation. It has been suggested to have peptidyltransferase activity	rplB	GO:0002181,GO:0003674,GO:0003676,GO:0003723,GO:0003735,GO:0005198,GO:0005488,GO:0005575,GO:0005622,GO:0005623,GO:0005737,GO:0005829,GO:0005840,GO:0006412,GO:0006518,GO:0006807,GO:0008150,GO:0008152,GO:0009058,GO:0009059,GO:0009987,GO:0010467,GO:0015934,GO:0019538,GO:0022625,GO:0022626,GO:0032991,GO:0034641,GO:0034645,GO:0043043,GO:0043170,GO:0043226,GO:0043228,GO:0043229,GO:0043232,GO:0043603,GO:0043604,GO:0044237,GO:0044238,GO:0044249,GO:0044260,GO:0044267,GO:0044271,GO:0044391,GO:0044422,GO:0044424,GO:0044444,GO:0044445,GO:0044446,GO:0044464,GO:0071704,GO:0097159,GO:1901363,GO:1901564,GO:1901566,GO:1901576,GO:1990904	ko:K02886	ko03010,map03010	br01610,ko00000,ko00001,ko00002,ko03011	Ribosomal_L2,Ribosomal_L2_C
3225	GEA50422.1	1136163.M565_ctg4P100	1.35e-60	186.0	COG0185@1|root,COG0185@2|Bacteria,1RGYX@1224|Proteobacteria,1S5VT@1236|Gammaproteobacteria,1XXSD@135623|Vibrionales	Protein S19 forms a complex with S13 that binds strongly to the 16S ribosomal RNA	rpsS	GO:0000028,GO:0003674,GO:0003735,GO:0005198,GO:0005575,GO:0005622,GO:0005623,GO:0005737,GO:0005829,GO:0005840,GO:0006412,GO:0006518,GO:0006807,GO:0006996,GO:0008150,GO:0008152,GO:0009058,GO:0009059,GO:0009987,GO:0010467,GO:0015935,GO:0016043,GO:0019538,GO:0022607,GO:0022613,GO:0022618,GO:0022626,GO:0022627,GO:0032991,GO:0034622,GO:0034641,GO:0034645,GO:0042254,GO:0042255,GO:0042274,GO:0043043,GO:0043170,GO:0043226,GO:0043228,GO:0043229,GO:0043232,GO:0043603,GO:0043604,GO:0043933,GO:0044085,GO:0044237,GO:0044238,GO:0044249,GO:0044260,GO:0044267,GO:0044271,GO:0044391,GO:0044422,GO:0044424,GO:0044444,GO:0044445,GO:0044446,GO:0044464,GO:0065003,GO:0070925,GO:0071704,GO:0071826,GO:0071840,GO:1901564,GO:1901566,GO:1901576,GO:1990904	ko:K02965	ko03010,map03010	br01610,ko00000,ko00001,ko00002,ko03011	Ribosomal_S19
3225	GEA50423.1	1219072.VHA01S_003_01280	2.12e-70	212.0	COG0091@1|root,COG0091@2|Bacteria,1RH0W@1224|Proteobacteria,1S5XT@1236|Gammaproteobacteria,1XX9S@135623|Vibrionales	The globular domain of the protein is located near the polypeptide exit tunnel on the outside of the subunit, while an extended beta-hairpin is found that lines the wall of the exit tunnel in the center of the 70S ribosome	rplV	GO:0003674,GO:0003735,GO:0005198,GO:0005575,GO:0005622,GO:0005623,GO:0005737,GO:0005829,GO:0005840,GO:0006412,GO:0006518,GO:0006807,GO:0008150,GO:0008152,GO:0009058,GO:0009059,GO:0009987,GO:0010467,GO:0015934,GO:0019538,GO:0022625,GO:0022626,GO:0032991,GO:0034641,GO:0034645,GO:0043043,GO:0043170,GO:0043226,GO:0043228,GO:0043229,GO:0043232,GO:0043603,GO:0043604,GO:0044237,GO:0044238,GO:0044249,GO:0044260,GO:0044267,GO:0044271,GO:0044391,GO:0044422,GO:0044424,GO:0044444,GO:0044445,GO:0044446,GO:0044464,GO:0071704,GO:1901564,GO:1901566,GO:1901576,GO:1990904	ko:K02890	ko03010,map03010	br01610,ko00000,ko00001,ko00002,ko03011	Ribosomal_L22
3225	GEA50424.1	1205908.AKXW01000026_gene777	5.01e-160	449.0	COG0092@1|root,COG0092@2|Bacteria,1MUAI@1224|Proteobacteria,1RN0P@1236|Gammaproteobacteria,1XSCE@135623|Vibrionales	Binds the lower part of the 30S subunit head. Binds mRNA in the 70S ribosome, positioning it for translation	rpsC	GO:0002181,GO:0003674,GO:0003735,GO:0005198,GO:0005575,GO:0005622,GO:0005623,GO:0005737,GO:0005829,GO:0005840,GO:0006412,GO:0006518,GO:0006807,GO:0008150,GO:0008152,GO:0009058,GO:0009059,GO:0009987,GO:0010467,GO:0015935,GO:0019538,GO:0022626,GO:0022627,GO:0032991,GO:0034641,GO:0034645,GO:0043043,GO:0043170,GO:0043226,GO:0043228,GO:0043229,GO:0043232,GO:0043603,GO:0043604,GO:0044237,GO:0044238,GO:0044249,GO:0044260,GO:0044267,GO:0044271,GO:0044391,GO:0044422,GO:0044424,GO:0044444,GO:0044445,GO:0044446,GO:0044464,GO:0071704,GO:1901564,GO:1901566,GO:1901576,GO:1990904	ko:K02982	ko03010,map03010	br01610,ko00000,ko00001,ko00002,ko03011	KH_2,Ribosomal_S3_C
3225	GEA50425.1	1205908.AKXW01000026_gene776	5.52e-92	269.0	COG0197@1|root,COG0197@2|Bacteria,1RA0Z@1224|Proteobacteria,1S201@1236|Gammaproteobacteria,1XWVR@135623|Vibrionales	Binds 23S rRNA and is also seen to make contacts with the A and possibly P site tRNAs	rplP	GO:0003674,GO:0003676,GO:0003723,GO:0003735,GO:0005198,GO:0005488,GO:0005575,GO:0005622,GO:0005623,GO:0005737,GO:0005829,GO:0005840,GO:0006412,GO:0006518,GO:0006807,GO:0008150,GO:0008152,GO:0009058,GO:0009059,GO:0009987,GO:0010467,GO:0015934,GO:0019538,GO:0019843,GO:0022625,GO:0022626,GO:0032991,GO:0034641,GO:0034645,GO:0043043,GO:0043170,GO:0043226,GO:0043228,GO:0043229,GO:0043232,GO:0043603,GO:0043604,GO:0044237,GO:0044238,GO:0044249,GO:0044260,GO:0044267,GO:0044271,GO:0044391,GO:0044422,GO:0044424,GO:0044444,GO:0044445,GO:0044446,GO:0044464,GO:0071704,GO:0097159,GO:1901363,GO:1901564,GO:1901566,GO:1901576,GO:1990904	ko:K02878	ko03010,map03010	br01610,ko00000,ko00001,ko00002,ko03011	Ribosomal_L16
3225	GEA50426.1	1205908.AKXW01000026_gene775	1.21e-32	113.0	COG0255@1|root,COG0255@2|Bacteria,1N6PR@1224|Proteobacteria,1SCBN@1236|Gammaproteobacteria,1XYAY@135623|Vibrionales	Belongs to the universal ribosomal protein uL29 family	rpmC	GO:0003674,GO:0003735,GO:0005198,GO:0005575,GO:0005622,GO:0005623,GO:0005737,GO:0005829,GO:0005840,GO:0006412,GO:0006518,GO:0006807,GO:0008150,GO:0008152,GO:0009058,GO:0009059,GO:0009987,GO:0010467,GO:0015934,GO:0019538,GO:0022625,GO:0022626,GO:0032991,GO:0034641,GO:0034645,GO:0043043,GO:0043170,GO:0043226,GO:0043228,GO:0043229,GO:0043232,GO:0043603,GO:0043604,GO:0044237,GO:0044238,GO:0044249,GO:0044260,GO:0044267,GO:0044271,GO:0044391,GO:0044422,GO:0044424,GO:0044444,GO:0044445,GO:0044446,GO:0044464,GO:0071704,GO:1901564,GO:1901566,GO:1901576,GO:1990904	ko:K02904	ko03010,map03010	br01610,ko00000,ko00001,ko00002,ko03011	Ribosomal_L29
3225	GEA50427.1	1205908.AKXW01000026_gene774	4.6e-53	166.0	COG0186@1|root,COG0186@2|Bacteria,1MZIK@1224|Proteobacteria,1S8SS@1236|Gammaproteobacteria,1XXXG@135623|Vibrionales	One of the primary rRNA binding proteins, it binds specifically to the 5'-end of 16S ribosomal RNA	rpsQ	GO:0003674,GO:0003735,GO:0005198,GO:0005575,GO:0005622,GO:0005623,GO:0005737,GO:0005829,GO:0005840,GO:0006412,GO:0006518,GO:0006807,GO:0008150,GO:0008152,GO:0009058,GO:0009059,GO:0009987,GO:0010467,GO:0015935,GO:0019538,GO:0022626,GO:0022627,GO:0032991,GO:0034641,GO:0034645,GO:0043043,GO:0043170,GO:0043226,GO:0043228,GO:0043229,GO:0043232,GO:0043603,GO:0043604,GO:0044237,GO:0044238,GO:0044249,GO:0044260,GO:0044267,GO:0044271,GO:0044391,GO:0044422,GO:0044424,GO:0044444,GO:0044445,GO:0044446,GO:0044464,GO:0071704,GO:1901564,GO:1901566,GO:1901576,GO:1990904	ko:K02961	ko03010,map03010	br01610,ko00000,ko00001,ko00002,ko03011	Ribosomal_S17
3225	GEA50428.1	1219072.VHA01S_003_01330	7.01e-82	242.0	COG0093@1|root,COG0093@2|Bacteria,1RCWZ@1224|Proteobacteria,1S3Z3@1236|Gammaproteobacteria,1XX0D@135623|Vibrionales	Binds to 23S rRNA. Forms part of two intersubunit bridges in the 70S ribosome	rplN	GO:0003674,GO:0003676,GO:0003723,GO:0003735,GO:0005198,GO:0005488,GO:0005575,GO:0005622,GO:0005623,GO:0005737,GO:0005829,GO:0005840,GO:0006412,GO:0006518,GO:0006807,GO:0008150,GO:0008152,GO:0009058,GO:0009059,GO:0009987,GO:0010467,GO:0015934,GO:0019538,GO:0019843,GO:0022625,GO:0022626,GO:0032991,GO:0034641,GO:0034645,GO:0043043,GO:0043170,GO:0043226,GO:0043228,GO:0043229,GO:0043232,GO:0043603,GO:0043604,GO:0044237,GO:0044238,GO:0044249,GO:0044260,GO:0044267,GO:0044271,GO:0044391,GO:0044422,GO:0044424,GO:0044444,GO:0044445,GO:0044446,GO:0044464,GO:0070180,GO:0071704,GO:0097159,GO:1901363,GO:1901564,GO:1901566,GO:1901576,GO:1990904	ko:K02874	ko03010,map03010	br01610,ko00000,ko00001,ko00002,ko03011	Ribosomal_L14
3225	GEA50429.1	1205908.AKXW01000026_gene772	7.89e-66	200.0	COG0198@1|root,COG0198@2|Bacteria,1MZQD@1224|Proteobacteria,1S973@1236|Gammaproteobacteria,1XX9Z@135623|Vibrionales	One of the proteins that surrounds the polypeptide exit tunnel on the outside of the subunit	rplX	GO:0003674,GO:0003735,GO:0005198,GO:0005575,GO:0005622,GO:0005623,GO:0005737,GO:0005829,GO:0005840,GO:0006412,GO:0006518,GO:0006807,GO:0008150,GO:0008152,GO:0009058,GO:0009059,GO:0009987,GO:0010467,GO:0015934,GO:0019538,GO:0022625,GO:0022626,GO:0032991,GO:0034641,GO:0034645,GO:0043043,GO:0043170,GO:0043226,GO:0043228,GO:0043229,GO:0043232,GO:0043603,GO:0043604,GO:0044237,GO:0044238,GO:0044249,GO:0044260,GO:0044267,GO:0044271,GO:0044391,GO:0044422,GO:0044424,GO:0044444,GO:0044445,GO:0044446,GO:0044464,GO:0071704,GO:1901564,GO:1901566,GO:1901576,GO:1990904	ko:K02895	ko03010,map03010	br01610,ko00000,ko00001,ko00002,ko03011	KOW,ribosomal_L24
3225	GEA50430.1	1205908.AKXW01000026_gene771	1.14e-123	352.0	COG0094@1|root,COG0094@2|Bacteria,1MUU9@1224|Proteobacteria,1RPE1@1236|Gammaproteobacteria,1XTAU@135623|Vibrionales	This is 1 of the proteins that binds and probably mediates the attachment of the 5S RNA into the large ribosomal subunit, where it forms part of the central protuberance. In the 70S ribosome it contacts protein S13 of the 30S subunit (bridge B1b), connecting the 2 subunits	rplE	GO:0000027,GO:0003674,GO:0003676,GO:0003723,GO:0003735,GO:0005198,GO:0005488,GO:0005575,GO:0005622,GO:0005623,GO:0005737,GO:0005829,GO:0005840,GO:0006412,GO:0006518,GO:0006807,GO:0006996,GO:0008150,GO:0008152,GO:0009058,GO:0009059,GO:0009987,GO:0010467,GO:0015934,GO:0016043,GO:0019538,GO:0022607,GO:0022613,GO:0022618,GO:0022625,GO:0022626,GO:0032991,GO:0034622,GO:0034641,GO:0034645,GO:0042254,GO:0042255,GO:0042273,GO:0043043,GO:0043170,GO:0043226,GO:0043228,GO:0043229,GO:0043232,GO:0043603,GO:0043604,GO:0043933,GO:0044085,GO:0044237,GO:0044238,GO:0044249,GO:0044260,GO:0044267,GO:0044271,GO:0044391,GO:0044422,GO:0044424,GO:0044444,GO:0044445,GO:0044446,GO:0044464,GO:0065003,GO:0070925,GO:0071704,GO:0071826,GO:0071840,GO:0097159,GO:1901363,GO:1901564,GO:1901566,GO:1901576,GO:1990904	ko:K02931	ko03010,map03010	br01610,ko00000,ko00001,ko00002,ko03011	Ribosomal_L5,Ribosomal_L5_C
3225	GEA50431.1	1205908.AKXW01000026_gene770	1.63e-63	194.0	COG0199@1|root,COG0199@2|Bacteria,1MZDT@1224|Proteobacteria,1S62N@1236|Gammaproteobacteria,1XXE9@135623|Vibrionales	Binds 16S rRNA, required for the assembly of 30S particles and may also be responsible for determining the conformation of the 16S rRNA at the A site	rpsN	GO:0003674,GO:0003735,GO:0005198,GO:0005575,GO:0005622,GO:0005623,GO:0005737,GO:0005829,GO:0005840,GO:0006412,GO:0006518,GO:0006807,GO:0008150,GO:0008152,GO:0009058,GO:0009059,GO:0009987,GO:0010467,GO:0015935,GO:0019538,GO:0022626,GO:0022627,GO:0032991,GO:0034641,GO:0034645,GO:0043043,GO:0043170,GO:0043226,GO:0043228,GO:0043229,GO:0043232,GO:0043603,GO:0043604,GO:0044237,GO:0044238,GO:0044249,GO:0044260,GO:0044267,GO:0044271,GO:0044391,GO:0044422,GO:0044424,GO:0044444,GO:0044445,GO:0044446,GO:0044464,GO:0071704,GO:1901564,GO:1901566,GO:1901576,GO:1990904	ko:K02954	ko03010,map03010	br01610,ko00000,ko00001,ko00002,ko03011	Ribosomal_S14
3225	GEA50432.1	1205908.AKXW01000026_gene769	8.64e-84	248.0	COG0096@1|root,COG0096@2|Bacteria,1RDG3@1224|Proteobacteria,1S452@1236|Gammaproteobacteria,1XWW5@135623|Vibrionales	One of the primary rRNA binding proteins, it binds directly to 16S rRNA central domain where it helps coordinate assembly of the platform of the 30S subunit	rpsH	GO:0003674,GO:0003735,GO:0005198,GO:0005575,GO:0005622,GO:0005623,GO:0005737,GO:0005829,GO:0005840,GO:0006412,GO:0006518,GO:0006807,GO:0008150,GO:0008152,GO:0009058,GO:0009059,GO:0009987,GO:0010467,GO:0015935,GO:0019538,GO:0022626,GO:0022627,GO:0032991,GO:0034641,GO:0034645,GO:0043043,GO:0043170,GO:0043226,GO:0043228,GO:0043229,GO:0043232,GO:0043603,GO:0043604,GO:0044237,GO:0044238,GO:0044249,GO:0044260,GO:0044267,GO:0044271,GO:0044391,GO:0044422,GO:0044424,GO:0044444,GO:0044445,GO:0044446,GO:0044464,GO:0071704,GO:1901564,GO:1901566,GO:1901576,GO:1990904	ko:K02994	ko03010,map03010	br01610,ko00000,ko00001,ko00002,ko03011	Ribosomal_S8
3225	GEA50433.1	1205908.AKXW01000026_gene768	1.28e-119	342.0	COG0097@1|root,COG0097@2|Bacteria,1R9YZ@1224|Proteobacteria,1S1Z1@1236|Gammaproteobacteria,1XSZ7@135623|Vibrionales	This protein binds to the 23S rRNA, and is important in its secondary structure. It is located near the subunit interface in the base of the L7 L12 stalk, and near the tRNA binding site of the peptidyltransferase center	rplF	GO:0002181,GO:0003674,GO:0003676,GO:0003723,GO:0003735,GO:0005198,GO:0005488,GO:0005575,GO:0005622,GO:0005623,GO:0005737,GO:0005829,GO:0005840,GO:0006412,GO:0006518,GO:0006807,GO:0008150,GO:0008152,GO:0009058,GO:0009059,GO:0009987,GO:0010467,GO:0015934,GO:0019538,GO:0022625,GO:0022626,GO:0032991,GO:0034641,GO:0034645,GO:0043043,GO:0043170,GO:0043226,GO:0043228,GO:0043229,GO:0043232,GO:0043603,GO:0043604,GO:0044237,GO:0044238,GO:0044249,GO:0044260,GO:0044267,GO:0044271,GO:0044391,GO:0044422,GO:0044424,GO:0044444,GO:0044445,GO:0044446,GO:0044464,GO:0071704,GO:0097159,GO:1901363,GO:1901564,GO:1901566,GO:1901576,GO:1990904	ko:K02933	ko03010,map03010	br01610,ko00000,ko00001,ko00002,ko03011	Ribosomal_L6
3225	GEA50434.1	1219072.VHA01S_003_01390	1.76e-70	213.0	COG0256@1|root,COG0256@2|Bacteria,1RGY7@1224|Proteobacteria,1S5V2@1236|Gammaproteobacteria,1XXCG@135623|Vibrionales	This is one of the proteins that binds and probably mediates the attachment of the 5S RNA into the large ribosomal subunit, where it forms part of the central protuberance	rplR	GO:0003674,GO:0003676,GO:0003723,GO:0003735,GO:0005198,GO:0005488,GO:0005575,GO:0005622,GO:0005623,GO:0005737,GO:0005829,GO:0005840,GO:0006412,GO:0006518,GO:0006807,GO:0008097,GO:0008150,GO:0008152,GO:0009058,GO:0009059,GO:0009987,GO:0010467,GO:0015934,GO:0019538,GO:0019843,GO:0022625,GO:0022626,GO:0032991,GO:0034641,GO:0034645,GO:0043043,GO:0043170,GO:0043226,GO:0043228,GO:0043229,GO:0043232,GO:0043603,GO:0043604,GO:0044237,GO:0044238,GO:0044249,GO:0044260,GO:0044267,GO:0044271,GO:0044391,GO:0044422,GO:0044424,GO:0044444,GO:0044445,GO:0044446,GO:0044464,GO:0071704,GO:0097159,GO:1901363,GO:1901564,GO:1901566,GO:1901576,GO:1990904	ko:K02881	ko03010,map03010	br01610,ko00000,ko00001,ko00002,ko03011	Ribosomal_L18p
3225	GEA50435.1	1205908.AKXW01000026_gene766	3.08e-108	312.0	COG0098@1|root,COG0098@2|Bacteria,1MUS4@1224|Proteobacteria,1RNEV@1236|Gammaproteobacteria,1XSIY@135623|Vibrionales	Located at the back of the 30S subunit body where it stabilizes the conformation of the head with respect to the body	rpsE	GO:0003674,GO:0003735,GO:0005198,GO:0005575,GO:0005622,GO:0005623,GO:0005737,GO:0005829,GO:0005840,GO:0006412,GO:0006518,GO:0006807,GO:0008150,GO:0008152,GO:0009058,GO:0009059,GO:0009987,GO:0010467,GO:0015935,GO:0019538,GO:0022626,GO:0022627,GO:0032991,GO:0034641,GO:0034645,GO:0043043,GO:0043170,GO:0043226,GO:0043228,GO:0043229,GO:0043232,GO:0043603,GO:0043604,GO:0044237,GO:0044238,GO:0044249,GO:0044260,GO:0044267,GO:0044271,GO:0044391,GO:0044422,GO:0044424,GO:0044444,GO:0044445,GO:0044446,GO:0044464,GO:0071704,GO:1901564,GO:1901566,GO:1901576,GO:1990904	ko:K02988	ko03010,map03010	br01610,ko00000,ko00001,ko00002,ko03011	Ribosomal_S5,Ribosomal_S5_C
3225	GEA50436.1	1205908.AKXW01000026_gene765	1.8e-34	117.0	COG1841@1|root,COG1841@2|Bacteria,1N6ZE@1224|Proteobacteria,1SC8N@1236|Gammaproteobacteria,1XYYV@135623|Vibrionales	Ribosomal protein L30	rpmD	GO:0003674,GO:0003735,GO:0005198,GO:0005575,GO:0005622,GO:0005623,GO:0005737,GO:0005829,GO:0005840,GO:0006412,GO:0006518,GO:0006807,GO:0008150,GO:0008152,GO:0009058,GO:0009059,GO:0009987,GO:0010467,GO:0015934,GO:0019538,GO:0022625,GO:0022626,GO:0032991,GO:0034641,GO:0034645,GO:0043043,GO:0043170,GO:0043226,GO:0043228,GO:0043229,GO:0043232,GO:0043603,GO:0043604,GO:0044237,GO:0044238,GO:0044249,GO:0044260,GO:0044267,GO:0044271,GO:0044391,GO:0044422,GO:0044424,GO:0044444,GO:0044445,GO:0044446,GO:0044464,GO:0071704,GO:1901564,GO:1901566,GO:1901576,GO:1990904	ko:K02907	ko03010,map03010	br01610,ko00000,ko00001,ko00002,ko03011	Ribosomal_L30
3225	GEA50437.1	1219072.VHA01S_003_01420	1.6e-88	261.0	COG0200@1|root,COG0200@2|Bacteria,1RDC8@1224|Proteobacteria,1S3P6@1236|Gammaproteobacteria,1XWV4@135623|Vibrionales	Binds to the 23S rRNA	rplO	GO:0003674,GO:0003735,GO:0005198,GO:0005575,GO:0005622,GO:0005623,GO:0005737,GO:0005829,GO:0005840,GO:0006412,GO:0006518,GO:0006807,GO:0008150,GO:0008152,GO:0009058,GO:0009059,GO:0009987,GO:0010467,GO:0015934,GO:0019538,GO:0022625,GO:0022626,GO:0032991,GO:0034641,GO:0034645,GO:0043043,GO:0043170,GO:0043226,GO:0043228,GO:0043229,GO:0043232,GO:0043603,GO:0043604,GO:0044237,GO:0044238,GO:0044249,GO:0044260,GO:0044267,GO:0044271,GO:0044391,GO:0044422,GO:0044424,GO:0044444,GO:0044445,GO:0044446,GO:0044464,GO:0071704,GO:1901564,GO:1901566,GO:1901576,GO:1990904	ko:K02876	ko03010,map03010	br01610,ko00000,ko00001,ko00002,ko03011	Ribosomal_L27A
3225	GEA50438.1	1205908.AKXW01000026_gene763	1.87e-305	834.0	COG0201@1|root,COG0201@2|Bacteria,1MVU7@1224|Proteobacteria,1RNJV@1236|Gammaproteobacteria,1XTJ7@135623|Vibrionales	The central subunit of the protein translocation channel SecYEG. Consists of two halves formed by TMs 1-5 and 6-10. These two domains form a lateral gate at the front which open onto the bilayer between TMs 2 and 7, and are clamped together by SecE at the back. The channel is closed by both a pore ring composed of hydrophobic SecY resides and a short helix (helix 2A) on the extracellular side of the membrane which forms a plug. The plug probably moves laterally to allow the channel to open. The ring and the pore may move independently	secY	GO:0002790,GO:0006810,GO:0008104,GO:0008150,GO:0009306,GO:0009987,GO:0015031,GO:0015833,GO:0032940,GO:0033036,GO:0042886,GO:0045184,GO:0046903,GO:0051179,GO:0051234,GO:0071702,GO:0071705	ko:K03076	ko02024,ko03060,ko03070,map02024,map03060,map03070	ko00000,ko00001,ko00002,ko02044	SecY
3225	GEA50439.1	1205908.AKXW01000026_gene761	5.88e-74	222.0	COG0099@1|root,COG0099@2|Bacteria,1RD1G@1224|Proteobacteria,1S3NX@1236|Gammaproteobacteria,1XXE1@135623|Vibrionales	Located at the top of the head of the 30S subunit, it contacts several helices of the 16S rRNA. In the 70S ribosome it contacts the 23S rRNA (bridge B1a) and protein L5 of the 50S subunit (bridge B1b), connecting the 2 subunits	rpsM	GO:0003674,GO:0003735,GO:0005198,GO:0005575,GO:0005622,GO:0005623,GO:0005737,GO:0005829,GO:0005840,GO:0006412,GO:0006518,GO:0006807,GO:0008150,GO:0008152,GO:0009058,GO:0009059,GO:0009987,GO:0010467,GO:0015935,GO:0019538,GO:0022613,GO:0022626,GO:0022627,GO:0032991,GO:0034641,GO:0034645,GO:0042254,GO:0043043,GO:0043170,GO:0043226,GO:0043228,GO:0043229,GO:0043232,GO:0043603,GO:0043604,GO:0044085,GO:0044237,GO:0044238,GO:0044249,GO:0044260,GO:0044267,GO:0044271,GO:0044391,GO:0044422,GO:0044424,GO:0044444,GO:0044445,GO:0044446,GO:0044464,GO:0071704,GO:0071840,GO:1901564,GO:1901566,GO:1901576,GO:1990904	ko:K02952	ko03010,map03010	br01610,ko00000,ko00001,ko00002,ko03011	Ribosomal_S13
3225	GEA50440.1	1205908.AKXW01000026_gene760	2.05e-86	254.0	COG0100@1|root,COG0100@2|Bacteria,1RD0A@1224|Proteobacteria,1S3Q2@1236|Gammaproteobacteria,1XWWG@135623|Vibrionales	Located on the platform of the 30S subunit, it bridges several disparate RNA helices of the 16S rRNA. Forms part of the Shine-Dalgarno cleft in the 70S ribosome	rpsK	GO:0000028,GO:0000462,GO:0003674,GO:0003676,GO:0003723,GO:0003729,GO:0003735,GO:0005198,GO:0005488,GO:0005575,GO:0005622,GO:0005623,GO:0005737,GO:0005829,GO:0005840,GO:0006139,GO:0006364,GO:0006396,GO:0006412,GO:0006518,GO:0006725,GO:0006807,GO:0006996,GO:0008150,GO:0008152,GO:0009058,GO:0009059,GO:0009987,GO:0010467,GO:0015935,GO:0016043,GO:0016070,GO:0016072,GO:0019538,GO:0019843,GO:0022607,GO:0022613,GO:0022618,GO:0022626,GO:0022627,GO:0030490,GO:0032991,GO:0034470,GO:0034622,GO:0034641,GO:0034645,GO:0034660,GO:0042254,GO:0042255,GO:0042274,GO:0043043,GO:0043170,GO:0043226,GO:0043228,GO:0043229,GO:0043232,GO:0043603,GO:0043604,GO:0043933,GO:0044085,GO:0044237,GO:0044238,GO:0044249,GO:0044260,GO:0044267,GO:0044271,GO:0044391,GO:0044422,GO:0044424,GO:0044444,GO:0044445,GO:0044446,GO:0044464,GO:0046483,GO:0048027,GO:0065003,GO:0070181,GO:0070925,GO:0071704,GO:0071826,GO:0071840,GO:0090304,GO:0097159,GO:1901360,GO:1901363,GO:1901564,GO:1901566,GO:1901576,GO:1990904	ko:K02948	ko03010,map03010	br01610,ko00000,ko00001,ko00002,ko03011	Ribosomal_S11
3225	GEA50441.1	1205908.AKXW01000026_gene759	3.56e-138	391.0	COG0522@1|root,COG0522@2|Bacteria,1MW0U@1224|Proteobacteria,1RQ38@1236|Gammaproteobacteria,1XUJ0@135623|Vibrionales	One of the primary rRNA binding proteins, it binds directly to 16S rRNA where it nucleates assembly of the body of the 30S subunit	rpsD	GO:0003674,GO:0003676,GO:0003723,GO:0003735,GO:0005198,GO:0005488,GO:0005575,GO:0005622,GO:0005623,GO:0005737,GO:0005829,GO:0005840,GO:0006412,GO:0006417,GO:0006450,GO:0006518,GO:0006807,GO:0008150,GO:0008152,GO:0009058,GO:0009059,GO:0009889,GO:0009891,GO:0009893,GO:0009987,GO:0010467,GO:0010468,GO:0010556,GO:0010557,GO:0010604,GO:0010608,GO:0010628,GO:0015935,GO:0019222,GO:0019538,GO:0019843,GO:0022626,GO:0022627,GO:0031323,GO:0031325,GO:0031326,GO:0031328,GO:0032268,GO:0032270,GO:0032991,GO:0034248,GO:0034250,GO:0034641,GO:0034645,GO:0043043,GO:0043170,GO:0043226,GO:0043228,GO:0043229,GO:0043232,GO:0043603,GO:0043604,GO:0044237,GO:0044238,GO:0044249,GO:0044260,GO:0044267,GO:0044271,GO:0044391,GO:0044422,GO:0044424,GO:0044444,GO:0044445,GO:0044446,GO:0044464,GO:0045727,GO:0045903,GO:0048518,GO:0048522,GO:0050789,GO:0050794,GO:0051171,GO:0051173,GO:0051246,GO:0051247,GO:0060255,GO:0065007,GO:0065008,GO:0071704,GO:0080090,GO:0097159,GO:1901363,GO:1901564,GO:1901566,GO:1901576,GO:1990904,GO:2000112	ko:K02986	ko03010,map03010	br01610,ko00000,ko00001,ko00002,ko03011	Ribosomal_S4,S4
3225	GEA50442.1	1219080.VEZ01S_05_01730	9.78e-232	638.0	COG0202@1|root,COG0202@2|Bacteria,1MU75@1224|Proteobacteria,1RMU3@1236|Gammaproteobacteria,1XUZ5@135623|Vibrionales	DNA-dependent RNA polymerase catalyzes the transcription of DNA into RNA using the four ribonucleoside triphosphates as substrates	rpoA	GO:0003674,GO:0003824,GO:0003899,GO:0005575,GO:0005622,GO:0005623,GO:0005737,GO:0006139,GO:0006351,GO:0006354,GO:0006725,GO:0006807,GO:0008150,GO:0008152,GO:0009058,GO:0009059,GO:0009987,GO:0010467,GO:0016070,GO:0016740,GO:0016772,GO:0016779,GO:0018130,GO:0019438,GO:0032774,GO:0034062,GO:0034641,GO:0034645,GO:0034654,GO:0043170,GO:0044237,GO:0044238,GO:0044249,GO:0044260,GO:0044271,GO:0044424,GO:0044464,GO:0046483,GO:0071704,GO:0090304,GO:0097659,GO:0097747,GO:0140098,GO:1901360,GO:1901362,GO:1901576	ko:K03040	ko00230,ko00240,ko01100,ko03020,map00230,map00240,map01100,map03020	br01611,ko00000,ko00001,ko00002,ko01000,ko03021,ko03400	RNA_pol_A_CTD,RNA_pol_A_bac,RNA_pol_L
3225	GEA50443.1	1116375.VEJY3_01410	6.93e-79	235.0	COG0203@1|root,COG0203@2|Bacteria,1RCWN@1224|Proteobacteria,1S3QK@1236|Gammaproteobacteria,1XWW2@135623|Vibrionales	Ribosomal protein L17	rplQ	GO:0003674,GO:0003735,GO:0005198,GO:0005575,GO:0005622,GO:0005623,GO:0005737,GO:0005829,GO:0005840,GO:0006412,GO:0006518,GO:0006807,GO:0008150,GO:0008152,GO:0009058,GO:0009059,GO:0009987,GO:0010467,GO:0015934,GO:0019538,GO:0022625,GO:0022626,GO:0032991,GO:0034641,GO:0034645,GO:0043043,GO:0043170,GO:0043226,GO:0043228,GO:0043229,GO:0043232,GO:0043603,GO:0043604,GO:0044237,GO:0044238,GO:0044249,GO:0044260,GO:0044267,GO:0044271,GO:0044391,GO:0044422,GO:0044424,GO:0044444,GO:0044445,GO:0044446,GO:0044464,GO:0071704,GO:1901564,GO:1901566,GO:1901576,GO:1990904	ko:K02879	ko03010,map03010	br01610,ko00000,ko00001,ko00002,ko03011	Ribosomal_L17
3225	GEA50444.1	1205908.AKXW01000026_gene756	3.15e-93	274.0	2C5EJ@1|root,331R8@2|Bacteria,1NDD9@1224|Proteobacteria,1SDIU@1236|Gammaproteobacteria,1XX02@135623|Vibrionales	Protein of unknown function VcgC/VcgE (DUF2780)	PP0330	-	-	-	-	DUF2780
3225	GEA50445.1	1205908.AKXW01000026_gene755	2.74e-301	822.0	COG2873@1|root,COG2873@2|Bacteria,1NQME@1224|Proteobacteria,1T1GA@1236|Gammaproteobacteria,1XUCM@135623|Vibrionales	COG2873 O-acetylhomoserine sulfhydrylase	metY	-	ko:K01740	ko00270,ko01100,map00270,map01100	ko00000,ko00001,ko01000	Cys_Met_Meta_PP
3225	GEA50446.1	1205908.AKXW01000026_gene754	2.4e-136	387.0	COG0545@1|root,COG0545@2|Bacteria,1RDA1@1224|Proteobacteria,1RPMP@1236|Gammaproteobacteria,1XTFI@135623|Vibrionales	COG0545 FKBP-type peptidyl-prolyl cis-trans isomerases 1	fklB	-	ko:K03773	-	ko00000,ko01000,ko03110	FKBP_C,FKBP_N
3225	GEA50447.1	1205908.AKXW01000026_gene753	6.12e-122	349.0	COG3061@1|root,COG3061@2|Bacteria,1R4XK@1224|Proteobacteria,1S430@1236|Gammaproteobacteria,1XXHC@135623|Vibrionales	COG3061 Cell envelope opacity-associated protein A	-	-	ko:K07269	-	ko00000	OapA,OapA_N
3225	GEA50448.1	1205908.AKXW01000026_gene752	3.58e-99	288.0	COG2153@1|root,COG2153@2|Bacteria,1MZHA@1224|Proteobacteria,1S9IF@1236|Gammaproteobacteria,1XXDT@135623|Vibrionales	Acetyltransferase (GNAT) domain	elaA	-	ko:K02348	-	ko00000	Acetyltransf_10
3225	GEA50449.1	1205908.AKXW01000026_gene751	1.32e-187	522.0	COG0007@1|root,COG0007@2|Bacteria,1MUI0@1224|Proteobacteria,1RM9V@1236|Gammaproteobacteria,1XSWE@135623|Vibrionales	Multifunctional enzyme that catalyzes the SAM-dependent methylations of uroporphyrinogen III at position C-2 and C-7 to form precorrin-2 via precorrin-1. Then it catalyzes the NAD- dependent ring dehydrogenation of precorrin-2 to yield sirohydrochlorin. Finally, it catalyzes the ferrochelation of sirohydrochlorin to yield siroheme	cysG	-	ko:K02302,ko:K02303	ko00860,ko01100,ko01110,ko01120,map00860,map01100,map01110,map01120	ko00000,ko00001,ko00002,ko01000	CysG_dimeriser,NAD_binding_7,Sirohm_synth_M,TP_methylase
3225	GEA50450.1	1205908.AKXW01000026_gene750	4.53e-100	291.0	COG3495@1|root,COG3495@2|Bacteria,1RB8H@1224|Proteobacteria,1S8DT@1236|Gammaproteobacteria,1XX0Z@135623|Vibrionales	protein conserved in bacteria	-	-	ko:K09950	-	ko00000	DUF3299
3225	GEA50451.1	1205908.AKXW01000026_gene749	6.55e-291	795.0	COG0577@1|root,COG0577@2|Bacteria,1MVN1@1224|Proteobacteria,1RNVN@1236|Gammaproteobacteria,1XU5T@135623|Vibrionales	ABC-type antimicrobial peptide transport system, permease component	-	-	ko:K02004	-	ko00000,ko00002,ko02000	FtsX,MacB_PCD
3225	GEA50452.1	1205908.AKXW01000026_gene748	7.94e-160	449.0	COG1136@1|root,COG1136@2|Bacteria,1RA1K@1224|Proteobacteria,1S275@1236|Gammaproteobacteria,1XUZ7@135623|Vibrionales	COG1136 ABC-type antimicrobial peptide transport system, ATPase component	-	-	ko:K02003	-	ko00000,ko00002,ko02000	ABC_tran
3225	GEA50453.1	1205908.AKXW01000026_gene747	6.31e-102	302.0	COG0803@1|root,COG0803@2|Bacteria,1QUFM@1224|Proteobacteria,1T1XA@1236|Gammaproteobacteria,1XX4X@135623|Vibrionales	Protein of unknown function (DUF2796)	-	-	-	-	-	DUF2796
3225	GEA50454.1	1205908.AKXW01000026_gene746	1.6e-116	335.0	COG3054@1|root,COG3054@2|Bacteria,1REC3@1224|Proteobacteria,1S3X5@1236|Gammaproteobacteria,1XSVB@135623|Vibrionales	Transcriptional regulator	ytfJ	-	ko:K07109	-	ko00000	YtfJ_HI0045
3225	GEA50455.1	1205908.AKXW01000026_gene745	4.19e-145	409.0	COG0225@1|root,COG0225@2|Bacteria,1MVUS@1224|Proteobacteria,1RNWU@1236|Gammaproteobacteria,1XU05@135623|Vibrionales	Has an important function as a repair enzyme for proteins that have been inactivated by oxidation. Catalyzes the reversible oxidation-reduction of methionine sulfoxide in proteins to methionine	msrA	GO:0003674,GO:0003824,GO:0006807,GO:0008113,GO:0008150,GO:0008152,GO:0009987,GO:0016491,GO:0016667,GO:0016671,GO:0019538,GO:0030091,GO:0043170,GO:0044237,GO:0044238,GO:0044260,GO:0044267,GO:0055114,GO:0071704,GO:1901564	ko:K07304	-	ko00000,ko01000	PMSR
3225	GEA50456.1	1205908.AKXW01000026_gene744	0.0	1096.0	COG0729@1|root,COG0729@2|Bacteria,1MUKM@1224|Proteobacteria,1RNQ3@1236|Gammaproteobacteria,1XV1N@135623|Vibrionales	COG0729 Outer membrane protein	ytfM	-	ko:K07278	-	ko00000,ko02000	Bac_surface_Ag,POTRA,POTRA_TamA_1
3225	GEA50457.1	1205908.AKXW01000026_gene743	0.0	2352.0	COG2911@1|root,COG2911@2|Bacteria,1MUVD@1224|Proteobacteria,1RMMF@1236|Gammaproteobacteria,1XV86@135623|Vibrionales	protein conserved in bacteria	-	-	ko:K09800	-	ko00000,ko02000	TamB
3225	GEA50458.1	1205908.AKXW01000026_gene742	4.91e-80	237.0	COG2105@1|root,COG2105@2|Bacteria,1N94Q@1224|Proteobacteria,1SEE3@1236|Gammaproteobacteria,1XXWK@135623|Vibrionales	Gamma-glutamyl cyclotransferase, AIG2-like	-	-	-	-	-	GGACT
3225	GEA50459.1	1205908.AKXW01000026_gene741	1.4e-121	347.0	COG3040@1|root,COG3040@2|Bacteria,1RDAI@1224|Proteobacteria,1S3PW@1236|Gammaproteobacteria,1XXE6@135623|Vibrionales	lipoprotein Blc	blc	-	ko:K03098	-	ko00000,ko04147	Lipocalin_2
3225	GEA50460.1	1205908.AKXW01000026_gene740	2.52e-238	655.0	COG0158@1|root,COG0158@2|Bacteria,1MW0E@1224|Proteobacteria,1RNFF@1236|Gammaproteobacteria,1XT96@135623|Vibrionales	Belongs to the FBPase class 1 family	fbp	GO:0003674,GO:0003824,GO:0005575,GO:0005622,GO:0005623,GO:0005737,GO:0005829,GO:0005975,GO:0005984,GO:0005985,GO:0005986,GO:0005996,GO:0006000,GO:0006002,GO:0006006,GO:0006094,GO:0006793,GO:0006796,GO:0008150,GO:0008152,GO:0009058,GO:0009311,GO:0009312,GO:0009987,GO:0016051,GO:0016311,GO:0016787,GO:0016788,GO:0016791,GO:0019203,GO:0019318,GO:0019319,GO:0019637,GO:0030388,GO:0034637,GO:0042132,GO:0042578,GO:0044237,GO:0044238,GO:0044249,GO:0044262,GO:0044281,GO:0044283,GO:0044424,GO:0044444,GO:0044464,GO:0046351,GO:0046364,GO:0050308,GO:0071704,GO:1901135,GO:1901576	ko:K03841	ko00010,ko00030,ko00051,ko00680,ko00710,ko01100,ko01110,ko01120,ko01130,ko01200,ko04152,ko04910,map00010,map00030,map00051,map00680,map00710,map01100,map01110,map01120,map01130,map01200,map04152,map04910	ko00000,ko00001,ko00002,ko01000,ko04147	FBPase
3225	GEA50461.1	1205908.AKXW01000026_gene739	0.0	864.0	COG0773@1|root,COG0773@2|Bacteria,1MUC5@1224|Proteobacteria,1RMMT@1236|Gammaproteobacteria,1XTVH@135623|Vibrionales	Reutilizes the intact tripeptide L-alanyl-gamma-D- glutamyl-meso-diaminopimelate by linking it to UDP-N- acetylmuramate	mpl	-	ko:K02558	-	ko00000,ko01000	Mur_ligase,Mur_ligase_C,Mur_ligase_M
3225	GEA50462.1	1205908.AKXW01000026_gene738	3.42e-142	402.0	COG0163@1|root,COG0163@2|Bacteria,1RA0P@1224|Proteobacteria,1RPN1@1236|Gammaproteobacteria,1XSI5@135623|Vibrionales	Flavin prenyltransferase that catalyzes the synthesis of the prenylated FMN cofactor (prenyl-FMN) for 4-hydroxy-3- polyprenylbenzoic acid decarboxylase UbiD. The prenyltransferase is metal-independent and links a dimethylallyl moiety from dimethylallyl monophosphate (DMAP) to the flavin N5 and C6 atoms of FMN	ubiX	GO:0003674,GO:0003824,GO:0006732,GO:0006733,GO:0006743,GO:0006744,GO:0008150,GO:0008152,GO:0008694,GO:0009058,GO:0009108,GO:0009987,GO:0016829,GO:0016830,GO:0016831,GO:0042180,GO:0042181,GO:0044237,GO:0044249,GO:0044281,GO:0044283,GO:0051186,GO:0051188,GO:0071704,GO:1901576,GO:1901661,GO:1901663	ko:K03186	ko00130,ko00627,ko00940,ko01100,ko01110,ko01120,ko01220,map00130,map00627,map00940,map01100,map01110,map01120,map01220	ko00000,ko00001,ko00002,ko01000	Flavoprotein
3225	GEA50463.1	1205908.AKXW01000026_gene737	0.0	872.0	COG1875@1|root,COG1875@2|Bacteria,1MUX1@1224|Proteobacteria,1RMQN@1236|Gammaproteobacteria,1XTED@135623|Vibrionales	ATPase related to phosphate starvation-inducible protein PhoH	-	-	ko:K07175	-	ko00000	PIN_4,PhoH
3225	GEA50464.1	1205908.AKXW01000026_gene736	0.0	1829.0	COG0553@1|root,COG0553@2|Bacteria,1MX6H@1224|Proteobacteria,1RNRZ@1236|Gammaproteobacteria,1XTMU@135623|Vibrionales	Transcription regulator that activates transcription by stimulating RNA polymerase (RNAP) recycling in case of stress conditions such as supercoiled DNA or high salt concentrations. Probably acts by releasing the RNAP, when it is trapped or immobilized on tightly supercoiled DNA. Does not activate transcription on linear DNA. Probably not involved in DNA repair	rapA	GO:0000166,GO:0003674,GO:0003824,GO:0004386,GO:0005488,GO:0005524,GO:0006139,GO:0006351,GO:0006725,GO:0006807,GO:0008144,GO:0008150,GO:0008152,GO:0009058,GO:0009059,GO:0009987,GO:0010467,GO:0016070,GO:0016462,GO:0016787,GO:0016817,GO:0016818,GO:0017076,GO:0017111,GO:0018130,GO:0019438,GO:0030554,GO:0032553,GO:0032555,GO:0032559,GO:0032774,GO:0034641,GO:0034645,GO:0034654,GO:0035639,GO:0036094,GO:0043167,GO:0043168,GO:0043170,GO:0044237,GO:0044238,GO:0044249,GO:0044260,GO:0044271,GO:0046483,GO:0071704,GO:0090304,GO:0097159,GO:0097367,GO:0097659,GO:1901265,GO:1901360,GO:1901362,GO:1901363,GO:1901576	ko:K03580	-	ko00000,ko01000,ko03021	Helicase_C,RapA_C,SNF2_N
3225	GEA50465.1	1205908.AKXW01000026_gene735	2.15e-181	504.0	COG0564@1|root,COG0564@2|Bacteria,1MVJ5@1224|Proteobacteria,1RN4N@1236|Gammaproteobacteria,1XURW@135623|Vibrionales	Responsible for synthesis of pseudouridine from uracil	rluA	GO:0000154,GO:0000455,GO:0001522,GO:0003674,GO:0003824,GO:0006139,GO:0006364,GO:0006396,GO:0006399,GO:0006400,GO:0006725,GO:0006807,GO:0008033,GO:0008150,GO:0008152,GO:0009451,GO:0009982,GO:0009987,GO:0010467,GO:0016070,GO:0016072,GO:0016853,GO:0016866,GO:0022613,GO:0031118,GO:0031119,GO:0034470,GO:0034641,GO:0034660,GO:0042254,GO:0043170,GO:0043412,GO:0044085,GO:0044237,GO:0044238,GO:0046483,GO:0071704,GO:0071840,GO:0090304,GO:1901360	ko:K06177	-	ko00000,ko01000,ko03009,ko03016	PseudoU_synth_2
3225	GEA50466.1	1205908.AKXW01000026_gene734	4.97e-205	570.0	COG1052@1|root,COG1052@2|Bacteria,1MU2D@1224|Proteobacteria,1RPM1@1236|Gammaproteobacteria,1XTHS@135623|Vibrionales	Belongs to the D-isomer specific 2-hydroxyacid dehydrogenase family	hprA	-	ko:K00018	ko00260,ko00630,ko00680,ko01100,ko01110,ko01120,ko01130,ko01200,map00260,map00630,map00680,map01100,map01110,map01120,map01130,map01200	ko00000,ko00001,ko00002,ko01000	2-Hacid_dh,2-Hacid_dh_C
3225	GEA50467.1	1205908.AKXW01000026_gene733	1.48e-98	286.0	COG0589@1|root,COG0589@2|Bacteria,1RI97@1224|Proteobacteria,1SAXI@1236|Gammaproteobacteria,1XX3J@135623|Vibrionales	Universal stress protein	uspF	-	-	-	-	Usp
3225	GEA50468.1	1205908.AKXW01000026_gene732	0.0	1595.0	COG4666@1|root,COG4666@2|Bacteria,1MUNB@1224|Proteobacteria,1RMH7@1236|Gammaproteobacteria,1XUHS@135623|Vibrionales	transport system, fused permease components	-	-	-	-	-	DUF3394,DctM
3225	GEA50469.1	1205908.AKXW01000026_gene731	6.85e-228	628.0	COG2358@1|root,COG2358@2|Bacteria,1MXW1@1224|Proteobacteria,1RQN1@1236|Gammaproteobacteria,1XU72@135623|Vibrionales	transport system periplasmic component	-	-	ko:K07080	-	ko00000	NMT1_3
3225	GEA50470.1	1205908.AKXW01000026_gene730	1.82e-102	297.0	COG1438@1|root,COG1438@2|Bacteria,1N2AF@1224|Proteobacteria,1RSF7@1236|Gammaproteobacteria,1XSGI@135623|Vibrionales	Regulates arginine biosynthesis genes	argR	GO:0006082,GO:0006355,GO:0006520,GO:0006525,GO:0006807,GO:0008150,GO:0008152,GO:0009064,GO:0009889,GO:0009987,GO:0010468,GO:0010556,GO:0019219,GO:0019222,GO:0019752,GO:0031323,GO:0031326,GO:0043436,GO:0044237,GO:0044238,GO:0044281,GO:0050789,GO:0050794,GO:0051171,GO:0051252,GO:0060255,GO:0065007,GO:0071704,GO:0080090,GO:1901564,GO:1901605,GO:1903506,GO:2000112,GO:2001141	ko:K03402	-	ko00000,ko03000	Arg_repressor,Arg_repressor_C
3225	GEA50471.1	1205908.AKXW01000026_gene729	4.68e-193	539.0	COG0039@1|root,COG0039@2|Bacteria,1MV57@1224|Proteobacteria,1RMAX@1236|Gammaproteobacteria,1XSFW@135623|Vibrionales	Catalyzes the reversible oxidation of malate to oxaloacetate	mdh	GO:0003674,GO:0003824,GO:0004470,GO:0006082,GO:0006091,GO:0006099,GO:0006101,GO:0008150,GO:0008152,GO:0009060,GO:0009987,GO:0015980,GO:0016491,GO:0016614,GO:0016615,GO:0016999,GO:0017144,GO:0019752,GO:0043436,GO:0044237,GO:0044238,GO:0044281,GO:0045333,GO:0055114,GO:0071704,GO:0072350	ko:K00024	ko00020,ko00270,ko00620,ko00630,ko00680,ko00710,ko00720,ko01100,ko01110,ko01120,ko01130,ko01200,map00020,map00270,map00620,map00630,map00680,map00710,map00720,map01100,map01110,map01120,map01130,map01200	ko00000,ko00001,ko00002,ko01000	Ldh_1_C,Ldh_1_N
3225	GEA50472.1	675814.VIC_004827	1.87e-11	60.1	2AWYK@1|root,31NWB@2|Bacteria,1QKJX@1224|Proteobacteria,1TIQ5@1236|Gammaproteobacteria,1XZFZ@135623|Vibrionales	-	-	-	-	-	-	-
3225	GEA50473.1	1205908.AKXW01000026_gene727	3.86e-214	593.0	COG0142@1|root,COG0142@2|Bacteria,1MUK6@1224|Proteobacteria,1RPR7@1236|Gammaproteobacteria,1XTYZ@135623|Vibrionales	Belongs to the FPP GGPP synthase family	ispB	-	ko:K02523	ko00900,ko01110,map00900,map01110	ko00000,ko00001,ko01000,ko01006	polyprenyl_synt
3225	GEA50474.1	1205908.AKXW01000026_gene726	8.28e-67	202.0	COG0261@1|root,COG0261@2|Bacteria,1MZEW@1224|Proteobacteria,1S5VB@1236|Gammaproteobacteria,1XXAQ@135623|Vibrionales	This protein binds to 23S rRNA in the presence of protein L20	rplU	GO:0003674,GO:0003735,GO:0005198,GO:0005575,GO:0005622,GO:0005623,GO:0005737,GO:0005829,GO:0005840,GO:0006412,GO:0006518,GO:0006807,GO:0008150,GO:0008152,GO:0009058,GO:0009059,GO:0009987,GO:0010467,GO:0015934,GO:0019538,GO:0022625,GO:0022626,GO:0032991,GO:0034641,GO:0034645,GO:0043043,GO:0043170,GO:0043226,GO:0043228,GO:0043229,GO:0043232,GO:0043603,GO:0043604,GO:0044237,GO:0044238,GO:0044249,GO:0044260,GO:0044267,GO:0044271,GO:0044391,GO:0044422,GO:0044424,GO:0044444,GO:0044445,GO:0044446,GO:0044464,GO:0071704,GO:1901564,GO:1901566,GO:1901576,GO:1990904	ko:K02888	ko03010,map03010	br01610,ko00000,ko00001,ko00002,ko03011	Ribosomal_L21p
3225	GEA50475.1	1205908.AKXW01000026_gene725	2.45e-53	167.0	COG0211@1|root,COG0211@2|Bacteria,1MZGH@1224|Proteobacteria,1S8R2@1236|Gammaproteobacteria,1XXTX@135623|Vibrionales	Belongs to the bacterial ribosomal protein bL27 family	rpmA	GO:0003674,GO:0003735,GO:0005198,GO:0005575,GO:0005622,GO:0005623,GO:0005737,GO:0005829,GO:0005840,GO:0006412,GO:0006518,GO:0006807,GO:0008150,GO:0008152,GO:0009058,GO:0009059,GO:0009987,GO:0010467,GO:0015934,GO:0019538,GO:0022625,GO:0022626,GO:0032991,GO:0034641,GO:0034645,GO:0043043,GO:0043170,GO:0043226,GO:0043228,GO:0043229,GO:0043232,GO:0043603,GO:0043604,GO:0044237,GO:0044238,GO:0044249,GO:0044260,GO:0044267,GO:0044271,GO:0044391,GO:0044422,GO:0044424,GO:0044444,GO:0044445,GO:0044446,GO:0044464,GO:0071704,GO:1901564,GO:1901566,GO:1901576,GO:1990904	ko:K02899	ko03010,map03010	br01610,ko00000,ko00001,ko00002,ko03011	Ribosomal_L27
3225	GEA50476.1	1205908.AKXW01000026_gene724	2.25e-264	726.0	COG0536@1|root,COG0536@2|Bacteria,1MUGZ@1224|Proteobacteria,1RMFQ@1236|Gammaproteobacteria,1XSG0@135623|Vibrionales	An essential GTPase which binds GTP, GDP and possibly (p)ppGpp with moderate affinity, with high nucleotide exchange rates and a fairly low GTP hydrolysis rate. Plays a role in control of the cell cycle, stress response, ribosome biogenesis and in those bacteria that undergo differentiation, in morphogenesis control	obg	GO:0000166,GO:0001882,GO:0001883,GO:0003674,GO:0005488,GO:0005525,GO:0017076,GO:0019001,GO:0032549,GO:0032550,GO:0032553,GO:0032555,GO:0032561,GO:0035639,GO:0036094,GO:0043167,GO:0043168,GO:0097159,GO:0097367,GO:1901265,GO:1901363	ko:K03979	-	ko00000,ko01000,ko03009	GTP1_OBG,MMR_HSR1
3225	GEA50477.1	1205908.AKXW01000026_gene723	7.94e-217	602.0	COG1289@1|root,COG1289@2|Bacteria,1MUWE@1224|Proteobacteria,1RNFT@1236|Gammaproteobacteria,1XV9K@135623|Vibrionales	Fusaric acid resistance protein-like	-	-	-	-	-	FUSC,FUSC_2
3225	GEA50478.1	1205908.AKXW01000026_gene722	1.16e-165	465.0	COG2966@1|root,COG2966@2|Bacteria,1NH2X@1224|Proteobacteria,1RN1Q@1236|Gammaproteobacteria,1XSCP@135623|Vibrionales	Putative threonine/serine exporter	yjjP	-	-	-	-	ThrE
3225	GEA50479.1	1205908.AKXW01000026_gene721	1.23e-101	295.0	COG3610@1|root,COG3610@2|Bacteria,1RAWK@1224|Proteobacteria,1S2KX@1236|Gammaproteobacteria,1XX2R@135623|Vibrionales	Threonine/Serine exporter, ThrE	-	-	-	-	-	ThrE_2
3225	GEA50480.1	1205908.AKXW01000026_gene720	7.28e-95	278.0	COG0262@1|root,COG0262@2|Bacteria,1RH0P@1224|Proteobacteria,1S5VH@1236|Gammaproteobacteria,1XX0F@135623|Vibrionales	Key enzyme in folate metabolism. Catalyzes an essential reaction for de novo glycine and purine synthesis, and for DNA precursor synthesis	folA	-	ko:K00287	ko00670,ko00790,ko01100,ko01523,map00670,map00790,map01100,map01523	ko00000,ko00001,ko00002,ko01000	DHFR_1
3225	GEA50481.1	675816.VIA_002184	1.7e-103	312.0	COG0583@1|root,COG0583@2|Bacteria,1R9DV@1224|Proteobacteria,1S1G5@1236|Gammaproteobacteria,1XVIA@135623|Vibrionales	Transcriptional regulator	-	-	-	-	-	HTH_1,LysR_substrate
3225	GEA50482.1	675816.VIA_002181	4.38e-39	138.0	28V67@1|root,2ZH9E@2|Bacteria,1P66A@1224|Proteobacteria,1SUV2@1236|Gammaproteobacteria,1XYK7@135623|Vibrionales	Outer membrane protein beta-barrel domain	-	-	ko:K16078	-	ko00000,ko02000	OMP_b-brl
3225	GEA50483.1	1205908.AKXW01000026_gene719	6.15e-192	532.0	COG0639@1|root,COG0639@2|Bacteria,1MV10@1224|Proteobacteria,1RPUJ@1236|Gammaproteobacteria,1XTGT@135623|Vibrionales	Hydrolyzes diadenosine 5',5'''-P1,P4-tetraphosphate to yield ADP	apaH	GO:0003674,GO:0003824,GO:0004551,GO:0004721,GO:0006139,GO:0006464,GO:0006470,GO:0006725,GO:0006793,GO:0006796,GO:0006807,GO:0008138,GO:0008150,GO:0008152,GO:0008796,GO:0008803,GO:0009987,GO:0015949,GO:0016311,GO:0016462,GO:0016787,GO:0016788,GO:0016791,GO:0016817,GO:0016818,GO:0019538,GO:0034641,GO:0036211,GO:0042578,GO:0043170,GO:0043412,GO:0044237,GO:0044238,GO:0044260,GO:0044267,GO:0044281,GO:0046483,GO:0055086,GO:0071704,GO:0140096,GO:1901360,GO:1901564	ko:K01525	ko00230,map00230	ko00000,ko00001,ko01000	Metallophos
3225	GEA50484.1	1205908.AKXW01000026_gene718	6.41e-84	248.0	COG2967@1|root,COG2967@2|Bacteria,1MZ2Z@1224|Proteobacteria,1S8SE@1236|Gammaproteobacteria,1XXD5@135623|Vibrionales	protein affecting Mg2 Co2 transport	apaG	-	ko:K06195	-	ko00000	DUF525
3225	GEA50485.1	1219072.VHA01S_003_01870	4.15e-190	528.0	COG0030@1|root,COG0030@2|Bacteria,1MVNU@1224|Proteobacteria,1RMHW@1236|Gammaproteobacteria,1XTN7@135623|Vibrionales	Specifically dimethylates two adjacent adenosines (A1518 and A1519) in the loop of a conserved hairpin near the 3'-end of 16S rRNA in the 30S particle. May play a critical role in biogenesis of 30S subunits	ksgA	GO:0000154,GO:0000179,GO:0001510,GO:0003674,GO:0003824,GO:0005575,GO:0005622,GO:0005623,GO:0005737,GO:0006139,GO:0006364,GO:0006396,GO:0006725,GO:0006807,GO:0008150,GO:0008152,GO:0008168,GO:0008170,GO:0008173,GO:0008649,GO:0008757,GO:0009451,GO:0009987,GO:0010467,GO:0016070,GO:0016072,GO:0016433,GO:0016740,GO:0016741,GO:0022613,GO:0031167,GO:0032259,GO:0034470,GO:0034641,GO:0034660,GO:0042254,GO:0043170,GO:0043412,GO:0043414,GO:0044085,GO:0044237,GO:0044238,GO:0044260,GO:0044424,GO:0044464,GO:0046483,GO:0071704,GO:0071840,GO:0090304,GO:0140098,GO:0140102,GO:1901360	ko:K02528	-	ko00000,ko01000,ko03009	RrnaAD
3225	GEA50486.1	1205908.AKXW01000026_gene716	7.69e-228	628.0	COG1995@1|root,COG1995@2|Bacteria,1MX5W@1224|Proteobacteria,1RNZV@1236|Gammaproteobacteria,1XT1M@135623|Vibrionales	Catalyzes the NAD(P)-dependent oxidation of 4- (phosphohydroxy)-L-threonine (HTP) into 2-amino-3-oxo-4- (phosphohydroxy)butyric acid which spontaneously decarboxylates to form 3-amino-2-oxopropyl phosphate (AHAP)	pdxA	GO:0003674,GO:0003824,GO:0006725,GO:0006766,GO:0006767,GO:0006807,GO:0008150,GO:0008152,GO:0008614,GO:0008615,GO:0009058,GO:0009110,GO:0009987,GO:0017144,GO:0018130,GO:0019438,GO:0034641,GO:0042364,GO:0042816,GO:0042819,GO:0044237,GO:0044249,GO:0044271,GO:0044281,GO:0044283,GO:0046483,GO:0051186,GO:0051188,GO:0071704,GO:0072524,GO:0072525,GO:1901360,GO:1901362,GO:1901564,GO:1901566,GO:1901576,GO:1901615,GO:1901617	ko:K00097	ko00750,ko01100,map00750,map01100	ko00000,ko00001,ko00002,ko01000	PdxA
3225	GEA50487.1	1205908.AKXW01000026_gene715	8.93e-286	783.0	COG0760@1|root,COG0760@2|Bacteria,1MVB3@1224|Proteobacteria,1RMWU@1236|Gammaproteobacteria,1XV5K@135623|Vibrionales	Chaperone involved in the correct folding and assembly of outer membrane proteins. Recognizes specific patterns of aromatic residues and the orientation of their side chains, which are found more frequently in integral outer membrane proteins. May act in both early periplasmic and late outer membrane-associated steps of protein maturation	surA	GO:0000413,GO:0003674,GO:0003755,GO:0003824,GO:0006457,GO:0006464,GO:0006807,GO:0008150,GO:0008152,GO:0009987,GO:0016853,GO:0016859,GO:0018193,GO:0018208,GO:0019538,GO:0036211,GO:0043170,GO:0043412,GO:0044237,GO:0044238,GO:0044260,GO:0044267,GO:0071704,GO:0140096,GO:1901564	ko:K03771	-	ko00000,ko01000,ko03110	Rotamase,Rotamase_3,SurA_N
3225	GEA50488.1	1205908.AKXW01000026_gene714	0.0	1404.0	COG1452@1|root,COG1452@2|Bacteria,1MUJC@1224|Proteobacteria,1RQEX@1236|Gammaproteobacteria,1XSAA@135623|Vibrionales	Together with LptE, is involved in the assembly of lipopolysaccharide (LPS) at the surface of the outer membrane	lptD	GO:0008150,GO:0009636,GO:0042221,GO:0050896	ko:K04744	-	ko00000,ko02000	OstA,OstA_C
3225	GEA50489.1	1205908.AKXW01000026_gene713	1.1e-176	495.0	COG1076@1|root,COG1076@2|Bacteria,1N270@1224|Proteobacteria,1RP0P@1236|Gammaproteobacteria,1XSR9@135623|Vibrionales	Regulatory DnaK co-chaperone. Direct interaction between DnaK and DjlA is needed for the induction of the wcaABCDE operon, involved in the synthesis of a colanic acid polysaccharide capsule, possibly through activation of the RcsB RcsC phosphotransfer signaling pathway. The colanic acid capsule may help the bacterium survive conditions outside the host	djlA	-	ko:K05801	-	ko00000,ko03110	DnaJ,TerB
3225	GEA50490.1	1205908.AKXW01000026_gene711	4.21e-169	474.0	COG1957@1|root,COG1957@2|Bacteria,1QYX6@1224|Proteobacteria,1T3WB@1236|Gammaproteobacteria,1Y37W@135623|Vibrionales	Protein of unknown function, DUF547	-	-	-	-	-	DUF547
3225	GEA50491.1	1205908.AKXW01000026_gene710	7e-142	400.0	COG0066@1|root,COG0066@2|Bacteria,1MVXB@1224|Proteobacteria,1RNMK@1236|Gammaproteobacteria,1XT0W@135623|Vibrionales	Catalyzes the isomerization between 2-isopropylmalate and 3-isopropylmalate, via the formation of 2-isopropylmaleate	leuD	GO:0003674,GO:0003824,GO:0003861,GO:0005575,GO:0005622,GO:0005623,GO:0005737,GO:0005829,GO:0006082,GO:0006520,GO:0006551,GO:0006807,GO:0008150,GO:0008152,GO:0008652,GO:0009058,GO:0009081,GO:0009082,GO:0009098,GO:0009316,GO:0009987,GO:0016053,GO:0016829,GO:0016835,GO:0016836,GO:0019752,GO:0032991,GO:0043436,GO:0044237,GO:0044238,GO:0044249,GO:0044281,GO:0044283,GO:0044424,GO:0044444,GO:0044445,GO:0044464,GO:0046394,GO:0071704,GO:1901564,GO:1901566,GO:1901576,GO:1901605,GO:1901607,GO:1902494	ko:K01704	ko00290,ko00660,ko01100,ko01110,ko01210,ko01230,map00290,map00660,map01100,map01110,map01210,map01230	br01601,ko00000,ko00001,ko00002,ko01000	Aconitase_C
3225	GEA50492.1	1205908.AKXW01000026_gene709	0.0	906.0	COG0065@1|root,COG0065@2|Bacteria,1MVYR@1224|Proteobacteria,1RMF6@1236|Gammaproteobacteria,1XT5K@135623|Vibrionales	Catalyzes the isomerization between 2-isopropylmalate and 3-isopropylmalate, via the formation of 2-isopropylmaleate	leuC	GO:0003674,GO:0003824,GO:0003861,GO:0005575,GO:0005622,GO:0005623,GO:0005737,GO:0005829,GO:0006082,GO:0006520,GO:0006551,GO:0006807,GO:0008150,GO:0008152,GO:0008652,GO:0009058,GO:0009081,GO:0009082,GO:0009098,GO:0009316,GO:0009987,GO:0016053,GO:0016829,GO:0016835,GO:0016836,GO:0019752,GO:0032991,GO:0043436,GO:0044237,GO:0044238,GO:0044249,GO:0044281,GO:0044283,GO:0044424,GO:0044444,GO:0044445,GO:0044464,GO:0046394,GO:0071704,GO:1901564,GO:1901566,GO:1901576,GO:1901605,GO:1901607,GO:1902494	ko:K01703	ko00290,ko00660,ko00966,ko01100,ko01110,ko01210,ko01230,map00290,map00660,map00966,map01100,map01110,map01210,map01230	br01601,ko00000,ko00001,ko00002,ko01000	Aconitase
3225	GEA50493.1	1205908.AKXW01000026_gene708	9.42e-258	707.0	COG0473@1|root,COG0473@2|Bacteria,1MUH4@1224|Proteobacteria,1RMZQ@1236|Gammaproteobacteria,1XTG7@135623|Vibrionales	Catalyzes the oxidation of 3-carboxy-2-hydroxy-4- methylpentanoate (3-isopropylmalate) to 3-carboxy-4-methyl-2- oxopentanoate. The product decarboxylates to 4-methyl-2 oxopentanoate	leuB	GO:0003674,GO:0003824,GO:0003862,GO:0005575,GO:0005622,GO:0005623,GO:0005737,GO:0005829,GO:0006082,GO:0006520,GO:0006551,GO:0006807,GO:0008150,GO:0008152,GO:0008652,GO:0009058,GO:0009081,GO:0009082,GO:0009098,GO:0009987,GO:0016053,GO:0016491,GO:0016614,GO:0016616,GO:0019752,GO:0043436,GO:0044237,GO:0044238,GO:0044249,GO:0044281,GO:0044283,GO:0044424,GO:0044444,GO:0044464,GO:0046394,GO:0055114,GO:0071704,GO:1901564,GO:1901566,GO:1901576,GO:1901605,GO:1901607	ko:K00052	ko00290,ko00660,ko01100,ko01110,ko01210,ko01230,map00290,map00660,map01100,map01110,map01210,map01230	br01601,ko00000,ko00001,ko00002,ko01000	Iso_dh
3225	GEA50494.1	1205908.AKXW01000026_gene707	0.0	1001.0	COG0119@1|root,COG0119@2|Bacteria,1MUNQ@1224|Proteobacteria,1RMWE@1236|Gammaproteobacteria,1XSXP@135623|Vibrionales	Catalyzes the condensation of the acetyl group of acetyl-CoA with 3-methyl-2-oxobutanoate (2-oxoisovalerate) to form 3-carboxy-3-hydroxy-4-methylpentanoate (2-isopropylmalate)	leuA	GO:0003674,GO:0003824,GO:0003852,GO:0006082,GO:0006520,GO:0006551,GO:0006807,GO:0008150,GO:0008152,GO:0008652,GO:0009058,GO:0009081,GO:0009082,GO:0009098,GO:0009987,GO:0016053,GO:0016740,GO:0016746,GO:0019752,GO:0043436,GO:0044237,GO:0044238,GO:0044249,GO:0044281,GO:0044283,GO:0046394,GO:0046912,GO:0071704,GO:1901564,GO:1901566,GO:1901576,GO:1901605,GO:1901607	ko:K01649	ko00290,ko00620,ko01100,ko01110,ko01210,ko01230,map00290,map00620,map01100,map01110,map01210,map01230	br01601,ko00000,ko00001,ko00002,ko01000	HMGL-like,LeuA_dimer
3225	GEA50495.1	1205908.AKXW01000026_gene706	5.98e-133	379.0	COG1309@1|root,COG1309@2|Bacteria,1N1X6@1224|Proteobacteria,1S9GI@1236|Gammaproteobacteria,1XU18@135623|Vibrionales	Transcriptional regulator	-	-	-	-	-	TetR_C_9,TetR_N
3225	GEA50496.1	1205908.AKXW01000026_gene705	3.32e-286	785.0	COG0845@1|root,COG0845@2|Bacteria,1R67N@1224|Proteobacteria,1RYPZ@1236|Gammaproteobacteria,1XST6@135623|Vibrionales	Belongs to the membrane fusion protein (MFP) (TC 8.A.1) family	-	-	-	-	-	-
3225	GEA50497.1	1205908.AKXW01000026_gene704	0.0	1927.0	COG0841@1|root,COG0841@2|Bacteria,1MU48@1224|Proteobacteria,1RMBN@1236|Gammaproteobacteria,1XTIP@135623|Vibrionales	Belongs to the resistance-nodulation-cell division (RND) (TC 2.A.6) family	-	-	-	-	-	ACR_tran
3225	GEA50498.1	1205908.AKXW01000026_gene703	2.75e-118	339.0	COG0671@1|root,COG0671@2|Bacteria,1RJ1T@1224|Proteobacteria,1SAU1@1236|Gammaproteobacteria,1XWVF@135623|Vibrionales	COG0671 Membrane-associated phospholipid phosphatase	-	-	ko:K19302	ko00550,map00550	ko00000,ko00001,ko01000,ko01011	PAP2
3225	GEA50499.1	1205908.AKXW01000026_gene702	1.19e-259	711.0	COG4671@1|root,COG4671@2|Bacteria,1QUFP@1224|Proteobacteria,1T1XC@1236|Gammaproteobacteria,1XTDK@135623|Vibrionales	COG1819 Glycosyl transferases, related to UDP-glucuronosyltransferase	-	-	-	-	-	Glyco_trans_1_3
3225	GEA50500.1	1205908.AKXW01000026_gene701	1.12e-217	602.0	COG0583@1|root,COG0583@2|Bacteria,1MX24@1224|Proteobacteria,1RQP0@1236|Gammaproteobacteria,1XV0S@135623|Vibrionales	Transcriptional regulator	leuO	-	ko:K05798	-	ko00000,ko03000	HTH_1,LysR_substrate
3225	GEA50501.1	1205908.AKXW01000026_gene700	0.0	1170.0	COG1022@1|root,COG1022@2|Bacteria,1MU4D@1224|Proteobacteria,1RPNE@1236|Gammaproteobacteria,1XUTB@135623|Vibrionales	COG1022 Long-chain acyl-CoA synthetases (AMP-forming)	-	-	ko:K01897	ko00061,ko00071,ko01100,ko01212,ko02024,ko03320,ko04146,ko04216,ko04714,ko04920,map00061,map00071,map01100,map01212,map02024,map03320,map04146,map04216,map04714,map04920	ko00000,ko00001,ko00002,ko01000,ko01004,ko04147	AMP-binding
3225	GEA50502.1	1205908.AKXW01000026_gene699	0.0	1124.0	COG0028@1|root,COG0028@2|Bacteria,1MU6U@1224|Proteobacteria,1RMQQ@1236|Gammaproteobacteria,1XSYI@135623|Vibrionales	COG0028 Thiamine pyrophosphate-requiring enzymes acetolactate synthase, pyruvate dehydrogenase (cytochrome), glyoxylate carboligase, phosphonopyruvate decarboxylase	ilvI	-	ko:K01652	ko00290,ko00650,ko00660,ko00770,ko01100,ko01110,ko01130,ko01210,ko01230,map00290,map00650,map00660,map00770,map01100,map01110,map01130,map01210,map01230	ko00000,ko00001,ko00002,ko01000	TPP_enzyme_C,TPP_enzyme_M,TPP_enzyme_N
3225	GEA50503.1	1219072.VHA01S_003_02050	3.72e-99	289.0	COG0440@1|root,COG0440@2|Bacteria,1RAGN@1224|Proteobacteria,1S20I@1236|Gammaproteobacteria,1XTRE@135623|Vibrionales	COG0440 Acetolactate synthase, small (regulatory) subunit	ilvH	-	ko:K01653	ko00290,ko00650,ko00660,ko00770,ko01100,ko01110,ko01130,ko01210,ko01230,map00290,map00650,map00660,map00770,map01100,map01110,map01130,map01210,map01230	ko00000,ko00001,ko00002,ko01000	ACT,ACT_5,ALS_ss_C
3225	GEA50504.1	1205908.AKXW01000026_gene697	0.0	882.0	COG0469@1|root,COG0469@2|Bacteria,1MU21@1224|Proteobacteria,1RMW3@1236|Gammaproteobacteria,1XU2Y@135623|Vibrionales	Belongs to the pyruvate kinase family	pykF	-	ko:K00873	ko00010,ko00230,ko00620,ko01100,ko01110,ko01120,ko01130,ko01200,ko01230,ko04922,ko04930,ko05165,ko05203,ko05230,map00010,map00230,map00620,map01100,map01110,map01120,map01130,map01200,map01230,map04922,map04930,map05165,map05203,map05230	ko00000,ko00001,ko00002,ko01000,ko04131,ko04147	PK,PK_C
3225	GEA50505.1	1205908.AKXW01000026_gene696	7.38e-208	577.0	COG0673@1|root,COG0673@2|Bacteria,1MZIG@1224|Proteobacteria,1RS5T@1236|Gammaproteobacteria,1XU2H@135623|Vibrionales	dehydrogenases and related proteins	-	-	-	-	-	GFO_IDH_MocA,GFO_IDH_MocA_C
3225	GEA50506.1	1205908.AKXW01000026_gene694	2.65e-97	290.0	COG0583@1|root,COG0583@2|Bacteria	DNA-binding transcription factor activity	oxyS	-	-	-	-	HTH_1,LysR_substrate
3225	GEA50508.1	1205908.AKXW01000026_gene691	3.41e-36	128.0	2ETHN@1|root,33M1I@2|Bacteria,1NZFP@1224|Proteobacteria,1SQX0@1236|Gammaproteobacteria,1XVQM@135623|Vibrionales	-	-	-	-	-	-	-
3225	GEA50509.1	1205908.AKXW01000026_gene690	3.97e-119	342.0	COG3145@1|root,COG3145@2|Bacteria,1RGXU@1224|Proteobacteria,1S6DD@1236|Gammaproteobacteria,1XWZP@135623|Vibrionales	COG3145 Alkylated DNA repair protein	-	-	-	-	-	2OG-FeII_Oxy_2
3225	GEA50510.1	1205908.AKXW01000026_gene689	8.81e-211	583.0	COG2866@1|root,COG2866@2|Bacteria,1MYRD@1224|Proteobacteria,1T1MH@1236|Gammaproteobacteria,1Y36R@135623|Vibrionales	Protein of unknown function (DUF2817)	XCC2022	-	-	-	-	Peptidase_M14
3225	GEA50511.1	1205908.AKXW01000026_gene688	9.91e-302	826.0	COG0534@1|root,COG0534@2|Bacteria,1R4H5@1224|Proteobacteria,1RS0B@1236|Gammaproteobacteria,1XTRQ@135623|Vibrionales	Na driven multidrug efflux pump	vmrA	-	-	-	-	MatE
3225	GEA50512.1	1205908.AKXW01000026_gene687	1.24e-201	559.0	COG0583@1|root,COG0583@2|Bacteria,1MVGZ@1224|Proteobacteria,1RRFH@1236|Gammaproteobacteria,1XWES@135623|Vibrionales	Transcriptional regulator	-	-	-	-	-	HTH_1,LysR_substrate
3225	GEA50513.1	1205908.AKXW01000026_gene686	1.19e-70	214.0	2DQIP@1|root,32UP7@2|Bacteria,1N26G@1224|Proteobacteria	DoxX-like family	-	-	-	-	-	DoxX_2
3225	GEA50514.1	1205908.AKXW01000026_gene683	3.28e-195	542.0	COG2116@1|root,COG2116@2|Bacteria,1MU0W@1224|Proteobacteria,1RQ6K@1236|Gammaproteobacteria,1XUCS@135623|Vibrionales	COG2116 Formate nitrite family of transporters	focA	-	ko:K06212	-	ko00000,ko02000	Form_Nir_trans
3225	GEA50515.1	1205908.AKXW01000026_gene682	8.55e-224	619.0	COG1609@1|root,COG1609@2|Bacteria,1MUEP@1224|Proteobacteria,1RQKH@1236|Gammaproteobacteria,1XUF7@135623|Vibrionales	Gluconate utilization system Gnt-I transcriptional repressor	gntR	-	ko:K06145	-	ko00000,ko03000	LacI,Peripla_BP_1,Peripla_BP_3
3225	GEA50516.1	1205908.AKXW01000026_gene681	0.0	1122.0	COG0129@1|root,COG0129@2|Bacteria,1MU3T@1224|Proteobacteria,1RMNA@1236|Gammaproteobacteria,1XTAD@135623|Vibrionales	Belongs to the IlvD Edd family	edd	-	ko:K01690	ko00030,ko01100,ko01120,ko01200,map00030,map01100,map01120,map01200	ko00000,ko00001,ko00002,ko01000	ILVD_EDD
3225	GEA50517.1	1205908.AKXW01000026_gene680	1.79e-99	291.0	COG3265@1|root,COG3265@2|Bacteria,1RHD0@1224|Proteobacteria,1S2UE@1236|Gammaproteobacteria,1XSJW@135623|Vibrionales	Gluconokinase	idnK	-	ko:K00851	ko00030,ko01100,ko01110,ko01120,ko01130,ko01200,map00030,map01100,map01110,map01120,map01130,map01200	ko00000,ko00001,ko01000	SKI
3225	GEA50518.1	1219080.VEZ01S_33_00550	1.64e-163	466.0	COG1609@1|root,COG1609@2|Bacteria,1MUEP@1224|Proteobacteria,1RQKH@1236|Gammaproteobacteria,1XUF7@135623|Vibrionales	Gluconate utilization system Gnt-I transcriptional repressor	gntR	-	ko:K06145	-	ko00000,ko03000	LacI,Peripla_BP_1,Peripla_BP_3
3225	GEA50519.1	1219072.VHA01S_005_01150	1.11e-57	185.0	COG3090@1|root,COG3090@2|Bacteria,1RJ8K@1224|Proteobacteria,1SA02@1236|Gammaproteobacteria,1XUQB@135623|Vibrionales	TRAP-type C4-dicarboxylate transport system, small permease component	-	-	-	-	-	DctQ
3225	GEA50520.1	1219080.VEZ01S_34_00060	1.76e-221	622.0	COG1593@1|root,COG1593@2|Bacteria,1MU0F@1224|Proteobacteria,1RNAM@1236|Gammaproteobacteria,1XTIW@135623|Vibrionales	TRAP-type C4-dicarboxylate transport system, large permease component	-	-	-	-	-	DctM
3225	GEA50521.1	1219080.VEZ01S_34_00050	6.83e-154	441.0	COG1638@1|root,COG1638@2|Bacteria,1MVHC@1224|Proteobacteria,1RPNJ@1236|Gammaproteobacteria,1XU8W@135623|Vibrionales	TRAP-type C4-dicarboxylate transport system, periplasmic component	-	-	ko:K11688	ko02020,map02020	ko00000,ko00001,ko02000	DctP
3225	GEA50522.1	1219072.VHA01S_005_01130	8.81e-149	422.0	COG1028@1|root,COG1028@2|Bacteria,1MW9A@1224|Proteobacteria,1RPJZ@1236|Gammaproteobacteria,1Y08I@135623|Vibrionales	Enoyl-(Acyl carrier protein) reductase	-	-	-	-	-	adh_short_C2
3225	GEA50523.1	1219072.VHA01S_005_01140	1.8e-59	187.0	COG4154@1|root,COG4154@2|Bacteria,1RHT0@1224|Proteobacteria,1S6D4@1236|Gammaproteobacteria,1XZI1@135623|Vibrionales	RbsD / FucU transport protein family	-	-	-	-	-	RbsD_FucU
3225	GEA50524.1	1205908.AKXW01000059_gene2911	9.53e-24	97.8	COG2826@1|root,COG2826@2|Bacteria,1MWI0@1224|Proteobacteria,1RRSE@1236|Gammaproteobacteria,1XW0E@135623|Vibrionales	other refs with uncharged polar side chains (S Ser or T Thr), and there are a few more such examples along the aa-chain (ex R Arg changed with H His)	-	-	-	-	-	HTH_38,rve
3225	GEA50525.1	1205908.AKXW01000026_gene677	8.87e-256	705.0	COG0477@1|root,COG2814@2|Bacteria,1MU9G@1224|Proteobacteria,1RM9G@1236|Gammaproteobacteria,1XV9G@135623|Vibrionales	Major Facilitator Superfamily	-	-	ko:K19577	-	ko00000,ko02000	MFS_1
3225	GEA50526.1	1205908.AKXW01000026_gene676	8.85e-193	538.0	COG0583@1|root,COG0583@2|Bacteria,1MVJ7@1224|Proteobacteria,1RMNJ@1236|Gammaproteobacteria,1XU2F@135623|Vibrionales	LysR substrate binding domain	-	-	-	-	-	HTH_1,LysR_substrate
3225	GEA50527.1	1205908.AKXW01000026_gene675	1.05e-273	751.0	COG4175@1|root,COG4175@2|Bacteria,1MU86@1224|Proteobacteria,1RN2R@1236|Gammaproteobacteria,1XTVT@135623|Vibrionales	COG4175 ABC-type proline glycine betaine transport system, ATPase component	proV	-	ko:K02000	ko02010,map02010	ko00000,ko00001,ko00002,ko01000,ko02000	ABC_tran,CBS
3225	GEA50528.1	1205908.AKXW01000026_gene674	6.51e-194	540.0	COG4176@1|root,COG4176@2|Bacteria,1MUM4@1224|Proteobacteria,1RPQS@1236|Gammaproteobacteria,1XTMM@135623|Vibrionales	COG4176 ABC-type proline glycine betaine transport system, permease component	opuAB	-	ko:K02001	ko02010,map02010	ko00000,ko00001,ko00002,ko02000	BPD_transp_1
3225	GEA50529.1	1205908.AKXW01000026_gene673	3.19e-239	657.0	COG2113@1|root,COG2113@2|Bacteria,1MVXS@1224|Proteobacteria,1RQ3U@1236|Gammaproteobacteria,1XTHK@135623|Vibrionales	COG2113 ABC-type proline glycine betaine transport systems, periplasmic components	opuAC	-	ko:K02002	ko02010,map02010	ko00000,ko00001,ko00002,ko02000	OpuAC
3225	GEA50530.1	864069.MicloDRAFT_00052030	1.24e-06	52.0	COG0457@1|root,COG0457@2|Bacteria,1N6TJ@1224|Proteobacteria,2UG5W@28211|Alphaproteobacteria,1JYPC@119045|Methylobacteriaceae	Tetratricopeptide repeat	-	-	-	-	-	TPR_12,TPR_16,TPR_19,TPR_2
3225	GEA50531.1	1205908.AKXW01000146_gene1826	0.0	1111.0	COG0568@1|root,COG0568@2|Bacteria,1MVNJ@1224|Proteobacteria,1RMQI@1236|Gammaproteobacteria,1XSGU@135623|Vibrionales	Sigma factors are initiation factors that promote the attachment of RNA polymerase to specific initiation sites and are then released. This sigma factor is the primary sigma factor during exponential growth	rpoD	-	ko:K03086	-	ko00000,ko03021	Sigma70_ner,Sigma70_r1_1,Sigma70_r1_2,Sigma70_r2,Sigma70_r3,Sigma70_r4
3225	GEA50532.1	1205908.AKXW01000146_gene1825	0.0	1160.0	COG0358@1|root,COG0358@2|Bacteria,1MUHC@1224|Proteobacteria,1RMGA@1236|Gammaproteobacteria,1XUTH@135623|Vibrionales	RNA polymerase that catalyzes the synthesis of short RNA molecules used as primers for DNA polymerase during DNA replication	dnaG	-	ko:K02316	ko03030,map03030	ko00000,ko00001,ko01000,ko03032	DnaB_bind,DnaG_DnaB_bind,Toprim_2,Toprim_4,Toprim_N,zf-CHC2
3225	GEA50533.1	1205908.AKXW01000146_gene1824	1.39e-79	238.0	COG1610@1|root,COG1610@2|Bacteria,1RGZS@1224|Proteobacteria,1S61A@1236|Gammaproteobacteria,1XWVI@135623|Vibrionales	Yqey-like protein	-	-	ko:K09117	-	ko00000	YqeY
3225	GEA50534.1	1051646.VITU9109_25780	2.01e-39	131.0	COG0828@1|root,COG0828@2|Bacteria,1MZCC@1224|Proteobacteria,1S8QZ@1236|Gammaproteobacteria,1XYBV@135623|Vibrionales	Belongs to the bacterial ribosomal protein bS21 family	rpsU	GO:0003674,GO:0003735,GO:0005198,GO:0005575,GO:0005622,GO:0005623,GO:0005737,GO:0005829,GO:0005840,GO:0006412,GO:0006518,GO:0006807,GO:0008150,GO:0008152,GO:0009058,GO:0009059,GO:0009987,GO:0010467,GO:0015935,GO:0019538,GO:0022626,GO:0022627,GO:0032991,GO:0034641,GO:0034645,GO:0043043,GO:0043170,GO:0043226,GO:0043228,GO:0043229,GO:0043232,GO:0043603,GO:0043604,GO:0044237,GO:0044238,GO:0044249,GO:0044260,GO:0044267,GO:0044271,GO:0044391,GO:0044422,GO:0044424,GO:0044444,GO:0044445,GO:0044446,GO:0044464,GO:0071704,GO:1901564,GO:1901566,GO:1901576,GO:1990904	ko:K02970	ko03010,map03010	br01610,ko00000,ko00001,ko00002,ko03011	Ribosomal_S21
3225	GEA50535.1	1205908.AKXW01000146_gene1822	1.71e-241	664.0	COG0533@1|root,COG0533@2|Bacteria,1MU6S@1224|Proteobacteria,1RN8M@1236|Gammaproteobacteria,1XSZ3@135623|Vibrionales	Required for the formation of a threonylcarbamoyl group on adenosine at position 37 (t(6)A37) in tRNAs that read codons beginning with adenine. Is involved in the transfer of the threonylcarbamoyl moiety of threonylcarbamoyl-AMP (TC-AMP) to the N6 group of A37, together with TsaE and TsaB. TsaD likely plays a direct catalytic role in this reaction	tsaD	-	ko:K01409	-	ko00000,ko01000,ko03016	Peptidase_M22
3225	GEA50536.1	1205908.AKXW01000146_gene1821	1.81e-148	419.0	COG2941@1|root,COG2941@2|Bacteria,1R4IU@1224|Proteobacteria,1S0MB@1236|Gammaproteobacteria,1XU9D@135623|Vibrionales	Alternative oxidase	-	-	ko:K17893	-	ko00000,ko01000	AOX
3225	GEA50537.1	1205908.AKXW01000146_gene1820	1.85e-131	374.0	COG0344@1|root,COG0344@2|Bacteria,1RD4Z@1224|Proteobacteria,1RN1J@1236|Gammaproteobacteria,1XT3Z@135623|Vibrionales	Catalyzes the transfer of an acyl group from acyl- phosphate (acyl-PO(4)) to glycerol-3-phosphate (G3P) to form lysophosphatidic acid (LPA). This enzyme utilizes acyl-phosphate as fatty acyl donor, but not acyl-CoA or acyl-ACP	plsY	-	ko:K08591	ko00561,ko00564,ko01100,ko01110,map00561,map00564,map01100,map01110	ko00000,ko00001,ko00002,ko01000,ko01004	G3P_acyltransf
3225	GEA50538.1	1205908.AKXW01000146_gene1819	2.79e-77	230.0	COG1539@1|root,COG1539@2|Bacteria,1MZ8Z@1224|Proteobacteria,1S9B2@1236|Gammaproteobacteria,1XXCM@135623|Vibrionales	Catalyzes the conversion of 7,8-dihydroneopterin to 6- hydroxymethyl-7,8-dihydropterin	folB	-	ko:K01633	ko00790,ko01100,map00790,map01100	ko00000,ko00001,ko00002,ko01000	FolB
3225	GEA50539.1	1205908.AKXW01000146_gene1818	6.41e-107	309.0	COG0801@1|root,COG0801@2|Bacteria,1RHNN@1224|Proteobacteria,1S62M@1236|Gammaproteobacteria,1XXCH@135623|Vibrionales	COG0801 7,8-dihydro-6-hydroxymethylpterin-pyrophosphokinase	folK-1	-	ko:K00950	ko00790,ko01100,map00790,map01100	ko00000,ko00001,ko00002,ko01000	HPPK
3225	GEA50540.1	1205908.AKXW01000146_gene1817	4.28e-183	510.0	COG1968@1|root,COG1968@2|Bacteria,1MX02@1224|Proteobacteria,1RQQT@1236|Gammaproteobacteria,1XSIU@135623|Vibrionales	Catalyzes the dephosphorylation of undecaprenyl diphosphate (UPP). Confers resistance to bacitracin	uppP	-	ko:K06153	ko00550,map00550	ko00000,ko00001,ko01000,ko01011	BacA
3225	GEA50541.1	1205908.AKXW01000146_gene1816	1.2e-278	763.0	COG0617@1|root,COG0617@2|Bacteria,1MU2X@1224|Proteobacteria,1RPFJ@1236|Gammaproteobacteria,1XT9B@135623|Vibrionales	Catalyzes the addition and repair of the essential 3'- terminal CCA sequence in tRNAs without using a nucleic acid template. Adds these three nucleotides in the order of C, C, and A to the tRNA nucleotide-73, using CTP and ATP as substrates and producing inorganic pyrophosphate. Also shows phosphatase, 2'- nucleotidase and 2',3'-cyclic phosphodiesterase activities. These phosphohydrolase activities are probably involved in the repair of the tRNA 3'-CCA terminus degraded by intracellular RNases	cca	GO:0003674,GO:0003824,GO:0004652,GO:0004810,GO:0006139,GO:0006396,GO:0006725,GO:0006807,GO:0008150,GO:0008152,GO:0009987,GO:0010467,GO:0016070,GO:0016740,GO:0016772,GO:0016779,GO:0034641,GO:0043170,GO:0044237,GO:0044238,GO:0046483,GO:0070566,GO:0071704,GO:0090304,GO:1901360,GO:1990817	ko:K00974	ko03013,map03013	ko00000,ko00001,ko01000,ko03016	HD,PolyA_pol,PolyA_pol_RNAbd
3225	GEA50542.1	1205908.AKXW01000146_gene1815	0.0	953.0	COG3267@1|root,COG3409@1|root,COG3267@2|Bacteria,COG3409@2|Bacteria,1MU3G@1224|Proteobacteria,1RMI0@1236|Gammaproteobacteria,1XSH3@135623|Vibrionales	general secretion pathway protein	exeA	-	ko:K02450	-	ko00000,ko00002,ko02044	AAA_22,PG_binding_1,T2SSB
3225	GEA50543.1	1205908.AKXW01000146_gene1814	1e-136	393.0	COG3267@1|root,COG3267@2|Bacteria,1NIIA@1224|Proteobacteria,1T395@1236|Gammaproteobacteria,1XV5F@135623|Vibrionales	Type II secretion system protein B	-	-	ko:K02451	-	ko00000,ko00002,ko02044	T2SSB
3225	GEA50544.1	1205908.AKXW01000146_gene1813	1.06e-128	367.0	COG3103@1|root,COG4991@2|Bacteria,1MX7M@1224|Proteobacteria,1RS74@1236|Gammaproteobacteria,1XUUZ@135623|Vibrionales	SH3 domain protein	htrG	-	ko:K07184	-	ko00000	SH3_3
3225	GEA50545.1	1205908.AKXW01000146_gene1812	8.74e-281	770.0	COG0306@1|root,COG0306@2|Bacteria,1MVXK@1224|Proteobacteria,1RP0Q@1236|Gammaproteobacteria,1XU56@135623|Vibrionales	COG0306 Phosphate sulphate permeases	pitA	-	ko:K03306	-	ko00000	PHO4
3225	GEA50546.1	1205908.AKXW01000146_gene1811	1e-132	378.0	COG1392@1|root,COG1392@2|Bacteria,1MXY9@1224|Proteobacteria,1RQHT@1236|Gammaproteobacteria,1XU69@135623|Vibrionales	COG1392 Phosphate transport regulator (distant homolog of PhoU)	-	-	ko:K07220	-	ko00000	PhoU_div
3225	GEA50547.1	1205908.AKXW01000146_gene1810	0.0	962.0	COG3025@1|root,COG3025@2|Bacteria,1MY43@1224|Proteobacteria,1RMP4@1236|Gammaproteobacteria,1XSYB@135623|Vibrionales	CYTH	ygiF	-	ko:K18446	-	ko00000,ko01000	CHAD,CYTH
3225	GEA50548.1	1205908.AKXW01000146_gene1809	0.0	1756.0	COG1391@1|root,COG1391@2|Bacteria,1MU4I@1224|Proteobacteria,1RP9N@1236|Gammaproteobacteria,1XSHU@135623|Vibrionales	Involved in the regulation of glutamine synthetase GlnA, a key enzyme in the process to assimilate ammonia. When cellular nitrogen levels are high, the C-terminal adenylyl transferase (AT) inactivates GlnA by covalent transfer of an adenylyl group from ATP to specific tyrosine residue of GlnA, thus reducing its activity. Conversely, when nitrogen levels are low, the N-terminal adenylyl removase (AR) activates GlnA by removing the adenylyl group by phosphorolysis, increasing its activity. The regulatory region of GlnE binds the signal transduction protein PII (GlnB) which indicates the nitrogen status of the cell	glnE	GO:0000820,GO:0003674,GO:0003824,GO:0005575,GO:0005622,GO:0005623,GO:0005737,GO:0005829,GO:0006082,GO:0006520,GO:0006521,GO:0006541,GO:0006542,GO:0006807,GO:0008150,GO:0008152,GO:0008652,GO:0008882,GO:0009058,GO:0009064,GO:0009084,GO:0009987,GO:0010565,GO:0016053,GO:0016740,GO:0016772,GO:0016779,GO:0019222,GO:0019752,GO:0031323,GO:0033238,GO:0043436,GO:0044237,GO:0044238,GO:0044249,GO:0044281,GO:0044283,GO:0044424,GO:0044444,GO:0044464,GO:0046394,GO:0050789,GO:0050794,GO:0051171,GO:0062012,GO:0065007,GO:0070566,GO:0071704,GO:0080090,GO:1901564,GO:1901566,GO:1901576,GO:1901605,GO:1901607	ko:K00982	-	ko00000,ko01000	GlnD_UR_UTase,GlnE
3225	GEA50549.1	1205908.AKXW01000146_gene1808	0.0	902.0	COG0615@1|root,COG2870@1|root,COG0615@2|Bacteria,COG2870@2|Bacteria,1MV3Z@1224|Proteobacteria,1RMAJ@1236|Gammaproteobacteria,1XV30@135623|Vibrionales	Catalyzes the ADP transfer from ATP to D-glycero-beta-D- manno-heptose 1-phosphate, yielding ADP-D-glycero-beta-D-manno- heptose	hldE	-	ko:K03272	ko00540,ko01100,map00540,map01100	ko00000,ko00001,ko00002,ko01000,ko01005	CTP_transf_like,PfkB
3225	GEA50550.1	1205908.AKXW01000146_gene1807	1.54e-257	712.0	COG1538@1|root,COG1538@2|Bacteria,1MWCJ@1224|Proteobacteria,1RQQV@1236|Gammaproteobacteria,1XT4C@135623|Vibrionales	COG1538 Outer membrane protein	tolC	GO:0002790,GO:0006810,GO:0008104,GO:0008150,GO:0009306,GO:0009987,GO:0015031,GO:0015833,GO:0032940,GO:0033036,GO:0042886,GO:0045184,GO:0046903,GO:0051179,GO:0051234,GO:0071702,GO:0071705	ko:K12340	ko01501,ko01503,ko02020,ko03070,ko04626,ko05133,map01501,map01503,map02020,map03070,map04626,map05133	ko00000,ko00001,ko00002,ko01504,ko02000,ko02044	OEP
3225	GEA50551.1	1205908.AKXW01000146_gene1805	5.43e-140	396.0	COG0494@1|root,COG0494@2|Bacteria,1RDMW@1224|Proteobacteria,1RPZV@1236|Gammaproteobacteria,1XUUC@135623|Vibrionales	COG0494 NTP pyrophosphohydrolases including oxidative damage repair enzymes	nudF	-	ko:K01515	ko00230,map00230	ko00000,ko00001,ko01000	NUDIX
3225	GEA50552.1	1205908.AKXW01000146_gene1804	4.97e-102	295.0	COG3151@1|root,COG3151@2|Bacteria,1RA4E@1224|Proteobacteria,1SA3I@1236|Gammaproteobacteria,1XXGE@135623|Vibrionales	protein conserved in bacteria	-	-	ko:K09920	-	ko00000	DUF1249
3225	GEA50553.1	1205908.AKXW01000146_gene1803	8.14e-194	538.0	COG1409@1|root,COG1409@2|Bacteria,1MWKX@1224|Proteobacteria,1RPA7@1236|Gammaproteobacteria,1XTA7@135623|Vibrionales	Hydrolyzes cAMP to 5'-AMP. Plays an important regulatory role in modulating the intracellular concentration of cAMP, thereby influencing cAMP-dependent processes	cpdA	-	ko:K03651	ko00230,ko02025,map00230,map02025	ko00000,ko00001,ko01000	Metallophos
3225	GEA50554.1	1205908.AKXW01000146_gene1802	1.16e-111	322.0	COG3150@1|root,COG3150@2|Bacteria,1MVJF@1224|Proteobacteria,1S5WF@1236|Gammaproteobacteria,1XTCB@135623|Vibrionales	esterase	yqiA	-	ko:K07000	-	ko00000	UPF0227
3225	GEA50555.1	1205908.AKXW01000146_gene1801	0.0	1241.0	COG0187@1|root,COG0187@2|Bacteria,1MVH1@1224|Proteobacteria,1RMCI@1236|Gammaproteobacteria,1XT02@135623|Vibrionales	Topoisomerase IV is essential for chromosome segregation. It relaxes supercoiled DNA. Performs the decatenation events required during the replication of a circular DNA molecule	parE	-	ko:K02622	-	ko00000,ko01000,ko02048,ko03032,ko03036	DNA_gyraseB,DNA_gyraseB_C,HATPase_c,Toprim
3225	GEA50556.1	1205908.AKXW01000146_gene1800	0.0	1430.0	COG0188@1|root,COG0188@2|Bacteria,1MURI@1224|Proteobacteria,1RMTC@1236|Gammaproteobacteria,1XSUU@135623|Vibrionales	Topoisomerase IV is essential for chromosome segregation. It relaxes supercoiled DNA. Performs the decatenation events required during the replication of a circular DNA molecule	parC	-	ko:K02621	-	ko00000,ko01000,ko02048,ko03032,ko03036	DNA_gyraseA_C,DNA_topoisoIV
3225	GEA50557.1	1205908.AKXW01000146_gene1799	1.19e-236	653.0	COG0265@1|root,COG0265@2|Bacteria,1MU63@1224|Proteobacteria,1RN9T@1236|Gammaproteobacteria,1XTPV@135623|Vibrionales	COG0265 Trypsin-like serine proteases, typically periplasmic, contain C-terminal PDZ domain	degS	-	ko:K04691	-	ko00000,ko01000,ko01002	PDZ_2,Trypsin_2
3225	GEA50558.1	1205908.AKXW01000146_gene1798	5.8e-306	837.0	COG0265@1|root,COG0265@2|Bacteria,1MU63@1224|Proteobacteria,1RN9T@1236|Gammaproteobacteria,1XSK2@135623|Vibrionales	Belongs to the peptidase S1C family	degQ	-	ko:K04771,ko:K04772	ko01503,ko02020,map01503,map02020	ko00000,ko00001,ko00002,ko01000,ko01002,ko03110	PDZ,PDZ_2,Trypsin_2
3225	GEA50559.1	1205908.AKXW01000146_gene1797	6.39e-63	196.0	COG3105@1|root,COG3105@2|Bacteria,1N25P@1224|Proteobacteria,1S7WW@1236|Gammaproteobacteria,1XXEQ@135623|Vibrionales	protein conserved in bacteria	yhcB	-	ko:K09908	-	ko00000	DUF1043
3225	GEA50560.1	1205908.AKXW01000146_gene1796	5.34e-248	683.0	COG1485@1|root,COG1485@2|Bacteria,1MUUW@1224|Proteobacteria,1RMTJ@1236|Gammaproteobacteria,1XV3N@135623|Vibrionales	Reduces the stability of FtsZ polymers in the presence of ATP	zapE	-	ko:K06916	-	ko00000,ko03036	AFG1_ATPase
3225	GEA50561.1	1219072.VHA01S_003_02760	2.91e-99	288.0	COG0102@1|root,COG0102@2|Bacteria,1RA11@1224|Proteobacteria,1S280@1236|Gammaproteobacteria,1XSDR@135623|Vibrionales	This protein is one of the early assembly proteins of the 50S ribosomal subunit, although it is not seen to bind rRNA by itself. It is important during the early stages of 50S assembly	rplM	GO:0003674,GO:0003676,GO:0003723,GO:0003729,GO:0003735,GO:0005198,GO:0005488,GO:0005575,GO:0005622,GO:0005623,GO:0005737,GO:0005829,GO:0005840,GO:0006412,GO:0006518,GO:0006807,GO:0008150,GO:0008152,GO:0009058,GO:0009059,GO:0009987,GO:0010467,GO:0015934,GO:0019538,GO:0022625,GO:0022626,GO:0032991,GO:0034641,GO:0034645,GO:0043043,GO:0043170,GO:0043226,GO:0043228,GO:0043229,GO:0043232,GO:0043603,GO:0043604,GO:0044237,GO:0044238,GO:0044249,GO:0044260,GO:0044267,GO:0044271,GO:0044391,GO:0044422,GO:0044424,GO:0044444,GO:0044445,GO:0044446,GO:0044464,GO:0071704,GO:0097159,GO:1901363,GO:1901564,GO:1901566,GO:1901576,GO:1990904	ko:K02871	ko03010,map03010	br01610,ko00000,ko00001,ko00002,ko03011	Ribosomal_L13
3225	GEA50562.1	1205908.AKXW01000146_gene1794	2.48e-83	246.0	COG0103@1|root,COG0103@2|Bacteria,1RD4A@1224|Proteobacteria,1S3Q7@1236|Gammaproteobacteria,1XWX8@135623|Vibrionales	Belongs to the universal ribosomal protein uS9 family	rpsI	GO:0000462,GO:0003674,GO:0003676,GO:0003723,GO:0003735,GO:0005198,GO:0005488,GO:0005575,GO:0005622,GO:0005623,GO:0005737,GO:0005829,GO:0005840,GO:0006139,GO:0006364,GO:0006396,GO:0006412,GO:0006518,GO:0006725,GO:0006807,GO:0008150,GO:0008152,GO:0009058,GO:0009059,GO:0009987,GO:0010467,GO:0015935,GO:0016070,GO:0016072,GO:0019538,GO:0022613,GO:0022626,GO:0022627,GO:0030490,GO:0032991,GO:0034470,GO:0034641,GO:0034645,GO:0034660,GO:0042254,GO:0042274,GO:0043043,GO:0043170,GO:0043226,GO:0043228,GO:0043229,GO:0043232,GO:0043603,GO:0043604,GO:0044085,GO:0044237,GO:0044238,GO:0044249,GO:0044260,GO:0044267,GO:0044271,GO:0044391,GO:0044422,GO:0044424,GO:0044444,GO:0044445,GO:0044446,GO:0044464,GO:0046483,GO:0071704,GO:0071840,GO:0090304,GO:0097159,GO:1901360,GO:1901363,GO:1901564,GO:1901566,GO:1901576,GO:1990904	ko:K02996	ko03010,map03010	br01610,ko00000,ko00001,ko00002,ko03011	Ribosomal_S9
3225	GEA50563.1	1205908.AKXW01000146_gene1793	1.27e-141	399.0	COG0723@1|root,COG0723@2|Bacteria,1RAA2@1224|Proteobacteria,1RP9H@1236|Gammaproteobacteria,1XV6W@135623|Vibrionales	Component of the ubiquinol-cytochrome c reductase complex (complex III or cytochrome b-c1 complex), which is a respiratory chain that generates an electrochemical potential coupled to ATP synthesis	petA	-	ko:K00411	ko00190,ko01100,ko02020,ko04260,ko04714,ko04932,ko05010,ko05012,ko05016,map00190,map01100,map02020,map04260,map04714,map04932,map05010,map05012,map05016	ko00000,ko00001,ko00002,ko01000	Rieske,UCR_Fe-S_N
3225	GEA50564.1	1219080.VEZ01S_38_00540	1.3e-302	825.0	COG1290@1|root,COG1290@2|Bacteria,1MV97@1224|Proteobacteria,1RNCP@1236|Gammaproteobacteria,1XT8D@135623|Vibrionales	Component of the ubiquinol-cytochrome c reductase complex (complex III or cytochrome b-c1 complex), which is a respiratory chain that generates an electrochemical potential coupled to ATP synthesis	petB	-	ko:K00412	ko00190,ko01100,ko02020,ko04260,ko04714,ko04932,ko05010,ko05012,ko05016,map00190,map01100,map02020,map04260,map04714,map04932,map05010,map05012,map05016	ko00000,ko00001,ko00002,ko03029	Cytochrom_B_C,Cytochrome_B
3225	GEA50565.1	1205908.AKXW01000146_gene1791	4.47e-174	485.0	COG2857@1|root,COG2857@2|Bacteria,1QFU2@1224|Proteobacteria,1RN4Y@1236|Gammaproteobacteria,1XSUK@135623|Vibrionales	cytochrome c1	petC	-	ko:K00413	ko00190,ko01100,ko02020,ko04260,ko04714,ko04932,ko05010,ko05012,ko05016,map00190,map01100,map02020,map04260,map04714,map04932,map05010,map05012,map05016	ko00000,ko00001,ko00002	Cytochrom_C1
3225	GEA50566.1	1205908.AKXW01000146_gene1790	4.33e-146	412.0	COG0625@1|root,COG0625@2|Bacteria,1MXJD@1224|Proteobacteria,1RP12@1236|Gammaproteobacteria,1XTQ9@135623|Vibrionales	stringent starvation protein A	sspA	-	ko:K03599	-	ko00000,ko02000,ko03021	GST_C,GST_N,GST_N_3
3225	GEA50567.1	1205908.AKXW01000146_gene1789	7.55e-98	286.0	COG2969@1|root,COG2969@2|Bacteria,1MZ2Q@1224|Proteobacteria,1S8WT@1236|Gammaproteobacteria,1XWV9@135623|Vibrionales	stringent starvation protein b	sspB	-	ko:K03600	-	ko00000,ko03021	SspB
3225	GEA50568.1	1205908.AKXW01000146_gene1788	3.68e-130	375.0	COG2823@1|root,COG2823@2|Bacteria,1MUZ2@1224|Proteobacteria,1RY2B@1236|Gammaproteobacteria,1XVEM@135623|Vibrionales	periplasmic or secreted lipoprotein	-	-	-	-	-	BON
3225	GEA50569.1	1205908.AKXW01000146_gene1787	1.53e-134	381.0	COG0279@1|root,COG0279@2|Bacteria,1NJ8X@1224|Proteobacteria,1RS1Y@1236|Gammaproteobacteria,1XUEU@135623|Vibrionales	Catalyzes the isomerization of sedoheptulose 7-phosphate in D-glycero-D-manno-heptose 7-phosphate	diaA	-	ko:K12961	-	ko00000,ko03036	SIS_2
3225	GEA50570.1	1205908.AKXW01000146_gene1786	1.66e-75	226.0	COG0792@1|root,COG0792@2|Bacteria,1N6VN@1224|Proteobacteria,1SC8A@1236|Gammaproteobacteria,1XY6N@135623|Vibrionales	Belongs to the UPF0102 family	yraN	-	ko:K07460	-	ko00000	UPF0102
3225	GEA50571.1	1205908.AKXW01000146_gene1785	0.0	1110.0	COG3107@1|root,COG3107@2|Bacteria,1MUHR@1224|Proteobacteria,1RXX4@1236|Gammaproteobacteria,1XT66@135623|Vibrionales	Regulator of peptidoglycan synthesis that is essential for the function of penicillin-binding protein 1A (PBP1a)	lpoA	-	ko:K07121	-	ko00000	LppC
3225	GEA50572.1	1205908.AKXW01000146_gene1784	4.16e-200	555.0	COG0313@1|root,COG0313@2|Bacteria,1MU0E@1224|Proteobacteria,1RM7U@1236|Gammaproteobacteria,1XU78@135623|Vibrionales	Catalyzes the 2'-O-methylation of the ribose of cytidine 1402 (C1402) in 16S rRNA	rsmI	GO:0000154,GO:0000451,GO:0000453,GO:0001510,GO:0006139,GO:0006364,GO:0006396,GO:0006725,GO:0006807,GO:0008150,GO:0008152,GO:0009451,GO:0009987,GO:0010467,GO:0016070,GO:0016072,GO:0022613,GO:0031167,GO:0032259,GO:0034470,GO:0034641,GO:0034660,GO:0042254,GO:0043170,GO:0043412,GO:0043414,GO:0044085,GO:0044237,GO:0044238,GO:0044260,GO:0046483,GO:0071704,GO:0071840,GO:0090304,GO:1901360	ko:K07056	-	ko00000,ko01000,ko03009	TP_methylase
3225	GEA50573.1	1205908.AKXW01000146_gene1783	4.94e-218	602.0	COG0275@1|root,COG0275@2|Bacteria,1MUT4@1224|Proteobacteria,1RM7M@1236|Gammaproteobacteria,1XU1Z@135623|Vibrionales	Specifically methylates the N4 position of cytidine in position 1402 (C1402) of 16S rRNA	rsmH	GO:0000154,GO:0001510,GO:0003674,GO:0003824,GO:0005575,GO:0005622,GO:0005623,GO:0005737,GO:0006139,GO:0006364,GO:0006396,GO:0006725,GO:0006807,GO:0008150,GO:0008152,GO:0008168,GO:0008170,GO:0008173,GO:0008649,GO:0008757,GO:0009451,GO:0009987,GO:0010467,GO:0016070,GO:0016072,GO:0016434,GO:0016740,GO:0016741,GO:0022613,GO:0031167,GO:0032259,GO:0034470,GO:0034641,GO:0034660,GO:0042254,GO:0043170,GO:0043412,GO:0043414,GO:0044085,GO:0044237,GO:0044238,GO:0044260,GO:0044424,GO:0044464,GO:0046483,GO:0070475,GO:0071424,GO:0071704,GO:0071840,GO:0090304,GO:0140098,GO:0140102,GO:1901360	ko:K03438	-	ko00000,ko01000,ko03009	Methyltransf_5
3225	GEA50574.1	1205908.AKXW01000146_gene1782	1.37e-62	192.0	COG3116@1|root,COG3116@2|Bacteria,1N9MH@1224|Proteobacteria,1SC7P@1236|Gammaproteobacteria,1XXXH@135623|Vibrionales	Essential cell division protein. May link together the upstream cell division proteins, which are predominantly cytoplasmic, with the downstream cell division proteins, which are predominantly periplasmic	ftsL	-	ko:K03586	-	ko00000,ko03036	FtsL
3225	GEA50575.1	1205908.AKXW01000146_gene1781	0.0	1062.0	COG0768@1|root,COG0768@2|Bacteria,1MUNY@1224|Proteobacteria,1RNGW@1236|Gammaproteobacteria,1XTH5@135623|Vibrionales	Catalyzes cross-linking of the peptidoglycan cell wall at the division septum	ftsI	-	ko:K03587	ko00550,ko01501,map00550,map01501	ko00000,ko00001,ko01000,ko01011,ko03036	PBP_dimer,Transpeptidase
3225	GEA50576.1	1205908.AKXW01000146_gene1780	0.0	929.0	COG0769@1|root,COG0769@2|Bacteria,1MU6P@1224|Proteobacteria,1RMD6@1236|Gammaproteobacteria,1XUJ7@135623|Vibrionales	Catalyzes the addition of meso-diaminopimelic acid to the nucleotide precursor UDP-N-acetylmuramoyl-L-alanyl-D-glutamate (UMAG) in the biosynthesis of bacterial cell-wall peptidoglycan	murE	GO:0000270,GO:0003674,GO:0003824,GO:0006022,GO:0006023,GO:0006024,GO:0006807,GO:0008150,GO:0008152,GO:0009058,GO:0009059,GO:0009252,GO:0009273,GO:0009987,GO:0016874,GO:0016879,GO:0016881,GO:0030203,GO:0034645,GO:0042546,GO:0043170,GO:0044036,GO:0044038,GO:0044085,GO:0044237,GO:0044249,GO:0044260,GO:0070589,GO:0071554,GO:0071704,GO:0071840,GO:1901135,GO:1901137,GO:1901564,GO:1901566,GO:1901576	ko:K01928	ko00300,ko00550,map00300,map00550	ko00000,ko00001,ko01000,ko01011	Mur_ligase,Mur_ligase_C,Mur_ligase_M
3225	GEA50577.1	1205908.AKXW01000146_gene1779	2.83e-300	822.0	COG0770@1|root,COG0770@2|Bacteria,1QTSF@1224|Proteobacteria,1RMGD@1236|Gammaproteobacteria,1XUMH@135623|Vibrionales	Involved in cell wall formation. Catalyzes the final step in the synthesis of UDP-N-acetylmuramoyl-pentapeptide, the precursor of murein	murF	-	ko:K01929	ko00300,ko00550,ko01100,ko01502,map00300,map00550,map01100,map01502	ko00000,ko00001,ko01000,ko01011	Mur_ligase,Mur_ligase_C,Mur_ligase_M
3225	GEA50578.1	1219072.VHA01S_003_02930	4.06e-246	677.0	COG0472@1|root,COG0472@2|Bacteria,1MUTK@1224|Proteobacteria,1RNIG@1236|Gammaproteobacteria,1XSMD@135623|Vibrionales	First step of the lipid cycle reactions in the biosynthesis of the cell wall peptidoglycan	mraY	GO:0000270,GO:0003674,GO:0003824,GO:0006022,GO:0006023,GO:0006024,GO:0006807,GO:0008150,GO:0008152,GO:0008963,GO:0009058,GO:0009059,GO:0009252,GO:0009273,GO:0009987,GO:0016740,GO:0016772,GO:0016780,GO:0030203,GO:0034645,GO:0042546,GO:0043170,GO:0044036,GO:0044038,GO:0044085,GO:0044237,GO:0044249,GO:0044260,GO:0070589,GO:0071554,GO:0071704,GO:0071840,GO:1901135,GO:1901137,GO:1901564,GO:1901566,GO:1901576	ko:K01000	ko00550,ko01100,ko01502,map00550,map01100,map01502	ko00000,ko00001,ko01000,ko01011	Glycos_transf_4,MraY_sig1
3225	GEA50579.1	1205908.AKXW01000146_gene1777	3.02e-294	806.0	COG0771@1|root,COG0771@2|Bacteria,1MVYD@1224|Proteobacteria,1RP25@1236|Gammaproteobacteria,1XUNN@135623|Vibrionales	Cell wall formation. Catalyzes the addition of glutamate to the nucleotide precursor UDP-N-acetylmuramoyl-L-alanine (UMA)	murD	GO:0000270,GO:0003674,GO:0003824,GO:0006022,GO:0006023,GO:0006024,GO:0006807,GO:0008150,GO:0008152,GO:0008764,GO:0009058,GO:0009059,GO:0009252,GO:0009273,GO:0009987,GO:0016874,GO:0016879,GO:0016881,GO:0030203,GO:0034645,GO:0042546,GO:0043170,GO:0044036,GO:0044038,GO:0044085,GO:0044237,GO:0044249,GO:0044260,GO:0070589,GO:0071554,GO:0071704,GO:0071840,GO:1901135,GO:1901137,GO:1901564,GO:1901566,GO:1901576	ko:K01925	ko00471,ko00550,ko01100,map00471,map00550,map01100	ko00000,ko00001,ko01000,ko01011	Mur_ligase_C,Mur_ligase_M
3225	GEA50580.1	1205908.AKXW01000146_gene1776	2.06e-280	769.0	COG0772@1|root,COG0772@2|Bacteria,1MVDB@1224|Proteobacteria,1RMIV@1236|Gammaproteobacteria,1XUU9@135623|Vibrionales	Peptidoglycan polymerase that is essential for cell division	ftsW	-	ko:K03588	ko04112,map04112	ko00000,ko00001,ko02000,ko03036	FTSW_RODA_SPOVE
3225	GEA50581.1	1205908.AKXW01000146_gene1775	2.01e-245	675.0	COG0707@1|root,COG0707@2|Bacteria,1MVIB@1224|Proteobacteria,1RMQ3@1236|Gammaproteobacteria,1XSDU@135623|Vibrionales	Cell wall formation. Catalyzes the transfer of a GlcNAc subunit on undecaprenyl-pyrophosphoryl-MurNAc-pentapeptide (lipid intermediate I) to form undecaprenyl-pyrophosphoryl-MurNAc- (pentapeptide)GlcNAc (lipid intermediate II)	murG	GO:0000270,GO:0003674,GO:0003824,GO:0006022,GO:0006023,GO:0006024,GO:0006807,GO:0008150,GO:0008152,GO:0009058,GO:0009059,GO:0009252,GO:0009273,GO:0009987,GO:0016740,GO:0016757,GO:0016758,GO:0030203,GO:0034645,GO:0042546,GO:0043170,GO:0044036,GO:0044038,GO:0044085,GO:0044237,GO:0044249,GO:0044260,GO:0070589,GO:0071554,GO:0071704,GO:0071840,GO:1901135,GO:1901137,GO:1901564,GO:1901566,GO:1901576	ko:K02563	ko00550,ko01100,ko01502,ko04112,map00550,map01100,map01502,map04112	ko00000,ko00001,ko01000,ko01011	Glyco_tran_28_C,Glyco_transf_28
3225	GEA50582.1	1205908.AKXW01000146_gene1774	0.0	930.0	COG0773@1|root,COG0773@2|Bacteria,1MV68@1224|Proteobacteria,1RN88@1236|Gammaproteobacteria,1XTZ7@135623|Vibrionales	Belongs to the MurCDEF family	murC	GO:0000270,GO:0003674,GO:0003824,GO:0006022,GO:0006023,GO:0006024,GO:0006807,GO:0008150,GO:0008152,GO:0008763,GO:0009058,GO:0009059,GO:0009252,GO:0009273,GO:0009987,GO:0016874,GO:0016879,GO:0016881,GO:0030203,GO:0034645,GO:0042546,GO:0043170,GO:0044036,GO:0044038,GO:0044085,GO:0044237,GO:0044249,GO:0044260,GO:0070589,GO:0071554,GO:0071704,GO:0071840,GO:1901135,GO:1901137,GO:1901564,GO:1901566,GO:1901576	ko:K01924	ko00471,ko00550,ko01100,map00471,map00550,map01100	ko00000,ko00001,ko01000,ko01011	Mur_ligase,Mur_ligase_C,Mur_ligase_M
3225	GEA50583.1	1205908.AKXW01000146_gene1773	2.51e-167	469.0	COG1589@1|root,COG1589@2|Bacteria,1N0T7@1224|Proteobacteria,1S9FJ@1236|Gammaproteobacteria,1XTAJ@135623|Vibrionales	Essential cell division protein. May link together the upstream cell division proteins, which are predominantly cytoplasmic, with the downstream cell division proteins, which are predominantly periplasmic. May control correct divisome assembly	ftsQ	-	ko:K03589	ko04112,map04112	ko00000,ko00001,ko03036	FtsQ,POTRA_1
3225	GEA50584.1	1205908.AKXW01000146_gene1772	1.16e-301	823.0	COG0849@1|root,COG0849@2|Bacteria,1MUSR@1224|Proteobacteria,1RMXY@1236|Gammaproteobacteria,1XVP9@135623|Vibrionales	Cell division protein that is involved in the assembly of the Z ring. May serve as a membrane anchor for the Z ring	ftsA	-	ko:K03590	ko04112,map04112	ko00000,ko00001,ko03036,ko04812	FtsA,SHS2_FTSA
3225	GEA50585.1	1205908.AKXW01000146_gene1771	4.54e-266	731.0	COG0206@1|root,COG0206@2|Bacteria,1MV2X@1224|Proteobacteria,1RPZS@1236|Gammaproteobacteria,1XTKI@135623|Vibrionales	Essential cell division protein that forms a contractile ring structure (Z ring) at the future cell division site. The regulation of the ring assembly controls the timing and the location of cell division. One of the functions of the FtsZ ring is to recruit other cell division proteins to the septum to produce a new cell wall between the dividing cells. Binds GTP and shows GTPase activity	ftsZ	-	ko:K03531	ko04112,map04112	ko00000,ko00001,ko02048,ko03036,ko04812	FtsZ_C,Tubulin
3225	GEA50586.1	1205908.AKXW01000146_gene1770	2.99e-218	602.0	COG0774@1|root,COG0774@2|Bacteria,1MV6T@1224|Proteobacteria,1RQ72@1236|Gammaproteobacteria,1XU76@135623|Vibrionales	Catalyzes the hydrolysis of UDP-3-O-myristoyl-N- acetylglucosamine to form UDP-3-O-myristoylglucosamine and acetate, the committed step in lipid A biosynthesis	lpxC	GO:0003674,GO:0003824,GO:0005975,GO:0006629,GO:0006643,GO:0006644,GO:0006664,GO:0006793,GO:0006796,GO:0008150,GO:0008152,GO:0008610,GO:0008654,GO:0008759,GO:0009058,GO:0009245,GO:0009247,GO:0009311,GO:0009312,GO:0009987,GO:0016051,GO:0016787,GO:0016810,GO:0016811,GO:0019213,GO:0019637,GO:0044237,GO:0044238,GO:0044249,GO:0044255,GO:0046467,GO:0046493,GO:0071704,GO:0090407,GO:1901135,GO:1901137,GO:1901269,GO:1901271,GO:1901576,GO:1903509	ko:K02535	ko00540,ko01100,map00540,map01100	ko00000,ko00001,ko00002,ko01000,ko01005	LpxC
3225	GEA50587.1	1205908.AKXW01000146_gene1769	5.72e-99	288.0	COG4701@1|root,COG4701@2|Bacteria,1NHRC@1224|Proteobacteria,1S15U@1236|Gammaproteobacteria,1XY04@135623|Vibrionales	protein conserved in bacteria	-	-	-	-	-	DUF721
3225	GEA50588.1	1205908.AKXW01000146_gene1768	0.0	1664.0	COG0653@1|root,COG0653@2|Bacteria,1MUJZ@1224|Proteobacteria,1RM9M@1236|Gammaproteobacteria,1XTFQ@135623|Vibrionales	Part of the Sec protein translocase complex. Interacts with the SecYEG preprotein conducting channel. Has a central role in coupling the hydrolysis of ATP to the transfer of proteins into and across the cell membrane, serving both as a receptor for the preprotein-SecB complex and as an ATP-driven molecular motor driving the stepwise translocation of polypeptide chains across the membrane	secA	GO:0000166,GO:0002790,GO:0003674,GO:0003824,GO:0005215,GO:0005488,GO:0005524,GO:0005575,GO:0005622,GO:0005623,GO:0005737,GO:0005829,GO:0005886,GO:0005887,GO:0006810,GO:0008104,GO:0008144,GO:0008150,GO:0008320,GO:0008565,GO:0009306,GO:0009987,GO:0015031,GO:0015399,GO:0015405,GO:0015440,GO:0015450,GO:0015462,GO:0015833,GO:0016020,GO:0016021,GO:0016462,GO:0016787,GO:0016817,GO:0016818,GO:0016887,GO:0017076,GO:0017111,GO:0022804,GO:0022857,GO:0022884,GO:0030554,GO:0031224,GO:0031226,GO:0031522,GO:0032553,GO:0032555,GO:0032559,GO:0032940,GO:0032991,GO:0033036,GO:0033220,GO:0035639,GO:0036094,GO:0042623,GO:0042626,GO:0042886,GO:0042887,GO:0043167,GO:0043168,GO:0043492,GO:0043952,GO:0044424,GO:0044425,GO:0044444,GO:0044459,GO:0044464,GO:0045184,GO:0046903,GO:0051179,GO:0051234,GO:0055085,GO:0071702,GO:0071705,GO:0071806,GO:0071944,GO:0097159,GO:0097367,GO:1901265,GO:1901363,GO:1904680	ko:K03070	ko02024,ko03060,ko03070,map02024,map03060,map03070	ko00000,ko00001,ko00002,ko02044	SEC-C,SecA_DEAD,SecA_PP_bind,SecA_SW
3225	GEA50589.1	1205908.AKXW01000146_gene1767	3.19e-90	264.0	COG0494@1|root,COG0494@2|Bacteria,1RCZM@1224|Proteobacteria,1RS3S@1236|Gammaproteobacteria,1XXA4@135623|Vibrionales	Belongs to the Nudix hydrolase family	mutT	-	ko:K03574	-	ko00000,ko01000,ko03400	NUDIX
3225	GEA50590.1	1205908.AKXW01000146_gene1766	2.44e-182	508.0	COG0289@1|root,COG0289@2|Bacteria,1MUCT@1224|Proteobacteria,1RMCZ@1236|Gammaproteobacteria,1XU3A@135623|Vibrionales	Catalyzes the conversion of 4-hydroxy- tetrahydrodipicolinate (HTPA) to tetrahydrodipicolinate	dapB	GO:0003674,GO:0003824,GO:0005575,GO:0005622,GO:0005623,GO:0005737,GO:0005829,GO:0006082,GO:0006520,GO:0006553,GO:0006807,GO:0008150,GO:0008152,GO:0008652,GO:0008839,GO:0009058,GO:0009066,GO:0009067,GO:0009085,GO:0009089,GO:0009987,GO:0016053,GO:0016491,GO:0016627,GO:0016628,GO:0019752,GO:0019877,GO:0043436,GO:0043648,GO:0043650,GO:0044237,GO:0044238,GO:0044249,GO:0044281,GO:0044283,GO:0044424,GO:0044444,GO:0044464,GO:0046394,GO:0046451,GO:0055114,GO:0071704,GO:1901564,GO:1901566,GO:1901576,GO:1901605,GO:1901607	ko:K00215	ko00261,ko00300,ko01100,ko01110,ko01120,ko01130,ko01230,map00261,map00300,map01100,map01110,map01120,map01130,map01230	ko00000,ko00001,ko00002,ko01000	DapB_C,DapB_N
3225	GEA50591.1	1205908.AKXW01000146_gene1765	8.55e-276	754.0	COG0505@1|root,COG0505@2|Bacteria,1MUB9@1224|Proteobacteria,1RMAW@1236|Gammaproteobacteria,1XV0G@135623|Vibrionales	carbamoyl-phosphate synthetase glutamine chain	carA	GO:0000050,GO:0003674,GO:0003824,GO:0004088,GO:0005575,GO:0005622,GO:0005623,GO:0005737,GO:0005951,GO:0006082,GO:0006139,GO:0006220,GO:0006221,GO:0006520,GO:0006525,GO:0006526,GO:0006725,GO:0006753,GO:0006793,GO:0006796,GO:0006807,GO:0008150,GO:0008152,GO:0008652,GO:0009058,GO:0009064,GO:0009084,GO:0009117,GO:0009165,GO:0009218,GO:0009220,GO:0009259,GO:0009260,GO:0009987,GO:0016053,GO:0016874,GO:0016879,GO:0016884,GO:0018130,GO:0019438,GO:0019627,GO:0019637,GO:0019693,GO:0019752,GO:0032991,GO:0034641,GO:0034654,GO:0043436,GO:0043603,GO:0043604,GO:0044237,GO:0044238,GO:0044249,GO:0044271,GO:0044281,GO:0044283,GO:0044424,GO:0044444,GO:0044464,GO:0046390,GO:0046394,GO:0046483,GO:0055086,GO:0071704,GO:0071941,GO:0072527,GO:0072528,GO:0090407,GO:1901135,GO:1901137,GO:1901293,GO:1901360,GO:1901362,GO:1901564,GO:1901566,GO:1901576,GO:1901605,GO:1901607,GO:1902494	ko:K01956	ko00240,ko00250,ko01100,map00240,map00250,map01100	ko00000,ko00001,ko00002,ko01000	CPSase_sm_chain,GATase
3225	GEA50592.1	1205908.AKXW01000146_gene1764	0.0	2091.0	COG0458@1|root,COG0458@2|Bacteria,1MUDZ@1224|Proteobacteria,1RPIU@1236|Gammaproteobacteria,1XSNU@135623|Vibrionales	Carbamoyl-phosphate synthetase ammonia chain	carB	GO:0000050,GO:0003674,GO:0003824,GO:0004087,GO:0004088,GO:0005575,GO:0005622,GO:0005623,GO:0005737,GO:0006082,GO:0006139,GO:0006220,GO:0006221,GO:0006520,GO:0006525,GO:0006526,GO:0006725,GO:0006753,GO:0006793,GO:0006796,GO:0006807,GO:0008150,GO:0008152,GO:0008652,GO:0009058,GO:0009064,GO:0009084,GO:0009117,GO:0009165,GO:0009218,GO:0009220,GO:0009259,GO:0009260,GO:0009987,GO:0016053,GO:0016874,GO:0016879,GO:0016884,GO:0018130,GO:0019438,GO:0019627,GO:0019637,GO:0019693,GO:0019752,GO:0034641,GO:0034654,GO:0043436,GO:0043603,GO:0043604,GO:0044237,GO:0044238,GO:0044249,GO:0044271,GO:0044281,GO:0044283,GO:0044424,GO:0044464,GO:0046390,GO:0046394,GO:0046483,GO:0055086,GO:0071704,GO:0071941,GO:0072527,GO:0072528,GO:0090407,GO:1901135,GO:1901137,GO:1901293,GO:1901360,GO:1901362,GO:1901564,GO:1901566,GO:1901576,GO:1901605,GO:1901607	ko:K01955	ko00240,ko00250,ko01100,map00240,map00250,map01100	ko00000,ko00001,ko00002,ko01000	CPSase_L_D2,CPSase_L_D3,MGS
3225	GEA50593.1	1205908.AKXW01000146_gene1763	8.24e-174	486.0	COG0730@1|root,COG0730@2|Bacteria,1MXNM@1224|Proteobacteria,1RRH4@1236|Gammaproteobacteria,1XSXB@135623|Vibrionales	membrane transporter protein	-	-	ko:K07090	-	ko00000	TauE
3225	GEA50594.1	1219080.VEZ01S_38_00840	1.13e-154	440.0	COG0583@1|root,COG0583@2|Bacteria,1NEWE@1224|Proteobacteria,1SMGR@1236|Gammaproteobacteria,1XUDG@135623|Vibrionales	COG0583 Transcriptional regulator	VP0475	GO:0003674,GO:0003700,GO:0006355,GO:0008150,GO:0009889,GO:0010468,GO:0010556,GO:0019219,GO:0019222,GO:0031323,GO:0031326,GO:0050789,GO:0050794,GO:0051171,GO:0051252,GO:0060255,GO:0065007,GO:0080090,GO:0140110,GO:1903506,GO:2000112,GO:2001141	-	-	-	HTH_1,LysR_substrate
3225	GEA50595.1	1205908.AKXW01000146_gene1762	7.19e-137	388.0	COG2860@1|root,COG2860@2|Bacteria,1RHQN@1224|Proteobacteria,1S5YY@1236|Gammaproteobacteria,1XV4W@135623|Vibrionales	membrane	yadS	GO:0005575,GO:0005623,GO:0005886,GO:0016020,GO:0044464,GO:0071944	-	-	-	UPF0126
3225	GEA50596.1	1205908.AKXW01000146_gene1761	9.62e-154	433.0	COG0775@1|root,COG0775@2|Bacteria,1MY5S@1224|Proteobacteria,1RNSF@1236|Gammaproteobacteria,1XTZ2@135623|Vibrionales	Catalyzes the irreversible cleavage of the glycosidic bond in both 5'-methylthioadenosine (MTA) and S- adenosylhomocysteine (SAH AdoHcy) to adenine and the corresponding thioribose, 5'-methylthioribose and S-ribosylhomocysteine, respectively	mtnN	GO:0003674,GO:0003824,GO:0008477,GO:0008782,GO:0008930,GO:0016787,GO:0016798,GO:0016799	ko:K01243	ko00270,ko01100,ko01230,map00270,map01100,map01230	ko00000,ko00001,ko00002,ko01000	PNP_UDP_1
3225	GEA50597.1	1205908.AKXW01000146_gene1760	2.04e-85	253.0	COG4446@1|root,COG4446@2|Bacteria,1N7IZ@1224|Proteobacteria,1SCZH@1236|Gammaproteobacteria,1XXE2@135623|Vibrionales	protein conserved in bacteria	-	-	-	-	-	DUF1499
3225	GEA50598.1	1205908.AKXW01000146_gene1759	0.0	936.0	COG0493@1|root,COG0493@2|Bacteria,1MU2H@1224|Proteobacteria,1RMY7@1236|Gammaproteobacteria,1XV02@135623|Vibrionales	COG0493 NADPH-dependent glutamate synthase beta chain and related oxidoreductases	gltD	-	ko:K00266	ko00250,ko00910,ko01100,ko01110,ko01120,ko01130,ko01230,map00250,map00910,map01100,map01110,map01120,map01130,map01230	ko00000,ko00001,ko01000	Fer4_20,Pyr_redox_2
3225	GEA50599.1	1205908.AKXW01000146_gene1758	0.0	2849.0	COG0067@1|root,COG0069@1|root,COG0070@1|root,COG0067@2|Bacteria,COG0069@2|Bacteria,COG0070@2|Bacteria,1MU7B@1224|Proteobacteria,1RN2W@1236|Gammaproteobacteria,1XSWZ@135623|Vibrionales	Glutamate synthase	gltB	-	ko:K00265	ko00250,ko00910,ko01100,ko01110,ko01120,ko01130,ko01230,map00250,map00910,map01100,map01110,map01120,map01130,map01230	ko00000,ko00001,ko01000	GATase_2,GXGXG,Glu_syn_central,Glu_synthase
3225	GEA50600.1	1205908.AKXW01000146_gene1757	0.0	984.0	COG0493@1|root,COG0493@2|Bacteria,1MU2H@1224|Proteobacteria,1RMY7@1236|Gammaproteobacteria,1XSFD@135623|Vibrionales	COG0493 NADPH-dependent glutamate synthase beta chain and related oxidoreductases	gltD	-	ko:K00266	ko00250,ko00910,ko01100,ko01110,ko01120,ko01130,ko01230,map00250,map00910,map01100,map01110,map01120,map01130,map01230	ko00000,ko00001,ko01000	Fer4_20,Pyr_redox_2
3225	GEA50601.1	1205908.AKXW01000146_gene1756	0.0	2951.0	COG0067@1|root,COG0069@1|root,COG0070@1|root,COG0067@2|Bacteria,COG0069@2|Bacteria,COG0070@2|Bacteria,1MU7B@1224|Proteobacteria,1RN2W@1236|Gammaproteobacteria,1XTQD@135623|Vibrionales	Glutamate synthase	gltB	-	ko:K00265	ko00250,ko00910,ko01100,ko01110,ko01120,ko01130,ko01230,map00250,map00910,map01100,map01110,map01120,map01130,map01230	ko00000,ko00001,ko01000	GATase_2,GXGXG,Glu_syn_central,Glu_synthase
3225	GEA50602.1	1205908.AKXW01000146_gene1755	2.28e-221	610.0	COG1242@1|root,COG1242@2|Bacteria,1MUYF@1224|Proteobacteria,1RP94@1236|Gammaproteobacteria,1XSN0@135623|Vibrionales	Radical_SAM C-terminal domain	yhcC	-	ko:K07139	-	ko00000	Radical_SAM,Radical_SAM_C
3225	GEA50603.1	1205908.AKXW01000146_gene1754	0.0	1471.0	COG0642@1|root,COG0784@1|root,COG2198@1|root,COG0784@2|Bacteria,COG2198@2|Bacteria,COG2205@2|Bacteria,1NRP8@1224|Proteobacteria,1SKTW@1236|Gammaproteobacteria,1XSC0@135623|Vibrionales	aerobic respiration control sensor protein	arcB	-	ko:K07648	ko02020,ko02026,map02020,map02026	ko00000,ko00001,ko00002,ko01000,ko01001,ko02022	HATPase_c,HisKA,Hpt,PAS,PAS_4,Response_reg
3225	GEA50604.1	1205908.AKXW01000146_gene1753	2.7e-98	286.0	2AW44@1|root,31MZ1@2|Bacteria,1QJQS@1224|Proteobacteria,1THS1@1236|Gammaproteobacteria,1XXCN@135623|Vibrionales	-	-	-	-	-	-	-
3225	GEA50605.1	1205908.AKXW01000146_gene1752	8.68e-168	469.0	COG0745@1|root,COG0745@2|Bacteria,1MWJG@1224|Proteobacteria,1RPU3@1236|Gammaproteobacteria,1XV50@135623|Vibrionales	COG0745 Response regulators consisting of a CheY-like receiver domain and a winged-helix DNA-binding domain	arcA	-	ko:K07773	ko02020,ko02026,map02020,map02026	ko00000,ko00001,ko00002,ko02022	Response_reg,Trans_reg_C
3225	GEA50606.1	1205908.AKXW01000146_gene1751	1.9e-104	303.0	28WAX@1|root,2ZIBD@2|Bacteria,1P4EX@1224|Proteobacteria,1SV3G@1236|Gammaproteobacteria,1XY5B@135623|Vibrionales	-	-	-	-	-	-	-
3225	GEA50608.1	1205908.AKXW01000146_gene1750	0.0	1547.0	COG0460@1|root,COG0527@1|root,COG0460@2|Bacteria,COG0527@2|Bacteria,1MW3H@1224|Proteobacteria,1RN1G@1236|Gammaproteobacteria,1XU62@135623|Vibrionales	Bifunctional aspartokinase I homoserine dehydrogenase I	thrA	-	ko:K12524	ko00260,ko00261,ko00270,ko00300,ko01100,ko01110,ko01120,ko01130,ko01230,map00260,map00261,map00270,map00300,map01100,map01110,map01120,map01130,map01230	ko00000,ko00001,ko00002,ko01000	AA_kinase,ACT,ACT_7,Homoserine_dh,NAD_binding_3
3225	GEA50609.1	1205908.AKXW01000146_gene1749	2.91e-228	629.0	COG0083@1|root,COG0083@2|Bacteria,1MW8I@1224|Proteobacteria,1RMYR@1236|Gammaproteobacteria,1XU46@135623|Vibrionales	Catalyzes the ATP-dependent phosphorylation of L- homoserine to L-homoserine phosphate	thrB	GO:0000096,GO:0000097,GO:0003674,GO:0003824,GO:0004413,GO:0005575,GO:0005622,GO:0005623,GO:0005737,GO:0005829,GO:0006082,GO:0006520,GO:0006555,GO:0006566,GO:0006790,GO:0006793,GO:0006796,GO:0006807,GO:0008150,GO:0008152,GO:0008652,GO:0009058,GO:0009066,GO:0009067,GO:0009069,GO:0009086,GO:0009088,GO:0009092,GO:0009987,GO:0016053,GO:0016301,GO:0016310,GO:0016740,GO:0016772,GO:0016773,GO:0019202,GO:0019752,GO:0043436,GO:0044237,GO:0044238,GO:0044249,GO:0044272,GO:0044281,GO:0044283,GO:0044424,GO:0044444,GO:0044464,GO:0046394,GO:0071704,GO:1901564,GO:1901566,GO:1901576,GO:1901605,GO:1901607	ko:K00872	ko00260,ko01100,ko01110,ko01120,ko01230,map00260,map01100,map01110,map01120,map01230	ko00000,ko00001,ko00002,ko01000	GHMP_kinases_C,GHMP_kinases_N
3225	GEA50610.1	1205908.AKXW01000146_gene1748	6.67e-299	816.0	COG0498@1|root,COG0498@2|Bacteria,1MUWQ@1224|Proteobacteria,1RQ0H@1236|Gammaproteobacteria,1XT55@135623|Vibrionales	Threonine synthase	thrC	-	ko:K01733	ko00260,ko00750,ko01100,ko01110,ko01120,ko01230,map00260,map00750,map01100,map01110,map01120,map01230	ko00000,ko00001,ko00002,ko01000	PALP,Thr_synth_N
3225	GEA50611.1	1205908.AKXW01000146_gene1747	2.84e-82	243.0	COG3445@1|root,COG3445@2|Bacteria,1RDRB@1224|Proteobacteria,1S45G@1236|Gammaproteobacteria,1XX0C@135623|Vibrionales	Acts as a radical domain for damaged PFL and possibly other radical proteins	grcA	GO:0003674,GO:0003824,GO:0006082,GO:0006520,GO:0006566,GO:0006567,GO:0006807,GO:0008150,GO:0008152,GO:0008861,GO:0009056,GO:0009063,GO:0009066,GO:0009068,GO:0009987,GO:0016054,GO:0016407,GO:0016408,GO:0016453,GO:0016740,GO:0016746,GO:0016747,GO:0019752,GO:0043436,GO:0044237,GO:0044238,GO:0044248,GO:0044281,GO:0044282,GO:0046395,GO:0071704,GO:1901564,GO:1901565,GO:1901575,GO:1901605,GO:1901606	ko:K06866	-	ko00000	Gly_radical
3225	GEA50612.1	1205908.AKXW01000146_gene1746	1.41e-205	568.0	COG0648@1|root,COG0648@2|Bacteria,1MX4Y@1224|Proteobacteria,1RQ60@1236|Gammaproteobacteria,1XSWK@135623|Vibrionales	Endonuclease IV plays a role in DNA repair. It cleaves phosphodiester bonds at apurinic or apyrimidinic sites (AP sites) to produce new 5'-ends that are base-free deoxyribose 5-phosphate residues. It preferentially attacks modified AP sites created by bleomycin and neocarzinostatin	nfo	GO:0003674,GO:0003824,GO:0003906,GO:0004518,GO:0004519,GO:0004520,GO:0004536,GO:0006139,GO:0006259,GO:0006281,GO:0006284,GO:0006725,GO:0006807,GO:0006950,GO:0006974,GO:0008081,GO:0008150,GO:0008152,GO:0008833,GO:0009987,GO:0016787,GO:0016788,GO:0016888,GO:0016893,GO:0033554,GO:0034641,GO:0042578,GO:0043170,GO:0044237,GO:0044238,GO:0044260,GO:0046483,GO:0050896,GO:0051716,GO:0071704,GO:0090304,GO:0090305,GO:0140097,GO:1901360	ko:K01151	ko03410,map03410	ko00000,ko00001,ko01000,ko03400	AP_endonuc_2
3225	GEA50613.1	1205908.AKXW01000146_gene1745	5.63e-154	433.0	COG0692@1|root,COG0692@2|Bacteria,1MV80@1224|Proteobacteria,1RPDH@1236|Gammaproteobacteria,1XU4K@135623|Vibrionales	Excises uracil residues from the DNA which can arise as a result of misincorporation of dUMP residues by DNA polymerase or due to deamination of cytosine	ung	GO:0003674,GO:0003824,GO:0004844,GO:0006139,GO:0006259,GO:0006281,GO:0006284,GO:0006285,GO:0006725,GO:0006807,GO:0006950,GO:0006974,GO:0008150,GO:0008152,GO:0009987,GO:0016787,GO:0016798,GO:0016799,GO:0019104,GO:0033554,GO:0034641,GO:0043170,GO:0044237,GO:0044238,GO:0044260,GO:0046483,GO:0050896,GO:0051716,GO:0071704,GO:0090304,GO:0097506,GO:0097510,GO:0140097,GO:1901360	ko:K03648	ko03410,ko05340,map03410,map05340	ko00000,ko00001,ko01000,ko03400	UDG
3225	GEA50614.1	1205908.AKXW01000146_gene1744	3.5e-120	344.0	COG3945@1|root,COG3945@2|Bacteria,1NDGV@1224|Proteobacteria,1SGA3@1236|Gammaproteobacteria,1XWZS@135623|Vibrionales	Hemerythrin HHE cation binding domain	-	-	-	-	-	Hemerythrin
3225	GEA50615.1	1205908.AKXW01000146_gene1743	2.14e-32	112.0	2EJCD@1|root,33D3F@2|Bacteria,1NGUI@1224|Proteobacteria,1SHIH@1236|Gammaproteobacteria,1XZ06@135623|Vibrionales	Protein of unknown function (DUF3545)	-	-	-	-	-	DUF3545
3225	GEA50616.1	1219072.VHA01S_034_00060	5.29e-299	822.0	COG1115@1|root,COG1115@2|Bacteria,1MUI3@1224|Proteobacteria,1RMNF@1236|Gammaproteobacteria,1XTS9@135623|Vibrionales	alanine symporter	yaaJ	-	ko:K03310	-	ko00000	Na_Ala_symp
3225	GEA50617.1	1205908.AKXW01000146_gene1741	8.64e-178	496.0	COG3022@1|root,COG3022@2|Bacteria,1MUAF@1224|Proteobacteria,1RMTD@1236|Gammaproteobacteria,1XUFU@135623|Vibrionales	Belongs to the UPF0246 family	yaaA	GO:0005575,GO:0005622,GO:0005623,GO:0005737,GO:0005829,GO:0006950,GO:0006979,GO:0008150,GO:0033194,GO:0042221,GO:0044424,GO:0044444,GO:0044464,GO:0050896,GO:1901700	ko:K09861	-	ko00000	H2O2_YaaD
3225	GEA50618.1	1205908.AKXW01000146_gene1740	3.89e-113	326.0	COG1670@1|root,COG1670@2|Bacteria,1NH44@1224|Proteobacteria,1S1ZW@1236|Gammaproteobacteria,1Y26X@135623|Vibrionales	Acetyltransferase (GNAT) domain	-	-	-	-	-	Acetyltransf_3
3225	GEA50619.1	1205908.AKXW01000146_gene1739	1.23e-91	268.0	COG0346@1|root,COG0346@2|Bacteria,1N116@1224|Proteobacteria,1S4X5@1236|Gammaproteobacteria,1XWYD@135623|Vibrionales	COG0346 Lactoylglutathione lyase and related lyases	-	-	ko:K07032	-	ko00000	Glyoxalase
3225	GEA50620.1	1205908.AKXW01000146_gene1738	3.7e-279	764.0	COG0513@1|root,COG0513@2|Bacteria,1MU49@1224|Proteobacteria,1RMWA@1236|Gammaproteobacteria,1XSEA@135623|Vibrionales	DEAD-box RNA helicase involved in the assembly of the 50S ribosomal subunit at low temperature. Exhibits RNA-stimulated ATP hydrolysis and RNA unwinding activity	srmB	-	ko:K05590	-	ko00000,ko01000,ko03009	DEAD,Helicase_C
3225	GEA50621.1	1205908.AKXW01000146_gene1737	6.06e-145	411.0	COG4123@1|root,COG4123@2|Bacteria,1PC8R@1224|Proteobacteria,1RM8S@1236|Gammaproteobacteria,1XTHE@135623|Vibrionales	Specifically methylates the adenine in position 37 of tRNA(1)(Val) (anticodon cmo5UAC)	yfiC	GO:0001510,GO:0003674,GO:0003824,GO:0005575,GO:0005622,GO:0005623,GO:0005737,GO:0006139,GO:0006396,GO:0006399,GO:0006400,GO:0006725,GO:0006807,GO:0008033,GO:0008150,GO:0008152,GO:0008168,GO:0008170,GO:0008173,GO:0008175,GO:0008757,GO:0009451,GO:0009987,GO:0010467,GO:0016070,GO:0016426,GO:0016430,GO:0016740,GO:0016741,GO:0030488,GO:0032259,GO:0034470,GO:0034641,GO:0034660,GO:0043170,GO:0043412,GO:0043414,GO:0044237,GO:0044238,GO:0044260,GO:0044424,GO:0044464,GO:0046483,GO:0071704,GO:0090304,GO:0140098,GO:0140101,GO:1901360	ko:K15460	-	ko00000,ko01000,ko03016	MTS
3225	GEA50622.1	1205908.AKXW01000146_gene1736	4.23e-281	771.0	COG1114@1|root,COG1114@2|Bacteria,1MVIF@1224|Proteobacteria,1RR3P@1236|Gammaproteobacteria,1XTP0@135623|Vibrionales	Component of the transport system for branched-chain amino acids	brnQ	-	ko:K03311	-	ko00000	Branch_AA_trans
3225	GEA50623.1	1205908.AKXW01000146_gene1735	2.95e-123	351.0	COG0716@1|root,COG0716@2|Bacteria,1QRBW@1224|Proteobacteria,1RMED@1236|Gammaproteobacteria,1XSJG@135623|Vibrionales	Low-potential electron donor to a number of redox enzymes	fldB	-	ko:K03840	-	ko00000	Flavodoxin_1
3225	GEA50624.1	1205908.AKXW01000146_gene1734	2.58e-205	569.0	COG4974@1|root,COG4974@2|Bacteria,1MVNF@1224|Proteobacteria,1RPI8@1236|Gammaproteobacteria,1XT87@135623|Vibrionales	recombinase XerD	xerD	GO:0000150,GO:0003674,GO:0003824,GO:0006139,GO:0006259,GO:0006310,GO:0006725,GO:0006807,GO:0008150,GO:0008152,GO:0009009,GO:0009987,GO:0034641,GO:0043170,GO:0044237,GO:0044238,GO:0044260,GO:0046483,GO:0071704,GO:0090304,GO:0140097,GO:1901360	ko:K04763	-	ko00000,ko03036	Phage_int_SAM_1,Phage_integrase
3225	GEA50625.1	1205908.AKXW01000146_gene1733	1.17e-165	464.0	COG1651@1|root,COG1651@2|Bacteria,1RD39@1224|Proteobacteria,1S3U8@1236|Gammaproteobacteria,1XSD4@135623|Vibrionales	Required for disulfide bond formation in some periplasmic proteins. Acts by transferring its disulfide bond to other proteins and is reduced in the process	dsbC	-	ko:K03981	-	ko00000,ko01000,ko02044,ko03110	DsbC_N,Thioredoxin_2
3225	GEA50626.1	1205908.AKXW01000146_gene1732	0.0	1121.0	COG0608@1|root,COG0608@2|Bacteria,1MU1M@1224|Proteobacteria,1RMF4@1236|Gammaproteobacteria,1XTR9@135623|Vibrionales	exonuclease recj	recJ	-	ko:K07462	ko03410,ko03430,ko03440,map03410,map03430,map03440	ko00000,ko00001,ko01000,ko03400	DHH,DHHA1
3225	GEA50627.1	1205908.AKXW01000146_gene1731	3.51e-200	555.0	COG1186@1|root,COG1186@2|Bacteria,1MUAW@1224|Proteobacteria,1RP9Z@1236|Gammaproteobacteria,1XSN5@135623|Vibrionales	Peptide chain release factor 2 directs the termination of translation in response to the peptide chain termination codons UGA and UAA	prfB	-	ko:K02836	-	ko00000,ko03012	PCRF,RF-1
3225	GEA50628.1	1051646.VITU9109_21579	0.0	975.0	COG1190@1|root,COG1190@2|Bacteria,1MX1V@1224|Proteobacteria,1RMJN@1236|Gammaproteobacteria,1XSNE@135623|Vibrionales	Belongs to the class-II aminoacyl-tRNA synthetase family	lysS	GO:0003674,GO:0003824,GO:0004812,GO:0004824,GO:0006082,GO:0006139,GO:0006399,GO:0006412,GO:0006418,GO:0006430,GO:0006518,GO:0006520,GO:0006725,GO:0006807,GO:0008150,GO:0008152,GO:0009058,GO:0009059,GO:0009987,GO:0010467,GO:0016070,GO:0016874,GO:0016875,GO:0019538,GO:0019752,GO:0034641,GO:0034645,GO:0034660,GO:0043038,GO:0043039,GO:0043043,GO:0043170,GO:0043436,GO:0043603,GO:0043604,GO:0044237,GO:0044238,GO:0044249,GO:0044260,GO:0044267,GO:0044271,GO:0044281,GO:0046483,GO:0071704,GO:0090304,GO:0140098,GO:0140101,GO:1901360,GO:1901564,GO:1901566,GO:1901576	ko:K04567	ko00970,map00970	ko00000,ko00001,ko00002,ko01000,ko01007,ko03016	tRNA-synt_2,tRNA_anti-codon
3225	GEA50629.1	1205908.AKXW01000146_gene1729	2.64e-93	273.0	COG0517@1|root,COG0517@2|Bacteria,1N0EB@1224|Proteobacteria,1S9TG@1236|Gammaproteobacteria,1XX1F@135623|Vibrionales	acetoin utilization protein	-	-	-	-	-	CBS
3225	GEA50630.1	1205908.AKXW01000146_gene1728	6.51e-247	678.0	COG0809@1|root,COG0809@2|Bacteria,1MUH3@1224|Proteobacteria,1RMKW@1236|Gammaproteobacteria,1XTWP@135623|Vibrionales	Transfers and isomerizes the ribose moiety from AdoMet to the 7-aminomethyl group of 7-deazaguanine (preQ1-tRNA) to give epoxyqueuosine (oQ-tRNA)	queA	GO:0002097,GO:0002099,GO:0003674,GO:0003824,GO:0006139,GO:0006396,GO:0006399,GO:0006400,GO:0006725,GO:0006807,GO:0008033,GO:0008150,GO:0008152,GO:0008616,GO:0009058,GO:0009116,GO:0009119,GO:0009163,GO:0009451,GO:0009987,GO:0010467,GO:0016070,GO:0016740,GO:0016853,GO:0018130,GO:0019438,GO:0034404,GO:0034470,GO:0034641,GO:0034654,GO:0034660,GO:0042455,GO:0043170,GO:0043412,GO:0044237,GO:0044238,GO:0044249,GO:0044271,GO:0044281,GO:0044283,GO:0046116,GO:0046483,GO:0051075,GO:0055086,GO:0071704,GO:0090304,GO:0140098,GO:0140101,GO:1901135,GO:1901137,GO:1901360,GO:1901362,GO:1901564,GO:1901566,GO:1901576,GO:1901657,GO:1901659	ko:K07568	-	ko00000,ko01000,ko03016	Queuosine_synth
3225	GEA50631.1	1205908.AKXW01000146_gene1727	1.11e-284	776.0	COG0343@1|root,COG0343@2|Bacteria,1MUCA@1224|Proteobacteria,1RMY3@1236|Gammaproteobacteria,1XTCG@135623|Vibrionales	Catalyzes the base-exchange of a guanine (G) residue with the queuine precursor 7-aminomethyl-7-deazaguanine (PreQ1) at position 34 (anticodon wobble position) in tRNAs with GU(N) anticodons (tRNA-Asp, -Asn, -His and -Tyr). Catalysis occurs through a double-displacement mechanism. The nucleophile active site attacks the C1' of nucleotide 34 to detach the guanine base from the RNA, forming a covalent enzyme-RNA intermediate. The proton acceptor active site deprotonates the incoming PreQ1, allowing a nucleophilic attack on the C1' of the ribose to form the product. After dissociation, two additional enzymatic reactions on the tRNA convert PreQ1 to queuine (Q), resulting in the hypermodified nucleoside queuosine (7-(((4,5-cis-dihydroxy-2- cyclopenten-1-yl)amino)methyl)-7-deazaguanosine)	tgt	GO:0003674,GO:0003824,GO:0005575,GO:0005622,GO:0005623,GO:0005737,GO:0006139,GO:0006396,GO:0006399,GO:0006400,GO:0006725,GO:0006807,GO:0008033,GO:0008150,GO:0008152,GO:0008479,GO:0008616,GO:0009058,GO:0009116,GO:0009119,GO:0009163,GO:0009451,GO:0009987,GO:0010467,GO:0016070,GO:0016740,GO:0016757,GO:0016763,GO:0018130,GO:0019438,GO:0034404,GO:0034470,GO:0034641,GO:0034654,GO:0034660,GO:0042455,GO:0043170,GO:0043412,GO:0044237,GO:0044238,GO:0044249,GO:0044271,GO:0044281,GO:0044283,GO:0044424,GO:0044464,GO:0046116,GO:0046483,GO:0055086,GO:0071704,GO:0090304,GO:0140098,GO:0140101,GO:1901135,GO:1901137,GO:1901360,GO:1901362,GO:1901564,GO:1901566,GO:1901576,GO:1901657,GO:1901659	ko:K00773	-	ko00000,ko01000,ko03016	TGT
3225	GEA50632.1	1205908.AKXW01000146_gene1726	2.67e-69	209.0	COG1862@1|root,COG1862@2|Bacteria,1MZT2@1224|Proteobacteria,1S9NV@1236|Gammaproteobacteria,1XXBH@135623|Vibrionales	Preprotein translocase subunit YajC	yajC	-	ko:K03210	ko02024,ko03060,ko03070,map02024,map03060,map03070	ko00000,ko00001,ko00002,ko02044	YajC
3225	GEA50633.1	1205908.AKXW01000146_gene1725	0.0	1110.0	COG0342@1|root,COG0342@2|Bacteria,1MV5U@1224|Proteobacteria,1RMIQ@1236|Gammaproteobacteria,1XSE8@135623|Vibrionales	Part of the Sec protein translocase complex. Interacts with the SecYEG preprotein conducting channel. SecDF uses the proton motive force (PMF) to complete protein translocation after the ATP-dependent function of SecA	secD	-	ko:K03072	ko03060,ko03070,map03060,map03070	ko00000,ko00001,ko00002,ko02044	SecD-TM1,SecD_SecF,Sec_GG
3225	GEA50634.1	1205908.AKXW01000146_gene1724	9.11e-208	576.0	COG0341@1|root,COG0341@2|Bacteria,1MU74@1224|Proteobacteria,1RNTY@1236|Gammaproteobacteria,1XTB0@135623|Vibrionales	Part of the Sec protein translocase complex. Interacts with the SecYEG preprotein conducting channel. SecDF uses the proton motive force (PMF) to complete protein translocation after the ATP-dependent function of SecA	secF	-	ko:K03074	ko03060,ko03070,map03060,map03070	ko00000,ko00001,ko00002,ko02044	SecD_SecF,Sec_GG
3225	GEA50635.1	1205908.AKXW01000146_gene1723	3.38e-94	275.0	COG1047@1|root,COG1047@2|Bacteria,1RHD1@1224|Proteobacteria,1S5YP@1236|Gammaproteobacteria,1XWVG@135623|Vibrionales	COG1047 FKBP-type peptidyl-prolyl cis-trans isomerases 2	fkpB	-	ko:K03774	-	ko00000,ko01000,ko03110	FKBP_C
3225	GEA50636.1	1205908.AKXW01000146_gene1722	6.79e-222	612.0	COG0761@1|root,COG0761@2|Bacteria,1MU7G@1224|Proteobacteria,1RMN8@1236|Gammaproteobacteria,1XTYD@135623|Vibrionales	Catalyzes the conversion of 1-hydroxy-2-methyl-2-(E)- butenyl 4-diphosphate (HMBPP) into a mixture of isopentenyl diphosphate (IPP) and dimethylallyl diphosphate (DMAPP). Acts in the terminal step of the DOXP MEP pathway for isoprenoid precursor biosynthesis	ispH	-	ko:K03527	ko00900,ko01100,ko01110,ko01130,map00900,map01100,map01110,map01130	ko00000,ko00001,ko00002,ko01000	LYTB
3225	GEA50637.1	1205908.AKXW01000146_gene1721	0.0	931.0	COG1966@1|root,COG1966@2|Bacteria,1MWF9@1224|Proteobacteria,1RMG4@1236|Gammaproteobacteria,1XSKR@135623|Vibrionales	Carbon starvation protein	cstA	-	-	-	-	CstA,CstA_5TM
3225	GEA50638.1	1205908.AKXW01000146_gene1720	2.47e-74	223.0	2ED5M@1|root,3372C@2|Bacteria,1N2Z7@1224|Proteobacteria,1SEVD@1236|Gammaproteobacteria,1XY03@135623|Vibrionales	Protein of unknown function (DUF2799)	-	-	-	-	-	DUF2799
3225	GEA50639.1	1205908.AKXW01000146_gene1719	1.32e-182	511.0	COG2103@1|root,COG2103@2|Bacteria,1MVDR@1224|Proteobacteria,1RN3P@1236|Gammaproteobacteria,1XUH3@135623|Vibrionales	Specifically catalyzes the cleavage of the D-lactyl ether substituent of MurNAc 6-phosphate, producing GlcNAc 6- phosphate and D-lactate. Together with AnmK, is also required for the utilization of anhydro-N-acetylmuramic acid (anhMurNAc) either imported from the medium or derived from its own cell wall murein, and thus plays a role in cell wall recycling	murQ	-	ko:K07106	ko00520,ko01100,map00520,map01100	ko00000,ko00001,ko01000	SIS,SIS_2
3225	GEA50640.1	1205908.AKXW01000146_gene1718	1.12e-249	687.0	COG2377@1|root,COG2377@2|Bacteria,1MV4E@1224|Proteobacteria,1RNTZ@1236|Gammaproteobacteria,1XTEE@135623|Vibrionales	Catalyzes the specific phosphorylation of 1,6-anhydro-N- acetylmuramic acid (anhMurNAc) with the simultaneous cleavage of the 1,6-anhydro ring, generating MurNAc-6-P. Is required for the utilization of anhMurNAc either imported from the medium or derived from its own cell wall murein, and thus plays a role in cell wall recycling	anmK	-	ko:K09001	-	ko00000,ko01000	AnmK
3225	GEA50641.1	1205908.AKXW01000146_gene1717	7.96e-226	623.0	COG1472@1|root,COG1472@2|Bacteria,1MVAJ@1224|Proteobacteria,1RMQF@1236|Gammaproteobacteria,1XU7E@135623|Vibrionales	Plays a role in peptidoglycan recycling by cleaving the terminal beta-1,4-linked N-acetylglucosamine (GlcNAc) from peptide-linked peptidoglycan fragments, giving rise to free GlcNAc, anhydro-N-acetylmuramic acid and anhydro-N-acetylmuramic acid-linked peptides	nagZ	GO:0000270,GO:0003674,GO:0003824,GO:0004553,GO:0004563,GO:0006022,GO:0006807,GO:0008150,GO:0008152,GO:0009254,GO:0009273,GO:0009987,GO:0015929,GO:0016787,GO:0016798,GO:0030203,GO:0042546,GO:0043170,GO:0044085,GO:0071554,GO:0071704,GO:0071840,GO:1901135,GO:1901564	ko:K01207	ko00520,ko00531,ko01100,ko01501,map00520,map00531,map01100,map01501	ko00000,ko00001,ko00002,ko01000	Glyco_hydro_3
3225	GEA50642.1	1205908.AKXW01000146_gene1716	9.18e-156	439.0	COG3279@1|root,COG3279@2|Bacteria,1MUE8@1224|Proteobacteria,1RMJJ@1236|Gammaproteobacteria,1XU8Z@135623|Vibrionales	COG3279 Response regulator of the LytR AlgR family	yehT	GO:0000156,GO:0000160,GO:0003674,GO:0007154,GO:0007165,GO:0008150,GO:0009987,GO:0023052,GO:0035556,GO:0050789,GO:0050794,GO:0050896,GO:0051716,GO:0060089,GO:0065007	ko:K02477	-	ko00000,ko02022	LytTR,Response_reg
3225	GEA50643.1	1205908.AKXW01000146_gene1715	0.0	1012.0	COG3275@1|root,COG3275@2|Bacteria,1QUB1@1224|Proteobacteria,1T1RX@1236|Gammaproteobacteria,1XU1C@135623|Vibrionales	regulator of cell autolysis	yehU	-	ko:K02478	-	ko00000,ko01000,ko01001,ko02022	5TM-5TMR_LYT,GAF_3,His_kinase,SpoVT_C
3225	GEA50644.1	1205908.AKXW01000146_gene1714	2.71e-258	708.0	COG0722@1|root,COG0722@2|Bacteria,1MU5Q@1224|Proteobacteria,1RMAA@1236|Gammaproteobacteria,1XSXX@135623|Vibrionales	Stereospecific condensation of phosphoenolpyruvate (PEP) and D-erythrose-4-phosphate (E4P) giving rise to 3-deoxy-D- arabino-heptulosonate-7-phosphate (DAHP)	aroF	-	ko:K01626	ko00400,ko01100,ko01110,ko01130,ko01230,ko02024,map00400,map01100,map01110,map01130,map01230,map02024	ko00000,ko00001,ko00002,ko01000	DAHP_synth_1
3225	GEA50645.1	1205908.AKXW01000146_gene1713	3.62e-268	734.0	COG0287@1|root,COG1605@1|root,COG0287@2|Bacteria,COG1605@2|Bacteria,1MVUT@1224|Proteobacteria,1RQB3@1236|Gammaproteobacteria,1XUE1@135623|Vibrionales	T-protein	tyrA	-	ko:K14187	ko00400,ko00401,ko01100,ko01110,ko01130,ko01230,map00400,map00401,map01100,map01110,map01130,map01230	ko00000,ko00001,ko00002,ko01000	CM_2,PDH
3225	GEA50646.1	1219072.VHA01S_035_00090	0.0	1077.0	COG0488@1|root,COG0488@2|Bacteria,1MU37@1224|Proteobacteria,1RPWS@1236|Gammaproteobacteria,1XSGT@135623|Vibrionales	COG0488 ATPase components of ABC transporters with duplicated ATPase domains	yjjK	-	-	-	-	ABC_tran,ABC_tran_Xtn
3225	GEA50647.1	1205908.AKXW01000146_gene1711	0.0	1220.0	COG0741@1|root,COG0741@2|Bacteria,1MV3F@1224|Proteobacteria,1RMS8@1236|Gammaproteobacteria,1XUVC@135623|Vibrionales	COG0741 Soluble lytic murein transglycosylase and related regulatory proteins (some contain LysM invasin domains)	slt	-	ko:K08309	-	ko00000,ko01000,ko01011	SLT,SLT_L
3225	GEA50648.1	1205908.AKXW01000146_gene1710	5.77e-58	180.0	COG2973@1|root,COG2973@2|Bacteria,1MYB2@1224|Proteobacteria,1S6RH@1236|Gammaproteobacteria,1XYA5@135623|Vibrionales	This protein is an aporepressor. When complexed with L- tryptophan it binds the operator region of the trp operon and prevents the initiation of transcription	trpR	GO:0003674,GO:0003700,GO:0006082,GO:0006355,GO:0006520,GO:0006568,GO:0006576,GO:0006586,GO:0006725,GO:0006807,GO:0008150,GO:0008152,GO:0009072,GO:0009308,GO:0009889,GO:0009987,GO:0010468,GO:0010556,GO:0019219,GO:0019222,GO:0019752,GO:0031323,GO:0031326,GO:0034641,GO:0042430,GO:0043436,GO:0044106,GO:0044237,GO:0044238,GO:0044281,GO:0046483,GO:0050789,GO:0050794,GO:0051171,GO:0051252,GO:0060255,GO:0065007,GO:0071704,GO:0080090,GO:0140110,GO:1901360,GO:1901564,GO:1901605,GO:1903506,GO:2000112,GO:2001141	ko:K03720	-	ko00000,ko03000	Trp_repressor
3225	GEA50649.1	1205908.AKXW01000146_gene1709	1.44e-104	303.0	COG1986@1|root,COG1986@2|Bacteria,1R60T@1224|Proteobacteria,1RNVT@1236|Gammaproteobacteria,1Y2SQ@135623|Vibrionales	Phosphatase that hydrolyzes non-canonical purine nucleotides such as XTP and ITP to their respective diphosphate derivatives. Probably excludes non-canonical purines from DNA precursor pool, thus preventing their incorporation into DNA and avoiding chromosomal lesions	yjjX	GO:0003674,GO:0003824,GO:0016462,GO:0016787,GO:0016817,GO:0016818,GO:0017111	-	-	-	NTPase_I-T
3225	GEA50650.1	1205908.AKXW01000146_gene1708	3.13e-273	748.0	COG0077@1|root,COG1605@1|root,COG0077@2|Bacteria,COG1605@2|Bacteria,1MU60@1224|Proteobacteria,1RNRD@1236|Gammaproteobacteria,1XT8C@135623|Vibrionales	chorismate mutase	pheA	-	ko:K14170	ko00400,ko01100,ko01110,ko01130,ko01230,map00400,map01100,map01110,map01130,map01230	ko00000,ko00001,ko00002,ko01000	CM_2,PDT
3225	GEA50651.1	1205908.AKXW01000146_gene1707	1.52e-69	211.0	COG1544@1|root,COG1544@2|Bacteria,1RD2Y@1224|Proteobacteria,1S6GT@1236|Gammaproteobacteria,1XXCP@135623|Vibrionales	COG1544 Ribosome-associated protein Y (PSrp-1)	raiA	-	ko:K05809	-	ko00000,ko03009	Ribosomal_S30AE
3225	GEA50652.1	1205908.AKXW01000146_gene1706	0.0	916.0	COG4623@1|root,COG4623@2|Bacteria,1MWDS@1224|Proteobacteria,1RM8W@1236|Gammaproteobacteria,1XUTK@135623|Vibrionales	Murein-degrading enzyme that degrades murein glycan strands and insoluble, high-molecular weight murein sacculi, with the concomitant formation of a 1,6-anhydromuramoyl product. Lytic transglycosylases (LTs) play an integral role in the metabolism of the peptidoglycan (PG) sacculus. Their lytic action creates space within the PG sacculus to allow for its expansion as well as for the insertion of various structures such as secretion systems and flagella	-	-	-	-	-	SBP_bac_3,SLT
3225	GEA50653.1	1205908.AKXW01000146_gene1705	1.33e-172	482.0	COG4105@1|root,COG4105@2|Bacteria,1MVS5@1224|Proteobacteria,1RSE6@1236|Gammaproteobacteria,1XSWB@135623|Vibrionales	Part of the outer membrane protein assembly complex, which is involved in assembly and insertion of beta-barrel proteins into the outer membrane	bamD	GO:0005575,GO:0005623,GO:0008104,GO:0008150,GO:0009279,GO:0009987,GO:0016020,GO:0016043,GO:0019867,GO:0030312,GO:0030313,GO:0031224,GO:0031230,GO:0031241,GO:0031246,GO:0031975,GO:0032991,GO:0033036,GO:0034613,GO:0043163,GO:0044425,GO:0044462,GO:0044464,GO:0045184,GO:0045229,GO:0051179,GO:0051205,GO:0051234,GO:0051641,GO:0061024,GO:0070727,GO:0071840,GO:0071944,GO:0072657,GO:0090150,GO:0098552,GO:0098796,GO:1990063	ko:K05807	-	ko00000,ko02000	YfiO
3225	GEA50654.1	1205908.AKXW01000146_gene1704	6.04e-223	615.0	COG0564@1|root,COG0564@2|Bacteria,1MUBN@1224|Proteobacteria,1RN7F@1236|Gammaproteobacteria,1XSYP@135623|Vibrionales	Responsible for synthesis of pseudouridine from uracil	rluD	GO:0000154,GO:0000455,GO:0001522,GO:0003674,GO:0003824,GO:0005575,GO:0005622,GO:0005623,GO:0005737,GO:0005829,GO:0006139,GO:0006364,GO:0006396,GO:0006725,GO:0006807,GO:0008150,GO:0008152,GO:0009451,GO:0009982,GO:0009987,GO:0010467,GO:0016070,GO:0016072,GO:0016853,GO:0016866,GO:0022613,GO:0031118,GO:0034470,GO:0034641,GO:0034660,GO:0042254,GO:0043170,GO:0043412,GO:0044085,GO:0044237,GO:0044238,GO:0044424,GO:0044444,GO:0044464,GO:0046483,GO:0071704,GO:0071840,GO:0090304,GO:1901360	ko:K06180	-	ko00000,ko01000,ko03009	PseudoU_synth_2,S4
3225	GEA50655.1	1205908.AKXW01000146_gene1703	1.13e-160	451.0	COG1496@1|root,COG1496@2|Bacteria,1MW2H@1224|Proteobacteria,1RNV4@1236|Gammaproteobacteria,1XSY8@135623|Vibrionales	Belongs to the multicopper oxidase YfiH RL5 family	yfiH	-	ko:K05810	-	ko00000,ko01000	Cu-oxidase_4
3225	GEA50656.1	1205908.AKXW01000146_gene1702	0.0	1590.0	COG0542@1|root,COG0542@2|Bacteria,1MURH@1224|Proteobacteria,1RN55@1236|Gammaproteobacteria,1XSEU@135623|Vibrionales	Part of a stress-induced multi-chaperone system, it is involved in the recovery of the cell from heat-induced damage, in cooperation with DnaK, DnaJ and GrpE	clpB	GO:0003674,GO:0003824,GO:0006508,GO:0006807,GO:0008150,GO:0008152,GO:0008233,GO:0016787,GO:0019538,GO:0043170,GO:0044238,GO:0071704,GO:0140096,GO:1901564	ko:K03695	ko04213,map04213	ko00000,ko00001,ko03110	AAA,AAA_2,ClpB_D2-small,Clp_N
3225	GEA50657.1	1219080.VEZ01S_19_00740	0.0	1593.0	COG0058@1|root,COG0058@2|Bacteria,1MW4J@1224|Proteobacteria,1RN8P@1236|Gammaproteobacteria,1XSRI@135623|Vibrionales	Phosphorylase is an important allosteric enzyme in carbohydrate metabolism. Enzymes from different sources differ in their regulatory mechanisms and in their natural substrates. However, all known phosphorylases share catalytic and structural properties	malP	-	ko:K00688	ko00500,ko01100,ko01110,ko02026,ko04217,ko04910,ko04922,ko04931,map00500,map01100,map01110,map02026,map04217,map04910,map04922,map04931	ko00000,ko00001,ko01000	Phosphorylase
3225	GEA50658.1	1205908.AKXW01000014_gene2763	0.0	1445.0	COG1640@1|root,COG1640@2|Bacteria,1QTVJ@1224|Proteobacteria,1RMJW@1236|Gammaproteobacteria,1XTQ7@135623|Vibrionales	4-alpha-glucanotransferase	malQ	-	ko:K00705	ko00500,ko01100,map00500,map01100	ko00000,ko00001,ko01000	Glyco_hydro_77
3225	GEA50659.1	1205908.AKXW01000033_gene1415	0.0	1492.0	COG0296@1|root,COG0296@2|Bacteria,1QTVN@1224|Proteobacteria,1RQSK@1236|Gammaproteobacteria,1XU7M@135623|Vibrionales	Catalyzes the formation of the alpha-1,6-glucosidic linkages in glycogen by scission of a 1,4-alpha-linked oligosaccharide from growing alpha-1,4-glucan chains and the subsequent attachment of the oligosaccharide to the alpha-1,6 position	glgB	GO:0000271,GO:0003674,GO:0003824,GO:0003844,GO:0005975,GO:0005976,GO:0005977,GO:0005978,GO:0006073,GO:0006091,GO:0006112,GO:0008150,GO:0008152,GO:0009058,GO:0009059,GO:0009250,GO:0009987,GO:0015980,GO:0016051,GO:0016740,GO:0016757,GO:0016758,GO:0033692,GO:0034637,GO:0034645,GO:0043170,GO:0044042,GO:0044237,GO:0044238,GO:0044249,GO:0044260,GO:0044262,GO:0044264,GO:0055114,GO:0071704,GO:1901576	ko:K00700	ko00500,ko01100,ko01110,map00500,map01100,map01110	ko00000,ko00001,ko00002,ko01000,ko04147	Alpha-amylase,Alpha-amylase_C,CBM_48
3225	GEA50660.1	1205908.AKXW01000033_gene1413	3.19e-74	223.0	COG3788@1|root,COG3788@2|Bacteria,1RDHP@1224|Proteobacteria,1S3PN@1236|Gammaproteobacteria,1XXEP@135623|Vibrionales	relative of glutathione S-transferase, MAPEG superfamily	-	-	ko:K07136	-	ko00000	MAPEG
3225	GEA50661.1	1205908.AKXW01000033_gene1412	3.54e-105	305.0	2E8YA@1|root,3337Z@2|Bacteria,1NDXH@1224|Proteobacteria,1SCAD@1236|Gammaproteobacteria,1XTFY@135623|Vibrionales	-	-	-	-	-	-	-
3225	GEA50662.1	1205908.AKXW01000033_gene1411	3.99e-196	544.0	COG1073@1|root,COG1073@2|Bacteria,1R4XD@1224|Proteobacteria,1S17K@1236|Gammaproteobacteria,1XUA1@135623|Vibrionales	hydrolases or acyltransferases (alpha beta hydrolase superfamily)	-	-	-	-	-	Abhydrolase_4,Hydrolase_4
3225	GEA50663.1	1205908.AKXW01000033_gene1410	2.11e-176	495.0	COG0491@1|root,COG0491@2|Bacteria,1MURA@1224|Proteobacteria,1RN27@1236|Gammaproteobacteria,1XUUN@135623|Vibrionales	COG0491 Zn-dependent hydrolases, including glyoxylases	-	-	-	-	-	Lactamase_B
3225	GEA50664.1	1205908.AKXW01000033_gene1409	1.3e-282	772.0	COG3213@1|root,COG3213@2|Bacteria,1MUJK@1224|Proteobacteria,1S0J0@1236|Gammaproteobacteria,1XUSM@135623|Vibrionales	involved in response to NO	-	-	ko:K07234	-	ko00000	NnrS
3225	GEA50665.1	1205908.AKXW01000105_gene1291	1.07e-36	133.0	COG3547@1|root,COG3547@2|Bacteria,1MUER@1224|Proteobacteria,1RMAQ@1236|Gammaproteobacteria,1XVPF@135623|Vibrionales	COG3547 Transposase and inactivated derivatives	-	-	-	-	-	DEDD_Tnp_IS110,Transposase_20
3225	GEA50666.1	591158.SSMG_05674	6.7e-13	80.1	COG1807@1|root,COG1807@2|Bacteria,2H31W@201174|Actinobacteria	4-amino-4-deoxy-L-arabinose transferase and related glycosyltransferases of PMT family	-	-	-	-	-	-
3225	GEA50667.1	1454202.PPBDW_120090___1	1.04e-91	277.0	COG0300@1|root,COG0300@2|Bacteria,1NGXF@1224|Proteobacteria,1S25V@1236|Gammaproteobacteria	short-chain dehydrogenase	-	-	-	-	-	adh_short
3225	GEA50668.1	1454202.PPBDW_120091___1	1e-190	543.0	COG0277@1|root,COG0277@2|Bacteria,1MV1Q@1224|Proteobacteria,1RMXA@1236|Gammaproteobacteria	Fad linked oxidase	dprE1	-	-	-	-	ALO,FAD_binding_4
3225	GEA50669.1	351348.Maqu_1646	3.11e-40	137.0	COG2246@1|root,COG2246@2|Bacteria,1RJUK@1224|Proteobacteria,1S6AF@1236|Gammaproteobacteria	GtrA-like protein	-	-	-	-	-	GtrA
3225	GEA50670.1	1123518.ARWI01000001_gene2045	2.79e-122	358.0	COG0382@1|root,COG0382@2|Bacteria,1MXCM@1224|Proteobacteria,1RRWB@1236|Gammaproteobacteria,46214@72273|Thiotrichales	UbiA prenyltransferase family	-	-	-	-	-	HAD,UbiA
3225	GEA50671.1	1123514.KB905899_gene445	1.18e-54	175.0	COG1963@1|root,COG1963@2|Bacteria,1RKAF@1224|Proteobacteria,1S783@1236|Gammaproteobacteria	Divergent PAP2 family	-	-	ko:K09775	-	ko00000	DUF212
3225	GEA50672.1	1042209.HK44_019340	5.13e-31	125.0	COG0392@1|root,COG0392@2|Bacteria,1R4IS@1224|Proteobacteria,1RYQY@1236|Gammaproteobacteria	integral membrane protein	-	-	ko:K07027	-	ko00000,ko02000	LPG_synthase_TM
3225	GEA50673.1	675813.VIB_002007	7.17e-17	80.5	COG0468@1|root,COG0468@2|Bacteria,1MU3C@1224|Proteobacteria,1RMHP@1236|Gammaproteobacteria,1XSES@135623|Vibrionales	Can catalyze the hydrolysis of ATP in the presence of single-stranded DNA, the ATP-dependent uptake of single-stranded DNA by duplex DNA, and the ATP-dependent hybridization of homologous single-stranded DNAs. It interacts with LexA causing its activation and leading to its autocatalytic cleavage	recA	GO:0005575,GO:0005622,GO:0005623,GO:0005737,GO:0005829,GO:0006139,GO:0006259,GO:0006281,GO:0006310,GO:0006725,GO:0006807,GO:0006950,GO:0006974,GO:0008150,GO:0008152,GO:0009987,GO:0033554,GO:0034641,GO:0043170,GO:0044237,GO:0044238,GO:0044260,GO:0044424,GO:0044444,GO:0044464,GO:0046483,GO:0050896,GO:0051716,GO:0071704,GO:0090304,GO:1901360	ko:K03553	ko03440,map03440	ko00000,ko00001,ko00002,ko03400	RecA
3225	GEA50674.1	1219080.VEZ01S_19_00810	1.96e-153	437.0	COG3965@1|root,COG3965@2|Bacteria,1RFDX@1224|Proteobacteria,1S556@1236|Gammaproteobacteria,1XSQT@135623|Vibrionales	Co Zn Cd cation transporters	-	-	-	-	-	Cation_efflux
3225	GEA50675.1	1205908.AKXW01000033_gene1407	1.51e-200	556.0	COG0583@1|root,COG0583@2|Bacteria,1NR3D@1224|Proteobacteria,1RWFP@1236|Gammaproteobacteria,1XV3V@135623|Vibrionales	Transcriptional regulator	-	-	-	-	-	HTH_1,LysR_substrate
3225	GEA50676.1	1205908.AKXW01000033_gene1406	8.07e-129	367.0	COG0500@1|root,COG0500@2|Bacteria,1RJFG@1224|Proteobacteria,1S92D@1236|Gammaproteobacteria,1XUD5@135623|Vibrionales	COG0500 SAM-dependent methyltransferases	-	-	-	-	-	Methyltransf_12,Methyltransf_23
3225	GEA50677.1	1205908.AKXW01000033_gene1405	1.85e-169	481.0	COG3203@1|root,COG3203@2|Bacteria,1QTIE@1224|Proteobacteria,1SWVJ@1236|Gammaproteobacteria,1XSH5@135623|Vibrionales	COG3203 Outer membrane protein (porin)	-	-	-	-	-	Porin_1,Porin_4
3225	GEA50678.1	1205908.AKXW01000033_gene1404	2.11e-86	253.0	COG0720@1|root,COG0720@2|Bacteria,1RI4P@1224|Proteobacteria,1S3T6@1236|Gammaproteobacteria,1XWZ5@135623|Vibrionales	6-pyruvoyl tetrahydropterin synthase	queD	-	ko:K01737	ko00790,ko01100,map00790,map01100	ko00000,ko00001,ko00002,ko01000,ko03016	PTPS
3225	GEA50679.1	1205908.AKXW01000033_gene1403	5.42e-157	440.0	COG0602@1|root,COG0602@2|Bacteria,1MUJ2@1224|Proteobacteria,1RNQZ@1236|Gammaproteobacteria,1XUXZ@135623|Vibrionales	Catalyzes the complex heterocyclic radical-mediated conversion of 6-carboxy-5,6,7,8-tetrahydropterin (CPH4) to 7- carboxy-7-deazaguanine (CDG), a step common to the biosynthetic pathways of all 7-deazapurine-containing compounds	queE	-	ko:K10026	ko00790,ko01100,map00790,map01100	ko00000,ko00001,ko01000,ko03016	Fer4_14,Radical_SAM
3225	GEA50680.1	1205908.AKXW01000033_gene1402	5.62e-125	358.0	COG3108@1|root,COG3108@2|Bacteria,1N3XU@1224|Proteobacteria,1S94S@1236|Gammaproteobacteria,1XT2X@135623|Vibrionales	Peptidase M15	-	-	-	-	-	Peptidase_M15_3
3225	GEA50681.1	1205908.AKXW01000033_gene1401	1.44e-84	250.0	2EVSB@1|root,33P68@2|Bacteria,1P3SK@1224|Proteobacteria,1SS80@1236|Gammaproteobacteria,1XYJ3@135623|Vibrionales	Protein of unknown function (DUF1353)	-	-	-	-	-	DUF1353
3225	GEA50682.1	1205908.AKXW01000033_gene1400	0.0	899.0	COG0366@1|root,COG0366@2|Bacteria,1MVQA@1224|Proteobacteria,1RPA4@1236|Gammaproteobacteria,1XSNN@135623|Vibrionales	alpha-amylase	-	-	ko:K01176	ko00500,ko01100,ko04973,map00500,map01100,map04973	ko00000,ko00001,ko01000	Alpha-amylase
3225	GEA50683.1	1205908.AKXW01000114_gene1660	1.18e-229	634.0	COG1162@1|root,COG1162@2|Bacteria,1MUEF@1224|Proteobacteria,1RMMB@1236|Gammaproteobacteria,1XSIW@135623|Vibrionales	One of several proteins that assist in the late maturation steps of the functional core of the 30S ribosomal subunit. Helps release RbfA from mature subunits. May play a role in the assembly of ribosomal proteins into the subunit. Circularly permuted GTPase that catalyzes slow GTP hydrolysis, GTPase activity is stimulated by the 30S ribosomal subunit	rsgA2	-	ko:K06949	ko00730,ko01100,map00730,map01100	ko00000,ko00001,ko01000,ko03009	RsgA_GTPase
3225	GEA50684.1	1205908.AKXW01000114_gene1661	6.51e-83	246.0	COG2847@1|root,COG2847@2|Bacteria,1MZ3M@1224|Proteobacteria,1SCJD@1236|Gammaproteobacteria,1XXAS@135623|Vibrionales	protein conserved in bacteria	VVA0068	-	ko:K09796	-	ko00000,ko03110	PCuAC
3225	GEA50685.1	1205908.AKXW01000114_gene1662	1.02e-130	372.0	COG1999@1|root,COG1999@2|Bacteria,1RHJ8@1224|Proteobacteria,1S3NG@1236|Gammaproteobacteria,1Y2MD@135623|Vibrionales	SCO1/SenC	-	-	ko:K07152	-	ko00000,ko03029	SCO1-SenC
3225	GEA50686.1	1205908.AKXW01000114_gene1663	2.16e-82	245.0	2EQTE@1|root,33ID4@2|Bacteria,1RKB7@1224|Proteobacteria,1SGC2@1236|Gammaproteobacteria,1Y2YK@135623|Vibrionales	-	-	-	-	-	-	-
3225	GEA50687.1	1205908.AKXW01000114_gene1664	1.94e-192	536.0	COG2035@1|root,COG2035@2|Bacteria,1MXVI@1224|Proteobacteria,1RN4B@1236|Gammaproteobacteria,1XSHN@135623|Vibrionales	Domain of unknown function (DUF368)	-	-	ko:K08974	-	ko00000	DUF368
3225	GEA50688.1	1205908.AKXW01000114_gene1665	6.77e-249	685.0	COG2195@1|root,COG2195@2|Bacteria,1MV7D@1224|Proteobacteria,1TH92@1236|Gammaproteobacteria,1XSN9@135623|Vibrionales	COG2195 Di- and tripeptidases	-	-	ko:K01258	-	ko00000,ko01000,ko01002	M20_dimer,Peptidase_M20,Peptidase_M28
3225	GEA50689.1	1205908.AKXW01000114_gene1666	1.01e-315	862.0	COG1055@1|root,COG1055@2|Bacteria,1MUH8@1224|Proteobacteria,1RPSM@1236|Gammaproteobacteria,1XTNI@135623|Vibrionales	COG1055 Na H antiporter NhaD and related arsenite permeases	nhaD	-	-	-	-	CitMHS
3225	GEA50690.1	1205908.AKXW01000114_gene1667	1.57e-151	426.0	COG2249@1|root,COG2249@2|Bacteria,1MXFT@1224|Proteobacteria,1RMVS@1236|Gammaproteobacteria,1XU4N@135623|Vibrionales	NADPH-quinone reductase (modulator of drug activity B)	ywrO	-	-	-	-	Flavodoxin_2
3225	GEA50691.1	1205908.AKXW01000114_gene1668	0.0	1182.0	COG0475@1|root,COG1226@1|root,COG0475@2|Bacteria,COG1226@2|Bacteria,1MV34@1224|Proteobacteria,1RNVR@1236|Gammaproteobacteria,1XV69@135623|Vibrionales	Belongs to the monovalent cation proton antiporter 2 (CPA2) transporter (TC 2.A.37) family	kefC	-	ko:K03455,ko:K11745	-	ko00000,ko02000	Na_H_Exchanger,TrkA_N
3225	GEA50692.1	1205908.AKXW01000114_gene1669	3.58e-264	726.0	COG2223@1|root,COG2223@2|Bacteria,1MW71@1224|Proteobacteria,1RN10@1236|Gammaproteobacteria,1XSI0@135623|Vibrionales	COG0477 Permeases of the major facilitator superfamily	-	-	-	-	-	MFS_1
3225	GEA50693.1	1205908.AKXW01000114_gene1672	5.97e-247	681.0	COG1566@1|root,COG1566@2|Bacteria,1NAMI@1224|Proteobacteria,1RP4N@1236|Gammaproteobacteria,1XUYE@135623|Vibrionales	multidrug resistance efflux pump	-	-	-	-	-	Biotin_lipoyl_2,HlyD_D23
3225	GEA50694.1	1205908.AKXW01000114_gene1673	1.3e-60	189.0	2CIMK@1|root,32S89@2|Bacteria,1N0NJ@1224|Proteobacteria,1S9BM@1236|Gammaproteobacteria,1XXIK@135623|Vibrionales	Protein of unknown function (DUF3302)	yiaW	-	-	-	-	DUF3302
3225	GEA50695.1	1205908.AKXW01000114_gene1674	4.62e-181	507.0	COG0697@1|root,COG0697@2|Bacteria,1R4G2@1224|Proteobacteria,1S08Y@1236|Gammaproteobacteria,1XUQP@135623|Vibrionales	EamA-like transporter family	-	-	-	-	-	EamA
3225	GEA50696.1	1205908.AKXW01000114_gene1675	8.93e-309	846.0	COG3677@1|root,COG3677@2|Bacteria,1R3VM@1224|Proteobacteria,1RS4K@1236|Gammaproteobacteria,1XUAR@135623|Vibrionales	COG3677 Transposase and inactivated derivatives	-	-	-	-	-	-
3225	GEA50697.1	1205908.AKXW01000114_gene1676	1.93e-220	609.0	COG1683@1|root,COG3272@1|root,COG1683@2|Bacteria,COG3272@2|Bacteria,1MXYZ@1224|Proteobacteria,1RNMF@1236|Gammaproteobacteria,1XUJK@135623|Vibrionales	Protein of unknown function (DUF1722)	-	-	-	-	-	DUF1722,DUF523
3225	GEA50698.1	1205908.AKXW01000114_gene1677	3.2e-305	837.0	COG0415@1|root,COG0415@2|Bacteria,1MV9Y@1224|Proteobacteria,1RNGJ@1236|Gammaproteobacteria,1XUEN@135623|Vibrionales	Belongs to the DNA photolyase family	phrB	GO:0003674,GO:0003824,GO:0003904,GO:0003913,GO:0006139,GO:0006259,GO:0006281,GO:0006725,GO:0006807,GO:0006950,GO:0006974,GO:0008150,GO:0008152,GO:0009987,GO:0016829,GO:0016830,GO:0033554,GO:0034641,GO:0043170,GO:0044237,GO:0044238,GO:0044260,GO:0046483,GO:0050896,GO:0051716,GO:0071704,GO:0090304,GO:0140097,GO:1901360	ko:K01669	-	ko00000,ko01000,ko03400	DNA_photolyase,FAD_binding_7
3225	GEA50699.1	1205908.AKXW01000114_gene1678	2.12e-205	570.0	COG1376@1|root,COG1376@2|Bacteria,1MVYT@1224|Proteobacteria,1RMNC@1236|Gammaproteobacteria,1XT0M@135623|Vibrionales	protein conserved in bacteria	-	-	ko:K16291,ko:K19236	ko01503,map01503	ko00000,ko00001,ko01002,ko01011	LysM,YkuD
3225	GEA50700.1	1219080.VEZ01S_19_01190	1.09e-35	123.0	COG4238@1|root,COG4238@2|Bacteria,1MZCW@1224|Proteobacteria,1S8YB@1236|Gammaproteobacteria	major outer membrane lipoprotein	lpp	GO:0003674,GO:0005488,GO:0005515,GO:0005539,GO:0005575,GO:0005623,GO:0006629,GO:0008150,GO:0008152,GO:0008289,GO:0009279,GO:0009987,GO:0016020,GO:0016021,GO:0019867,GO:0030258,GO:0030312,GO:0030313,GO:0031224,GO:0031230,GO:0031975,GO:0042802,GO:0042834,GO:0044237,GO:0044238,GO:0044255,GO:0044425,GO:0044462,GO:0044464,GO:0045203,GO:0071704,GO:0071944,GO:0097367	ko:K06078	-	ko00000,ko01011	LPP
3225	GEA50701.1	1205908.AKXW01000114_gene1680	5.63e-304	830.0	COG0513@1|root,COG0513@2|Bacteria,1MU49@1224|Proteobacteria,1RMWA@1236|Gammaproteobacteria,1XUCT@135623|Vibrionales	Belongs to the DEAD box helicase family	-	-	-	-	-	DEAD,Helicase_C
3225	GEA50702.1	1219080.VEZ01S_19_01210	2.08e-161	456.0	COG0226@1|root,COG0226@2|Bacteria,1RD2K@1224|Proteobacteria,1T0KP@1236|Gammaproteobacteria,1XUIY@135623|Vibrionales	ABC-type phosphate transport system, periplasmic component	pstS	-	ko:K02040	ko02010,ko02020,ko05152,map02010,map02020,map05152	ko00000,ko00001,ko00002,ko02000	PBP_like_2
3225	GEA50703.1	1205908.AKXW01000161_gene2587	1.07e-190	532.0	COG0573@1|root,COG0573@2|Bacteria,1MVKP@1224|Proteobacteria,1RQXJ@1236|Gammaproteobacteria,1XSNI@135623|Vibrionales	probably responsible for the translocation of the substrate across the membrane	pstC	-	ko:K02037	ko02010,map02010	ko00000,ko00001,ko00002,ko02000	BPD_transp_1
3225	GEA50704.1	1219072.VHA01S_016_00030	2.17e-186	520.0	COG0581@1|root,COG0581@2|Bacteria,1MUWB@1224|Proteobacteria,1S1FS@1236|Gammaproteobacteria,1XT07@135623|Vibrionales	Phosphate transport system permease	-	-	ko:K02038	ko02010,map02010	ko00000,ko00001,ko00002,ko02000	BPD_transp_1
3225	GEA50705.1	1205908.AKXW01000161_gene2585	2.69e-177	494.0	COG1117@1|root,COG1117@2|Bacteria,1MU16@1224|Proteobacteria,1RNUF@1236|Gammaproteobacteria,1XT9N@135623|Vibrionales	Part of the ABC transporter complex PstSACB involved in phosphate import. Responsible for energy coupling to the transport system	pstB2	GO:0003674,GO:0003824,GO:0005215,GO:0006810,GO:0006811,GO:0006817,GO:0006820,GO:0008150,GO:0008509,GO:0015075,GO:0015103,GO:0015114,GO:0015318,GO:0015399,GO:0015405,GO:0015415,GO:0015698,GO:0016462,GO:0016787,GO:0016817,GO:0016818,GO:0016887,GO:0017111,GO:0022804,GO:0022857,GO:0034220,GO:0035435,GO:0042623,GO:0042626,GO:0043225,GO:0043492,GO:0051179,GO:0051234,GO:0055085,GO:0098656,GO:0098660,GO:0098661,GO:0099133	ko:K02036	ko02010,map02010	ko00000,ko00001,ko00002,ko01000,ko02000	ABC_tran
3225	GEA50706.1	1219080.VEZ01S_19_01250	1.9e-26	98.2	2AWN1@1|root,31NIT@2|Bacteria,1QK9F@1224|Proteobacteria,1TICX@1236|Gammaproteobacteria,1XYW9@135623|Vibrionales	-	-	-	-	-	-	-
3225	GEA50707.1	1219072.VHA01S_016_00060	1.41e-144	409.0	COG2197@1|root,COG2197@2|Bacteria,1RCMT@1224|Proteobacteria,1S21K@1236|Gammaproteobacteria,1XZ2M@135623|Vibrionales	helix_turn_helix, Lux Regulon	-	-	-	-	-	GerE
3225	GEA50709.1	1035191.HMPREF0185_03187	1.38e-15	80.9	COG3121@1|root,COG3121@2|Bacteria,1RJ7M@1224|Proteobacteria,2UBID@28211|Alphaproteobacteria	Pili and flagellar-assembly chaperone, PapD N-terminal domain	-	-	ko:K07346	-	ko00000,ko02035,ko02044,ko03110	PapD_N
3225	GEA50710.1	1219072.VHA01S_016_00090	4.31e-227	662.0	COG3188@1|root,COG3188@2|Bacteria,1MWV6@1224|Proteobacteria,1SZYH@1236|Gammaproteobacteria,1XUVK@135623|Vibrionales	Outer membrane usher protein	-	-	-	-	-	Usher
3225	GEA50711.1	1219072.VHA01S_016_00100	1.51e-22	101.0	2960T@1|root,2ZTBF@2|Bacteria,1REAR@1224|Proteobacteria,1S4WR@1236|Gammaproteobacteria,1XYRF@135623|Vibrionales	-	-	-	-	-	-	-
3225	GEA50712.1	1205908.AKXW01000161_gene2580	4.37e-264	724.0	COG3842@1|root,COG3842@2|Bacteria,1MU3I@1224|Proteobacteria,1RM9E@1236|Gammaproteobacteria,1XSE0@135623|Vibrionales	Belongs to the ABC transporter superfamily	malK	GO:0003674,GO:0003824,GO:0005215,GO:0005363,GO:0006810,GO:0008150,GO:0008643,GO:0015144,GO:0015154,GO:0015157,GO:0015399,GO:0015405,GO:0015422,GO:0015423,GO:0015766,GO:0015768,GO:0015772,GO:0016462,GO:0016787,GO:0016817,GO:0016818,GO:0016887,GO:0017111,GO:0022804,GO:0022857,GO:0034219,GO:0042623,GO:0042626,GO:0043211,GO:0043492,GO:0051179,GO:0051234,GO:0055085,GO:0071702	ko:K10111	ko02010,map02010	ko00000,ko00001,ko00002,ko01000,ko02000	ABC_tran,TOBE_2
3225	GEA50713.1	1205908.AKXW01000161_gene2579	1.62e-275	754.0	COG2182@1|root,COG2182@2|Bacteria,1N9AE@1224|Proteobacteria,1RN4E@1236|Gammaproteobacteria,1XSVR@135623|Vibrionales	COG2182 Maltose-binding periplasmic proteins domains	malE	-	ko:K10108	ko02010,ko02030,map02010,map02030	ko00000,ko00001,ko00002,ko02000	SBP_bac_8
3225	GEA50714.1	1205908.AKXW01000161_gene2578	0.0	935.0	COG1175@1|root,COG1175@2|Bacteria,1MXKR@1224|Proteobacteria,1RN6B@1236|Gammaproteobacteria,1XTA3@135623|Vibrionales	Maltose transport system permease protein MalF	malF	GO:0003674,GO:0003824,GO:0005215,GO:0005363,GO:0005575,GO:0005623,GO:0005886,GO:0005887,GO:0006810,GO:0008150,GO:0008643,GO:0015144,GO:0015154,GO:0015157,GO:0015399,GO:0015405,GO:0015422,GO:0015423,GO:0015766,GO:0015768,GO:0015772,GO:0016020,GO:0016021,GO:0016462,GO:0016787,GO:0016817,GO:0016818,GO:0016887,GO:0017111,GO:0022804,GO:0022857,GO:0031224,GO:0031226,GO:0032991,GO:0034219,GO:0042623,GO:0042626,GO:0043190,GO:0043211,GO:0043492,GO:0044425,GO:0044459,GO:0044464,GO:0051179,GO:0051234,GO:0055085,GO:0071702,GO:0071944,GO:0098533,GO:0098796,GO:0098797,GO:1902494,GO:1902495,GO:1904949,GO:1990060,GO:1990351	ko:K10109	ko02010,map02010	ko00000,ko00001,ko00002,ko02000	BPD_transp_1,MalF_P2
3225	GEA50715.1	1205908.AKXW01000161_gene2577	6.4e-204	565.0	COG3833@1|root,COG3833@2|Bacteria,1QA3Z@1224|Proteobacteria,1RQ00@1236|Gammaproteobacteria,1XSY0@135623|Vibrionales	maltose transport	malG	GO:0003674,GO:0003824,GO:0005215,GO:0005363,GO:0006810,GO:0008150,GO:0008643,GO:0015144,GO:0015154,GO:0015157,GO:0015399,GO:0015405,GO:0015422,GO:0015423,GO:0015766,GO:0015768,GO:0015772,GO:0015774,GO:0016462,GO:0016787,GO:0016817,GO:0016818,GO:0016887,GO:0017111,GO:0022804,GO:0022857,GO:0033036,GO:0033037,GO:0034219,GO:0042623,GO:0042626,GO:0042956,GO:0043211,GO:0043492,GO:0051179,GO:0051234,GO:0055085,GO:0071702	ko:K10110	ko02010,map02010	ko00000,ko00001,ko00002,ko02000	BPD_transp_1
3225	GEA50716.1	1205908.AKXW01000161_gene2575	6.98e-53	166.0	2AWFJ@1|root,31NBT@2|Bacteria,1QK2U@1224|Proteobacteria,1TI5K@1236|Gammaproteobacteria,1XYFB@135623|Vibrionales	-	-	-	-	-	-	-
3225	GEA50717.1	1205908.AKXW01000161_gene2574	8.89e-129	368.0	29W5G@1|root,31U6Q@2|Bacteria,1QS11@1224|Proteobacteria,1THWX@1236|Gammaproteobacteria,1XXRX@135623|Vibrionales	-	-	-	-	-	-	-
3225	GEA50718.1	1205908.AKXW01000161_gene2573	4.5e-281	771.0	COG0739@1|root,COG3061@1|root,COG0739@2|Bacteria,COG3061@2|Bacteria,1MVTF@1224|Proteobacteria,1RM7S@1236|Gammaproteobacteria,1XSZJ@135623|Vibrionales	COG0739 Membrane proteins related to metalloendopeptidases	-	-	-	-	-	OapA,Peptidase_M23
3225	GEA50719.1	1205908.AKXW01000161_gene2572	3.32e-74	222.0	2AW94@1|root,31N4F@2|Bacteria,1QJVW@1224|Proteobacteria,1THXH@1236|Gammaproteobacteria,1XXTY@135623|Vibrionales	-	VPA0521	-	-	-	-	-
3225	GEA50721.1	1205908.AKXW01000161_gene2570	1.35e-146	412.0	COG0695@1|root,COG0695@2|Bacteria,1RCN6@1224|Proteobacteria,1S6FS@1236|Gammaproteobacteria,1XTRD@135623|Vibrionales	COG0526 Thiol-disulfide isomerase and thioredoxins	-	-	-	-	-	Glutaredoxin
3225	GEA50722.1	1205908.AKXW01000161_gene2569	7.77e-209	579.0	COG3203@1|root,COG3203@2|Bacteria,1R541@1224|Proteobacteria,1RPPR@1236|Gammaproteobacteria,1XTK1@135623|Vibrionales	COG3203 Outer membrane protein (porin)	-	-	-	-	-	Porin_4
3225	GEA50723.1	1205908.AKXW01000161_gene2568	1.41e-153	435.0	COG2834@1|root,COG2834@2|Bacteria,1MXW0@1224|Proteobacteria,1RS0K@1236|Gammaproteobacteria,1XVD7@135623|Vibrionales	Outer membrane lipoprotein-sorting protein	VPA0557	-	-	-	-	LolA_like
3225	GEA50724.1	1205908.AKXW01000161_gene2567	6.99e-235	653.0	COG4591@1|root,COG4591@2|Bacteria,1R4Q2@1224|Proteobacteria,1S1AK@1236|Gammaproteobacteria,1XVHA@135623|Vibrionales	FtsX-like permease family	VPA0558	-	-	-	-	FtsX,MacB_PCD
3225	GEA50725.1	1205908.AKXW01000161_gene2566	4.46e-201	567.0	COG4591@1|root,COG4591@2|Bacteria,1R4Q2@1224|Proteobacteria,1S7I9@1236|Gammaproteobacteria,1XU7J@135623|Vibrionales	MacB-like periplasmic core domain	VPA0559	-	-	-	-	FtsX,MacB_PCD
3225	GEA50726.1	1205908.AKXW01000161_gene2565	3.83e-147	417.0	COG1136@1|root,COG1136@2|Bacteria,1MU45@1224|Proteobacteria,1S4GN@1236|Gammaproteobacteria,1Y2TK@135623|Vibrionales	abc transporter atp-binding protein	-	-	ko:K02003	-	ko00000,ko00002,ko02000	ABC_tran
3225	GEA50727.1	1205908.AKXW01000161_gene2564	3.85e-264	726.0	2C2F5@1|root,32WND@2|Bacteria,1R7B4@1224|Proteobacteria,1RZJV@1236|Gammaproteobacteria,1XTNW@135623|Vibrionales	-	VPA0561	-	-	-	-	-
3225	GEA50728.1	1205908.AKXW01000161_gene2563	2.93e-300	820.0	COG0513@1|root,COG0513@2|Bacteria,1MU49@1224|Proteobacteria,1RQ36@1236|Gammaproteobacteria,1XV3X@135623|Vibrionales	Belongs to the DEAD box helicase family	dbpA	-	ko:K05591	-	ko00000,ko01000,ko03009	DEAD,DbpA,Helicase_C
3225	GEA50730.1	1205908.AKXW01000161_gene2561	4.28e-121	346.0	COG3310@1|root,COG3310@2|Bacteria,1RDE0@1224|Proteobacteria,1S3X6@1236|Gammaproteobacteria,1XU3W@135623|Vibrionales	protein conserved in bacteria	-	-	ko:K09941	-	ko00000	DUF1415
3225	GEA50731.1	1205908.AKXW01000161_gene2560	2.52e-158	445.0	COG0778@1|root,COG0778@2|Bacteria,1NIJ8@1224|Proteobacteria,1RMRT@1236|Gammaproteobacteria,1XTEA@135623|Vibrionales	NAD(P)h-flavin oxidoreductase	nfsA	-	ko:K10678,ko:K19285	ko00633,ko00740,ko01100,ko01120,map00633,map00740,map01100,map01120	ko00000,ko00001,ko01000	Nitroreductase
3225	GEA50732.1	1205908.AKXW01000161_gene2559	0.0	1165.0	COG1164@1|root,COG1164@2|Bacteria,1MUYZ@1224|Proteobacteria,1RYXN@1236|Gammaproteobacteria,1XTZF@135623|Vibrionales	Peptidase family M3	-	-	-	-	-	Peptidase_M3
3225	GEA50733.1	1205908.AKXW01000161_gene2558	3.42e-51	164.0	2AWA5@1|root,31N5P@2|Bacteria,1QJX1@1224|Proteobacteria,1THYZ@1236|Gammaproteobacteria,1XXYH@135623|Vibrionales	-	-	-	-	-	-	-
3225	GEA50734.1	1205908.AKXW01000161_gene2557	0.0	956.0	COG1299@1|root,COG1445@1|root,COG1299@2|Bacteria,COG1445@2|Bacteria,1MXFN@1224|Proteobacteria,1RMZC@1236|Gammaproteobacteria,1XSC5@135623|Vibrionales	COG1445 Phosphotransferase system fructose-specific component IIB	fruA	-	ko:K02769,ko:K02770	ko00051,ko01100,ko01120,ko02060,map00051,map01100,map01120,map02060	ko00000,ko00001,ko00002,ko01000,ko02000	PTS_EIIC,PTS_IIB
3225	GEA50735.1	1205908.AKXW01000161_gene2556	5.64e-192	536.0	COG1105@1|root,COG1105@2|Bacteria,1MVNW@1224|Proteobacteria,1RP6K@1236|Gammaproteobacteria,1XSVH@135623|Vibrionales	belongs to the carbohydrate kinase PfkB family	fruK	-	ko:K00882	ko00051,map00051	ko00000,ko00001,ko01000	PfkB
3225	GEA50736.1	1205908.AKXW01000161_gene2555	4.3e-226	629.0	COG1925@1|root,COG4668@1|root,COG1925@2|Bacteria,COG4668@2|Bacteria,1MVP6@1224|Proteobacteria,1RQP4@1236|Gammaproteobacteria,1XSJ1@135623|Vibrionales	COG4668 Mannitol fructose-specific phosphotransferase system, IIA domain	fruB	-	ko:K02768,ko:K11183	ko00051,ko01100,ko01120,ko02060,map00051,map01100,map01120,map02060	ko00000,ko00001,ko00002,ko01000,ko02000	PTS-HPr,PTS_EIIA_2
3225	GEA50737.1	1205908.AKXW01000161_gene2554	1.29e-199	557.0	COG1609@1|root,COG1609@2|Bacteria,1MXQ1@1224|Proteobacteria,1RNR1@1236|Gammaproteobacteria,1XT6Y@135623|Vibrionales	COG1609 Transcriptional regulators	fruR	-	ko:K03435	-	ko00000,ko03000	LacI,Peripla_BP_1,Peripla_BP_4
3225	GEA50738.1	1205908.AKXW01000161_gene2553	2.26e-189	530.0	COG0583@1|root,COG0583@2|Bacteria,1RAWC@1224|Proteobacteria,1S35Q@1236|Gammaproteobacteria,1XTX2@135623|Vibrionales	Bacterial regulatory helix-turn-helix protein, lysR family	-	-	-	-	-	HTH_1,LysR_substrate
3225	GEA50739.1	1205908.AKXW01000161_gene2552	6.4e-250	689.0	COG2067@1|root,COG2067@2|Bacteria,1R3SS@1224|Proteobacteria,1S0X2@1236|Gammaproteobacteria,1XW04@135623|Vibrionales	Outer membrane protein transport protein (OMPP1/FadL/TodX)	-	-	ko:K06076	-	ko00000,ko02000	Toluene_X
3225	GEA50740.1	1205908.AKXW01000161_gene2551	6.42e-203	563.0	COG0583@1|root,COG0583@2|Bacteria,1MW1R@1224|Proteobacteria,1RQMP@1236|Gammaproteobacteria,1XUU4@135623|Vibrionales	Transcriptional regulator, LysR family	-	-	-	-	-	HTH_1,LysR_substrate
3225	GEA50741.1	1205908.AKXW01000161_gene2550	1.5e-229	632.0	COG0604@1|root,COG0604@2|Bacteria,1MU4N@1224|Proteobacteria,1RNSV@1236|Gammaproteobacteria,1XTJE@135623|Vibrionales	Belongs to the zinc-containing alcohol dehydrogenase family. Quinone oxidoreductase subfamily	-	-	-	-	-	ADH_N,ADH_zinc_N
3225	GEA50742.1	1205908.AKXW01000161_gene2549	3.13e-259	714.0	COG1757@1|root,COG1757@2|Bacteria,1MX0T@1224|Proteobacteria,1RN8E@1236|Gammaproteobacteria,1XSIG@135623|Vibrionales	Na H antiporter	-	-	-	-	-	Na_H_antiporter
3225	GEA50744.1	1205908.AKXW01000161_gene2548	0.0	1452.0	COG3250@1|root,COG3250@2|Bacteria,1NYBH@1224|Proteobacteria,1RZPC@1236|Gammaproteobacteria,1XSPV@135623|Vibrionales	COG3250 Beta-galactosidase beta-glucuronidase	-	-	ko:K01192	ko00511,ko04142,map00511,map04142	ko00000,ko00001,ko01000	Glyco_hydro_2
3225	GEA50745.1	1205908.AKXW01000161_gene2547	7.48e-163	458.0	COG0730@1|root,COG0730@2|Bacteria,1R712@1224|Proteobacteria,1S6UI@1236|Gammaproteobacteria,1XT3V@135623|Vibrionales	membrane transporter protein	-	-	ko:K07090	-	ko00000	TauE
3225	GEA50746.1	1205908.AKXW01000161_gene2546	9.89e-64	194.0	COG0296@1|root,COG0296@2|Bacteria,1N8WX@1224|Proteobacteria,1S8R5@1236|Gammaproteobacteria,1Y291@135623|Vibrionales	Belongs to the glycosyl hydrolase 13 family	-	-	-	-	-	AMPK1_CBM
3225	GEA50748.1	1219072.VHA01S_008_01000	1.37e-41	137.0	2B5HC@1|root,31YC1@2|Bacteria,1QKAU@1224|Proteobacteria,1TIEB@1236|Gammaproteobacteria,1XYZ4@135623|Vibrionales	-	-	-	-	-	-	-
3225	GEA50749.1	1219072.VHA01S_008_01010	0.0	7759.0	COG2931@1|root,COG3210@1|root,COG2931@2|Bacteria,COG3210@2|Bacteria,1MU7T@1224|Proteobacteria,1SKNR@1236|Gammaproteobacteria,1XSUJ@135623|Vibrionales	COG2931, RTX toxins and related Ca2 -binding proteins	-	-	-	-	-	HemolysinCabind,Peptidase_M10_C
3225	GEA50750.1	1205908.AKXW01000086_gene2077	0.0	1485.0	COG1067@1|root,COG1067@2|Bacteria,1MWGB@1224|Proteobacteria,1RMPC@1236|Gammaproteobacteria,1XSB9@135623|Vibrionales	Belongs to the peptidase S16 family	-	-	-	-	-	AAA_32,Lon_C
3225	GEA50751.1	1205908.AKXW01000086_gene2078	1.57e-136	389.0	COG0500@1|root,COG0500@2|Bacteria,1QUI2@1224|Proteobacteria,1RQ53@1236|Gammaproteobacteria,1XUG7@135623|Vibrionales	ubiE/COQ5 methyltransferase family	-	-	-	-	-	Methyltransf_11,Methyltransf_25
3225	GEA50752.1	1205908.AKXW01000086_gene2079	2.22e-161	452.0	COG2030@1|root,COG2030@2|Bacteria,1RAHS@1224|Proteobacteria,1T0EH@1236|Gammaproteobacteria,1XTU1@135623|Vibrionales	COG2030 Acyl dehydratase	-	-	-	-	-	MaoC_dehydratas
3225	GEA50753.1	1205908.AKXW01000086_gene2080	1.27e-167	471.0	COG0226@1|root,COG0226@2|Bacteria,1MW2Z@1224|Proteobacteria,1S5B9@1236|Gammaproteobacteria,1XTQY@135623|Vibrionales	COG0226 ABC-type phosphate transport system, periplasmic component	-	-	ko:K02040	ko02010,ko02020,ko05152,map02010,map02020,map05152	ko00000,ko00001,ko00002,ko02000	PBP_like,PBP_like_2
3225	GEA50754.1	1205908.AKXW01000086_gene2081	6.14e-71	214.0	2AWCE@1|root,31N87@2|Bacteria,1QJZK@1224|Proteobacteria,1TI21@1236|Gammaproteobacteria,1XY73@135623|Vibrionales	Protein of unknown function (DUF3024)	-	-	-	-	-	DUF3024
3225	GEA50755.1	1205908.AKXW01000086_gene2082	1.74e-272	748.0	COG0448@1|root,COG0448@2|Bacteria,1MVTC@1224|Proteobacteria,1RP04@1236|Gammaproteobacteria,1XTGB@135623|Vibrionales	Catalyzes the synthesis of ADP-glucose, a sugar donor used in elongation reactions on alpha-glucans	glgC2	GO:0000271,GO:0003674,GO:0003824,GO:0005975,GO:0005976,GO:0005977,GO:0005978,GO:0006073,GO:0006091,GO:0006112,GO:0008150,GO:0008152,GO:0008878,GO:0009058,GO:0009059,GO:0009250,GO:0009987,GO:0015980,GO:0016051,GO:0016740,GO:0016772,GO:0016779,GO:0033692,GO:0034637,GO:0034645,GO:0043170,GO:0044042,GO:0044237,GO:0044238,GO:0044249,GO:0044260,GO:0044262,GO:0044264,GO:0055114,GO:0070566,GO:0071704,GO:1901576	ko:K00975	ko00500,ko00520,ko01100,ko01110,ko02026,map00500,map00520,map01100,map01110,map02026	ko00000,ko00001,ko00002,ko01000	NTP_transferase
3225	GEA50756.1	1205908.AKXW01000086_gene2083	0.0	959.0	COG0554@1|root,COG0554@2|Bacteria,1MUP7@1224|Proteobacteria,1RMAF@1236|Gammaproteobacteria,1XUKJ@135623|Vibrionales	Key enzyme in the regulation of glycerol uptake and metabolism. Catalyzes the phosphorylation of glycerol to yield sn- glycerol 3-phosphate	glpK	GO:0003674,GO:0003824,GO:0004370,GO:0005975,GO:0006066,GO:0006071,GO:0006793,GO:0006796,GO:0008150,GO:0008152,GO:0009987,GO:0016301,GO:0016310,GO:0016740,GO:0016772,GO:0016773,GO:0019400,GO:0019751,GO:0044237,GO:0044238,GO:0044262,GO:0044281,GO:0071704,GO:1901615	ko:K00864	ko00561,ko01100,ko03320,ko04626,map00561,map01100,map03320,map04626	ko00000,ko00001,ko01000,ko04147	FGGY_C,FGGY_N
3225	GEA50757.1	1205908.AKXW01000086_gene2084	1.72e-243	669.0	COG0418@1|root,COG0418@2|Bacteria,1MUYP@1224|Proteobacteria,1RNEN@1236|Gammaproteobacteria,1XSNV@135623|Vibrionales	Catalyzes the reversible cyclization of carbamoyl aspartate to dihydroorotate	pyrC	GO:0003674,GO:0003824,GO:0004151,GO:0005575,GO:0005622,GO:0005623,GO:0005737,GO:0005829,GO:0006139,GO:0006206,GO:0006207,GO:0006220,GO:0006221,GO:0006725,GO:0006753,GO:0006793,GO:0006796,GO:0006807,GO:0008150,GO:0008152,GO:0009058,GO:0009112,GO:0009117,GO:0009165,GO:0009218,GO:0009220,GO:0009259,GO:0009260,GO:0009987,GO:0016787,GO:0016810,GO:0016812,GO:0018130,GO:0019438,GO:0019637,GO:0019693,GO:0019856,GO:0034641,GO:0034654,GO:0044237,GO:0044238,GO:0044249,GO:0044271,GO:0044281,GO:0044424,GO:0044444,GO:0044464,GO:0046112,GO:0046390,GO:0046483,GO:0055086,GO:0071704,GO:0072527,GO:0072528,GO:0090407,GO:1901135,GO:1901137,GO:1901293,GO:1901360,GO:1901362,GO:1901564,GO:1901566,GO:1901576	ko:K01465	ko00240,ko01100,map00240,map01100	ko00000,ko00001,ko00002,ko01000	Amidohydro_1
3225	GEA50758.1	1205908.AKXW01000086_gene2085	4.94e-183	511.0	COG3217@1|root,COG3217@2|Bacteria,1MXN2@1224|Proteobacteria,1RMN7@1236|Gammaproteobacteria,1XSP5@135623|Vibrionales	Fe-S protein	VVA0408	-	ko:K07140	-	ko00000	FAD_binding_6,Fer2,MOSC,MOSC_N,NAD_binding_1
3225	GEA50759.1	1205908.AKXW01000086_gene2086	3.01e-187	521.0	COG0171@1|root,COG0171@2|Bacteria,1MU9U@1224|Proteobacteria,1RNKA@1236|Gammaproteobacteria,1XSFI@135623|Vibrionales	Catalyzes the ATP-dependent amidation of deamido-NAD to form NAD. Uses ammonia as a nitrogen source	nadE	-	ko:K01916	ko00760,ko01100,map00760,map01100	ko00000,ko00001,ko00002,ko01000	NAD_synthase
3225	GEA50760.1	1205908.AKXW01000086_gene2087	1.9e-110	318.0	COG1057@1|root,COG1057@2|Bacteria,1N1IS@1224|Proteobacteria,1SA2H@1236|Gammaproteobacteria,1XWZ4@135623|Vibrionales	adenylyltransferase	nadD	-	ko:K00969	ko00760,ko01100,map00760,map01100	ko00000,ko00001,ko00002,ko01000	CTP_transf_like
3225	GEA50761.1	1205908.AKXW01000086_gene2088	3.61e-98	286.0	29KEN@1|root,307BY@2|Bacteria,1QJQ0@1224|Proteobacteria,1THR1@1236|Gammaproteobacteria,1XX8P@135623|Vibrionales	-	-	-	-	-	-	-
3225	GEA50762.1	1205908.AKXW01000086_gene2089	1.4e-135	385.0	28R69@1|root,2ZDKA@2|Bacteria,1P5DZ@1224|Proteobacteria,1SW5A@1236|Gammaproteobacteria,1XWIU@135623|Vibrionales	COG2207 AraC-type DNA-binding domain-containing proteins	VPA0415	-	-	-	-	AraC_binding
3225	GEA50763.1	1205908.AKXW01000086_gene2090	1.98e-262	720.0	COG0204@1|root,COG0204@2|Bacteria,1MUFH@1224|Proteobacteria,1RNJQ@1236|Gammaproteobacteria,1XSQX@135623|Vibrionales	Phosphate acyltransferases	-	-	-	-	-	Acyltransferase
3225	GEA50764.1	1205908.AKXW01000086_gene2091	1.47e-56	176.0	COG3691@1|root,COG3691@2|Bacteria,1NNR5@1224|Proteobacteria,1SHHC@1236|Gammaproteobacteria,1XYHA@135623|Vibrionales	protein conserved in bacteria	VPA0419	-	-	-	-	DUF406
3225	GEA50765.1	1205908.AKXW01000086_gene2092	1.63e-99	289.0	COG1309@1|root,COG1309@2|Bacteria,1P117@1224|Proteobacteria,1SIAW@1236|Gammaproteobacteria,1XWYZ@135623|Vibrionales	Transcriptional regulator	luxT	-	-	-	-	TetR_N
3225	GEA50766.1	1205908.AKXW01000086_gene2093	9.51e-61	186.0	COG0760@1|root,COG0760@2|Bacteria,1MZDK@1224|Proteobacteria,1S9DN@1236|Gammaproteobacteria,1XXXZ@135623|Vibrionales	COG0760 Parvulin-like peptidyl-prolyl isomerase	ppiC	-	ko:K03769	-	ko00000,ko01000,ko03110	Rotamase_3
3225	GEA50767.1	1219072.VHA01S_038_00290	1.11e-18	84.3	COG1262@1|root,COG1262@2|Bacteria,1R6GS@1224|Proteobacteria,1S5ET@1236|Gammaproteobacteria,1XU1P@135623|Vibrionales	Protein of unknown function (DUF1566)	-	-	-	-	-	Cytochrome_CBB3,DUF1566,EF-hand_5
3225	GEA50768.1	1219080.VEZ01S_45_00950	8.49e-54	178.0	COG1262@1|root,COG1262@2|Bacteria,1R6GS@1224|Proteobacteria,1S5ET@1236|Gammaproteobacteria,1XU1P@135623|Vibrionales	Protein of unknown function (DUF1566)	-	-	-	-	-	Cytochrome_CBB3,DUF1566,EF-hand_5
3225	GEA50769.1	1219072.VHA01S_038_00290	1.56e-19	86.3	COG1262@1|root,COG1262@2|Bacteria,1R6GS@1224|Proteobacteria,1S5ET@1236|Gammaproteobacteria,1XU1P@135623|Vibrionales	Protein of unknown function (DUF1566)	-	-	-	-	-	Cytochrome_CBB3,DUF1566,EF-hand_5
3225	GEA50770.1	1219072.VHA01S_076_00080	9.76e-25	96.7	COG4454@1|root,COG4454@2|Bacteria,1N7A1@1224|Proteobacteria,1SE2P@1236|Gammaproteobacteria,1XV7P@135623|Vibrionales	Copper-binding protein	cusF	-	-	-	-	-
3225	GEA50771.1	204669.Acid345_0821	8.58e-38	147.0	COG2202@1|root,COG4564@1|root,COG2202@2|Bacteria,COG4564@2|Bacteria	Single Cache domain 2	degS	-	ko:K02480	-	ko00000,ko01000,ko01001,ko02022	HATPase_c,HisKA_3,PAS_3,sCache_2
3225	GEA50772.1	1485545.JQLW01000005_gene856	5.86e-72	233.0	COG2984@1|root,COG2984@2|Bacteria,1R84M@1224|Proteobacteria	PFAM ABC transporter substrate binding protein	-	-	-	-	-	ABC_sub_bind
3225	GEA50773.1	1121447.JONL01000001_gene465	2.03e-189	611.0	COG0642@1|root,COG5002@1|root,COG0642@2|Bacteria,COG5002@2|Bacteria,1R5EN@1224|Proteobacteria,42NK9@68525|delta/epsilon subdivisions,2X7E0@28221|Deltaproteobacteria,2MHE4@213115|Desulfovibrionales	PFAM ATP-binding region ATPase domain protein	-	-	-	-	-	HATPase_c,HisKA,Hpt,PAS,PAS_4,PAS_9,Response_reg,SBP_bac_3
3225	GEA50774.1	1121448.DGI_2966	2.27e-92	292.0	COG3437@1|root,COG3437@2|Bacteria,1MUB8@1224|Proteobacteria,42M4Y@68525|delta/epsilon subdivisions,2WKKD@28221|Deltaproteobacteria,2MG10@213115|Desulfovibrionales	metal-dependent phosphohydrolase HD region	-	-	ko:K07814	-	ko00000,ko02022	HD,HD_5,Response_reg
3225	GEA50775.1	706587.Desti_2130	2.08e-70	220.0	COG2197@1|root,COG2197@2|Bacteria,1R9GN@1224|Proteobacteria,43AV8@68525|delta/epsilon subdivisions,2X69B@28221|Deltaproteobacteria,2MSKC@213462|Syntrophobacterales	PFAM Response regulator receiver domain	-	-	-	-	-	GerE,Response_reg
3225	GEA50776.1	1219077.VAZ01S_009_00170	2.28e-20	94.7	COG2197@1|root,COG2197@2|Bacteria,1QJFN@1224|Proteobacteria,1THF2@1236|Gammaproteobacteria,1XV7Z@135623|Vibrionales	helix_turn_helix, Lux Regulon	-	-	-	-	-	GerE
3225	GEA50777.1	1219076.N646_0316	4.62e-115	342.0	28RRT@1|root,2ZE4B@2|Bacteria,1RCHD@1224|Proteobacteria,1S345@1236|Gammaproteobacteria,1XTM3@135623|Vibrionales	Protein of unknown function (DUF3187)	-	-	-	-	-	DUF3187
3225	GEA50778.1	575788.VS_1539	4.11e-100	308.0	COG0845@1|root,COG0845@2|Bacteria,1NJDF@1224|Proteobacteria,1RSFR@1236|Gammaproteobacteria,1XWGD@135623|Vibrionales	Belongs to the membrane fusion protein (MFP) (TC 8.A.1) family	-	-	-	-	-	Biotin_lipoyl_2,HlyD_3,HlyD_D23
3225	GEA50779.1	575788.VS_1540	0.0	1302.0	COG0841@1|root,COG0841@2|Bacteria,1MU48@1224|Proteobacteria,1RMBN@1236|Gammaproteobacteria,1XUCC@135623|Vibrionales	Belongs to the resistance-nodulation-cell division (RND) (TC 2.A.6) family	-	-	-	-	-	ACR_tran
3225	GEA50780.1	1136163.M565_ctg1P1034	2.23e-170	497.0	COG1538@1|root,COG1538@2|Bacteria,1MUA8@1224|Proteobacteria,1RN5K@1236|Gammaproteobacteria,1XV4P@135623|Vibrionales	Outer membrane efflux protein	-	-	-	-	-	OEP
3225	GEA50781.1	1517681.HW45_09200	4.7e-47	153.0	2F679@1|root,33YRA@2|Bacteria,1NXHI@1224|Proteobacteria,1SPW2@1236|Gammaproteobacteria,1XXTK@135623|Vibrionales	of the major facilitator superfamily	BLR3482	-	-	-	-	-
3225	GEA50782.1	675817.VDA_000950	2.95e-157	456.0	COG1566@1|root,COG1566@2|Bacteria,1NAVG@1224|Proteobacteria,1RN17@1236|Gammaproteobacteria,1Y2RC@135623|Vibrionales	Biotin-lipoyl like	-	-	-	-	-	Biotin_lipoyl_2,HlyD_D23
3225	GEA50783.1	575788.VS_1570	3.72e-210	590.0	COG0786@1|root,COG0786@2|Bacteria,1MVBC@1224|Proteobacteria,1RP0S@1236|Gammaproteobacteria,1XUE5@135623|Vibrionales	Catalyzes the sodium-dependent transport of glutamate	gltS	-	ko:K03312	-	ko00000,ko02000	Glt_symporter
3225	GEA50784.1	575788.VS_1569	1.35e-164	478.0	COG1752@1|root,COG1752@2|Bacteria,1MUI6@1224|Proteobacteria,1RN0G@1236|Gammaproteobacteria,1Y0DN@135623|Vibrionales	Patatin-like phospholipase	-	-	-	-	-	Patatin
3225	GEA50785.1	177437.HRM2_10340	1.51e-78	250.0	COG2829@1|root,COG2829@2|Bacteria,1PC8I@1224|Proteobacteria,42R3P@68525|delta/epsilon subdivisions,2WMVW@28221|Deltaproteobacteria,2MJGY@213118|Desulfobacterales	Phospholipase A1	-	-	ko:K01058	ko00564,ko00565,ko00590,ko00591,ko00592,ko01100,ko01110,map00564,map00565,map00590,map00591,map00592,map01100,map01110	ko00000,ko00001,ko01000	PLA1
3225	GEA50788.1	1517681.HW45_15155	9.83e-177	502.0	COG0387@1|root,COG0387@2|Bacteria,1MWD8@1224|Proteobacteria,1RME3@1236|Gammaproteobacteria,1XU7Y@135623|Vibrionales	Sodium/calcium exchanger protein	-	-	-	-	-	Na_Ca_ex
3225	GEA50789.1	298386.PBPRB1214	4.46e-13	70.9	2AX2B@1|root,31P0N@2|Bacteria,1QKPU@1224|Proteobacteria,1TIU6@1236|Gammaproteobacteria,1XZNQ@135623|Vibrionales	-	VPA1092	-	-	-	-	-
3225	GEA50790.1	945550.VISI1226_00960	0.0	927.0	COG0591@1|root,COG0591@2|Bacteria,1MW6E@1224|Proteobacteria,1RXYK@1236|Gammaproteobacteria,1XU6V@135623|Vibrionales	Belongs to the sodium solute symporter (SSF) (TC 2.A.21) family	-	-	-	-	-	SSF
3225	GEA50791.1	1205908.AKXW01000086_gene2096	6.26e-221	614.0	COG0628@1|root,COG0628@2|Bacteria,1MVX7@1224|Proteobacteria,1RNN1@1236|Gammaproteobacteria,1XSXA@135623|Vibrionales	AI-2E family transporter	-	-	-	-	-	AI-2E_transport
3225	GEA50792.1	1205908.AKXW01000086_gene2097	7.02e-113	328.0	COG1226@1|root,32Y28@2|Bacteria,1MYY3@1224|Proteobacteria,1S8QF@1236|Gammaproteobacteria,1XT2D@135623|Vibrionales	Ion channel	-	-	-	-	-	Ion_trans_2
3225	GEA50794.1	1219065.VPR01S_20_00030	4.3e-42	155.0	COG0583@1|root,COG0583@2|Bacteria,1RBKB@1224|Proteobacteria,1S38N@1236|Gammaproteobacteria,1XT7Q@135623|Vibrionales	Transcriptional regulator	-	-	-	-	-	HTH_1,LysR_substrate
3225	GEA50795.1	1399774.JDWH01000003_gene1214	2.5e-79	248.0	COG1566@1|root,COG1566@2|Bacteria,1MWG0@1224|Proteobacteria,1RRE3@1236|Gammaproteobacteria,3X072@547|Enterobacter	Belongs to the membrane fusion protein (MFP) (TC 8.A.1) family	ydhJ	GO:0003674,GO:0005215,GO:0006810,GO:0006855,GO:0008150,GO:0015238,GO:0015546,GO:0015893,GO:0015906,GO:0022857,GO:0042221,GO:0042493,GO:0042886,GO:0042887,GO:0042891,GO:0042895,GO:0042908,GO:0042910,GO:0045117,GO:0050896,GO:0051179,GO:0051234,GO:0055085,GO:0071702,GO:0071705,GO:0072348,GO:1901474,GO:1901682,GO:1902599	-	-	-	Biotin_lipoyl_2,HlyD_3,HlyD_D23
3225	GEA50796.1	617140.AJZE01000072_gene814	3.25e-16	90.5	COG1289@1|root,COG1289@2|Bacteria	transmembrane transporter activity	-	-	-	-	-	FUSC,FUSC_2
3225	GEA50797.1	1205908.AKXW01000086_gene2098	5.63e-122	348.0	COG4681@1|root,COG4681@2|Bacteria,1RDR9@1224|Proteobacteria,1S43N@1236|Gammaproteobacteria,1XWNR@135623|Vibrionales	protein conserved in bacteria	-	-	-	-	-	YaeQ
3225	GEA50798.1	1205908.AKXW01000086_gene2099	6.55e-44	142.0	COG1278@1|root,COG1278@2|Bacteria,1N6Q5@1224|Proteobacteria,1SCA7@1236|Gammaproteobacteria,1XYCD@135623|Vibrionales	Cold shock	cspV	-	ko:K03704	-	ko00000,ko03000	CSD
3225	GEA50799.1	1205908.AKXW01000086_gene2100	3.5e-84	249.0	COG1765@1|root,COG1765@2|Bacteria,1RCZW@1224|Proteobacteria,1S3XF@1236|Gammaproteobacteria,1XWXE@135623|Vibrionales	redox protein, regulator of disulfide bond formation	yhfA	-	ko:K07397	-	ko00000	OsmC
3225	GEA50800.1	1205908.AKXW01000086_gene2101	1.19e-56	176.0	COG3042@1|root,COG3042@2|Bacteria	-	-	-	ko:K09712	-	ko00000	DUF333,DUF4377
3225	GEA50801.1	1205908.AKXW01000086_gene2102	7.22e-119	340.0	COG1051@1|root,COG1051@2|Bacteria,1RB8R@1224|Proteobacteria,1S1A6@1236|Gammaproteobacteria,1XSJ6@135623|Vibrionales	COG0494 NTP pyrophosphohydrolases including oxidative damage repair enzymes	-	-	-	-	-	NUDIX
3225	GEA50802.1	1205908.AKXW01000086_gene2103	8.81e-165	462.0	COG1340@1|root,COG1340@2|Bacteria	protein secretion by the type IV secretion system	potC	-	ko:K00564,ko:K02026,ko:K10716,ko:K11070,ko:K13924,ko:K14393	ko02010,ko02020,ko02030,map02010,map02020,map02030	ko00000,ko00001,ko00002,ko01000,ko02000,ko02022,ko02035,ko03009	Abhydrolase_8,BPD_transp_1,CheB_methylest,CheR,CheR_N,HATPase_c,HisKA,Ion_trans_2,PAS_4,PhageMin_Tail
3225	GEA50803.1	1205908.AKXW01000086_gene2104	9.18e-61	187.0	COG0393@1|root,COG0393@2|Bacteria,1N0XM@1224|Proteobacteria,1S62I@1236|Gammaproteobacteria,1XXXM@135623|Vibrionales	Belongs to the UPF0145 family	-	-	-	-	-	YbjQ_1
3225	GEA50804.1	617140.AJZE01000034_gene2830	3.74e-140	411.0	COG2995@1|root,COG2995@2|Bacteria,1MWG1@1224|Proteobacteria,1RM9Z@1236|Gammaproteobacteria,1XTZG@135623|Vibrionales	Paraquat-inducible protein A	pqiA	-	ko:K03808	-	ko00000	PqiA
3225	GEA50805.1	617140.AJZE01000034_gene2831	2.35e-201	579.0	COG1463@1|root,COG3008@1|root,COG1463@2|Bacteria,COG3008@2|Bacteria,1MU1T@1224|Proteobacteria,1RN89@1236|Gammaproteobacteria,1XSDG@135623|Vibrionales	MlaD protein	pqiB	-	ko:K06192	-	ko00000	MlaD
3225	GEA50806.1	1116375.VEJY3_10505	9.69e-24	99.0	COG3009@1|root,COG3009@2|Bacteria,1PJIN@1224|Proteobacteria,1RQTB@1236|Gammaproteobacteria,1XSBN@135623|Vibrionales	ABC-type transport auxiliary lipoprotein component	-	-	ko:K09857	-	ko00000	ABC_trans_aux
3225	GEA50807.1	1219072.VHA01S_044_00170	6.66e-196	550.0	COG1647@1|root,COG1647@2|Bacteria,1MVZP@1224|Proteobacteria,1T1TS@1236|Gammaproteobacteria,1XV0B@135623|Vibrionales	Serine aminopeptidase, S33	-	-	-	-	-	Hydrolase_4
3225	GEA50808.1	675816.VIA_001991	2.79e-296	813.0	COG2723@1|root,COG2723@2|Bacteria,1MWG6@1224|Proteobacteria,1RMM2@1236|Gammaproteobacteria,1XSV6@135623|Vibrionales	Belongs to the glycosyl hydrolase 1 family	-	-	ko:K01223	ko00010,ko00500,map00010,map00500	ko00000,ko00001,ko01000	Glyco_hydro_1
3225	GEA50809.1	1205908.AKXW01000086_gene2110	3.22e-200	556.0	COG0583@1|root,COG0583@2|Bacteria,1N4BZ@1224|Proteobacteria,1RRCD@1236|Gammaproteobacteria,1XTHR@135623|Vibrionales	Transcriptional regulator	-	-	-	-	-	HTH_1,LysR_substrate
3225	GEA50810.1	1205908.AKXW01000086_gene2111	4.87e-280	766.0	COG0156@1|root,COG0156@2|Bacteria,1MVVH@1224|Proteobacteria,1RNS6@1236|Gammaproteobacteria,1XSBG@135623|Vibrionales	Catalyzes the cleavage of 2-amino-3-ketobutyrate to glycine and acetyl-CoA	kbl	-	ko:K00639	ko00260,map00260	ko00000,ko00001,ko01000,ko01007	Aminotran_1_2
3225	GEA50811.1	1205908.AKXW01000086_gene2112	9e-255	697.0	COG1063@1|root,COG1063@2|Bacteria,1MV9A@1224|Proteobacteria,1RMNY@1236|Gammaproteobacteria,1XUZV@135623|Vibrionales	Catalyzes the NAD( )-dependent oxidation of L-threonine to 2-amino-3-ketobutyrate	tdh	-	ko:K00060	ko00260,map00260	ko00000,ko00001,ko01000	ADH_N,ADH_zinc_N
3225	GEA50812.1	1205908.AKXW01000086_gene2113	8.64e-183	512.0	COG0697@1|root,COG0697@2|Bacteria,1R46X@1224|Proteobacteria,1RYTA@1236|Gammaproteobacteria,1Y27F@135623|Vibrionales	of the drug metabolite transporter (DMT) superfamily	-	-	-	-	-	EamA
3225	GEA50813.1	1205908.AKXW01000086_gene2114	8.51e-145	410.0	28TMI@1|root,2ZFV4@2|Bacteria,1R9YK@1224|Proteobacteria,1S221@1236|Gammaproteobacteria,1XUFY@135623|Vibrionales	Spondin_N	-	-	-	-	-	Spond_N
3225	GEA50814.1	1205908.AKXW01000086_gene2115	6.25e-141	401.0	28TMI@1|root,30GG2@2|Bacteria,1RE0D@1224|Proteobacteria,1S0JA@1236|Gammaproteobacteria,1XUPG@135623|Vibrionales	Spondin_N	-	-	-	-	-	Spond_N
3225	GEA50815.1	1205908.AKXW01000086_gene2116	1.52e-155	438.0	COG0745@1|root,COG0745@2|Bacteria,1MU3A@1224|Proteobacteria,1RQAV@1236|Gammaproteobacteria,1XURR@135623|Vibrionales	COG0745 Response regulators consisting of a CheY-like receiver domain and a winged-helix DNA-binding domain	-	-	-	-	-	Response_reg,Trans_reg_C
3225	GEA50816.1	1205908.AKXW01000086_gene2117	8.89e-293	804.0	COG0642@1|root,COG2205@2|Bacteria,1MXH7@1224|Proteobacteria,1THCY@1236|Gammaproteobacteria,1XU42@135623|Vibrionales	Signal transduction histidine kinase	-	-	-	-	-	HisKA
3225	GEA50817.1	1205908.AKXW01000086_gene2125	6.79e-222	612.0	2DM7I@1|root,32UGD@2|Bacteria,1N3NM@1224|Proteobacteria,1SAIU@1236|Gammaproteobacteria,1XV0E@135623|Vibrionales	-	-	-	-	-	-	-
3225	GEA50818.1	1205908.AKXW01000086_gene2126	1.4e-48	154.0	COG3530@1|root,COG3530@2|Bacteria,1N7GT@1224|Proteobacteria,1SCBX@1236|Gammaproteobacteria,1XYDT@135623|Vibrionales	protein conserved in bacteria	STM2426	-	ko:K09954	-	ko00000	QSregVF_b
3225	GEA50819.1	1205908.AKXW01000086_gene2127	1.67e-189	528.0	COG0625@1|root,COG0625@2|Bacteria,1MUN3@1224|Proteobacteria,1RMF7@1236|Gammaproteobacteria,1XTEP@135623|Vibrionales	Glutathione S-transferase	-	-	ko:K11209	-	ko00000,ko01000	GST_C,GST_C_2,GST_N,GST_N_2
3225	GEA50820.1	1205908.AKXW01000086_gene2128	0.0	996.0	COG0364@1|root,COG0364@2|Bacteria,1MUN0@1224|Proteobacteria,1RN76@1236|Gammaproteobacteria,1XSC7@135623|Vibrionales	Catalyzes the oxidation of glucose 6-phosphate to 6- phosphogluconolactone	zwf	-	ko:K00036	ko00030,ko00480,ko01100,ko01110,ko01120,ko01130,ko01200,ko05230,map00030,map00480,map01100,map01110,map01120,map01130,map01200,map05230	ko00000,ko00001,ko00002,ko01000,ko04147	G6PD_C,G6PD_N
3225	GEA50821.1	1205908.AKXW01000086_gene2129	1.8e-158	445.0	COG0363@1|root,COG0363@2|Bacteria,1QXIZ@1224|Proteobacteria,1SB0N@1236|Gammaproteobacteria,1XT94@135623|Vibrionales	COG0363 6-phosphogluconolactonase Glucosamine-6-phosphate isomerase deaminase	pgl	-	ko:K01057	ko00030,ko01100,ko01110,ko01120,ko01130,ko01200,map00030,map01100,map01110,map01120,map01130,map01200	ko00000,ko00001,ko00002,ko01000	Glucosamine_iso
3225	GEA50822.1	1205908.AKXW01000086_gene2130	0.0	969.0	COG0362@1|root,COG0362@2|Bacteria,1MVV8@1224|Proteobacteria,1RM7P@1236|Gammaproteobacteria,1XTAI@135623|Vibrionales	Catalyzes the oxidative decarboxylation of 6- phosphogluconate to ribulose 5-phosphate and CO(2), with concomitant reduction of NADP to NADPH	gnd	-	ko:K00033	ko00030,ko00480,ko01100,ko01110,ko01120,ko01130,ko01200,map00030,map00480,map01100,map01110,map01120,map01130,map01200	ko00000,ko00001,ko00002,ko01000	6PGD,NAD_binding_2
3225	GEA50823.1	1205908.AKXW01000086_gene2131	4.82e-178	496.0	COG3971@1|root,COG3971@2|Bacteria,1RA35@1224|Proteobacteria,1S589@1236|Gammaproteobacteria,1XVYV@135623|Vibrionales	2-keto-4-pentenoate hydratase	-	-	ko:K02554	ko00360,ko00362,ko00621,ko00622,ko01100,ko01120,ko01220,map00360,map00362,map00621,map00622,map01100,map01120,map01220	br01602,ko00000,ko00001,ko00002,ko01000	-
3225	GEA50824.1	1205908.AKXW01000117_gene1614	9.17e-41	136.0	2AWGA@1|root,31NCJ@2|Bacteria,1QK3I@1224|Proteobacteria,1TI6B@1236|Gammaproteobacteria,1XYGX@135623|Vibrionales	-	-	-	-	-	-	-
3225	GEA50825.1	1136163.M565_ctg1P1044	2.04e-68	207.0	COG1742@1|root,COG1742@2|Bacteria,1MZI8@1224|Proteobacteria,1SA4U@1236|Gammaproteobacteria,1XXTI@135623|Vibrionales	UPF0060 membrane protein	-	-	ko:K09771	-	ko00000,ko02000	UPF0060
3225	GEA50826.1	298386.PBPRB1302	4.68e-97	284.0	2E01C@1|root,32VQM@2|Bacteria,1N20N@1224|Proteobacteria,1SACC@1236|Gammaproteobacteria,1XTFG@135623|Vibrionales	YcxB-like protein	VPA0798	-	-	-	-	YcxB
3225	GEA50827.1	1205908.AKXW01000119_gene511	1.36e-227	629.0	COG0031@1|root,COG0031@2|Bacteria,1MUBE@1224|Proteobacteria,1RN6J@1236|Gammaproteobacteria,1Y0GR@135623|Vibrionales	Pyridoxal-phosphate dependent enzyme	cysK	-	ko:K01697,ko:K01738	ko00260,ko00270,ko00920,ko01100,ko01110,ko01120,ko01130,ko01200,ko01230,map00260,map00270,map00920,map01100,map01110,map01120,map01130,map01200,map01230	ko00000,ko00001,ko00002,ko01000	PALP
3225	GEA50828.1	617140.AJZE01000050_gene44	5.06e-194	541.0	COG1409@1|root,COG1409@2|Bacteria,1QM5V@1224|Proteobacteria,1TJDR@1236|Gammaproteobacteria,1Y12R@135623|Vibrionales	Hydrolyzes cAMP to 5'-AMP. Plays an important regulatory role in modulating the intracellular concentration of cAMP, thereby influencing cAMP-dependent processes	-	-	-	-	-	-
3225	GEA50829.1	617140.AJZE01000008_gene3499	1.2e-53	170.0	2E5YX@1|root,330NG@2|Bacteria,1N6QJ@1224|Proteobacteria,1SCNG@1236|Gammaproteobacteria,1XXUT@135623|Vibrionales	-	-	-	-	-	-	-
3225	GEA50830.1	543728.Vapar_0626	2.14e-15	83.6	COG4977@1|root,COG4977@2|Bacteria,1QTXA@1224|Proteobacteria	AraC-binding-like domain	-	-	-	-	-	AraC_binding_2,HTH_18
3225	GEA50834.1	85643.Tmz1t_1478	1.65e-219	628.0	COG3119@1|root,COG3119@2|Bacteria,1MV0B@1224|Proteobacteria,2VNB8@28216|Betaproteobacteria	Sulfatase	-	-	ko:K01130	ko00140,ko00600,map00140,map00600	ko00000,ko00001,ko01000	Sulfatase
3225	GEA50835.1	298386.PBPRB1964	1.5e-17	82.4	COG5433@1|root,COG5433@2|Bacteria,1MXB5@1224|Proteobacteria,1RSAV@1236|Gammaproteobacteria,1XWBQ@135623|Vibrionales	DDE_Tnp_1-associated	-	-	-	-	-	DDE_Tnp_1,DDE_Tnp_1_assoc
3225	GEA50836.1	1205908.AKXW01000049_gene58	1.91e-280	767.0	COG1092@1|root,COG1092@2|Bacteria,1MUGB@1224|Proteobacteria,1RN7Z@1236|Gammaproteobacteria,1XTVB@135623|Vibrionales	Specifically methylates the cytosine at position 1962 (m5C1962) of 23S rRNA	rlmI	-	ko:K06969	-	ko00000,ko01000,ko03009	Methyltrans_SAM
3225	GEA50837.1	1219072.VHA01S_040_00380	2.2e-47	152.0	COG1254@1|root,COG1254@2|Bacteria,1N6NU@1224|Proteobacteria,1SCPF@1236|Gammaproteobacteria,1XYDK@135623|Vibrionales	COG1254 Acylphosphatases	acyP	GO:0003674,GO:0003824,GO:0003998,GO:0016787,GO:0016817,GO:0016818	ko:K01512	ko00620,ko00627,ko01120,map00620,map00627,map01120	ko00000,ko00001,ko01000	Acylphosphatase
3225	GEA50838.1	1205908.AKXW01000049_gene56	3.41e-71	214.0	COG2920@1|root,COG2920@2|Bacteria,1RGVG@1224|Proteobacteria,1S5ZA@1236|Gammaproteobacteria,1XXBF@135623|Vibrionales	part of a sulfur-relay system	tusE	-	ko:K11179	ko04122,map04122	ko00000,ko00001,ko01000,ko03016	DsrC
3225	GEA50839.1	1205908.AKXW01000049_gene55	3.23e-141	400.0	COG0670@1|root,COG0670@2|Bacteria,1MU69@1224|Proteobacteria,1RRVZ@1236|Gammaproteobacteria,1XTWT@135623|Vibrionales	Belongs to the BI1 family	yccA	-	ko:K19416	-	ko00000,ko00002,ko02000	Bax1-I
3225	GEA50840.1	1205908.AKXW01000049_gene54	1.98e-179	499.0	COG1126@1|root,COG1126@2|Bacteria,1MU9Q@1224|Proteobacteria,1RMX1@1236|Gammaproteobacteria,1XTEU@135623|Vibrionales	COG1126 ABC-type polar amino acid transport system, ATPase component	aapP	-	ko:K02028,ko:K09972	ko02010,map02010	ko00000,ko00001,ko00002,ko01000,ko02000	ABC_tran
3225	GEA50841.1	1205908.AKXW01000049_gene53	4.3e-255	700.0	COG0765@1|root,COG0765@2|Bacteria,1MV3I@1224|Proteobacteria,1RPJR@1236|Gammaproteobacteria,1XTN4@135623|Vibrionales	COG0765 ABC-type amino acid transport system, permease component	aapM	-	ko:K09971	ko02010,map02010	ko00000,ko00001,ko00002,ko02000	BPD_transp_1
3225	GEA50842.1	1205908.AKXW01000049_gene52	1.1e-261	720.0	COG4597@1|root,COG4597@2|Bacteria,1MV0S@1224|Proteobacteria,1RN6V@1236|Gammaproteobacteria,1XSEY@135623|Vibrionales	COG4597 ABC-type amino acid transport system, permease component	aapQ	-	ko:K09970	ko02010,map02010	ko00000,ko00001,ko00002,ko02000	BPD_transp_1
3225	GEA50843.1	1205908.AKXW01000049_gene51	1.25e-240	662.0	COG0834@1|root,COG0834@2|Bacteria,1MV5D@1224|Proteobacteria,1RNJJ@1236|Gammaproteobacteria,1XSSI@135623|Vibrionales	COG0834 ABC-type amino acid transport signal transduction systems, periplasmic component domain	aapJ	-	ko:K09969	ko02010,map02010	ko00000,ko00001,ko00002,ko02000	SBP_bac_3
3225	GEA50844.1	1205908.AKXW01000049_gene50	1.24e-194	543.0	COG1648@1|root,COG1648@2|Bacteria,1RB3H@1224|Proteobacteria,1SPHW@1236|Gammaproteobacteria,1XT8S@135623|Vibrionales	COG1648 Siroheme synthase (precorrin-2 oxidase ferrochelatase domain)	cysG	-	ko:K02304	ko00860,ko01100,ko01110,ko01120,map00860,map01100,map01110,map01120	ko00000,ko00001,ko00002,ko01000	CysG_dimeriser,NAD_binding_7,Sirohm_synth_M
3225	GEA50845.1	1205908.AKXW01000049_gene49	1.38e-98	286.0	COG3118@1|root,COG3118@2|Bacteria,1RHUA@1224|Proteobacteria,1S64W@1236|Gammaproteobacteria,1XWV6@135623|Vibrionales	COG0526 Thiol-disulfide isomerase and thioredoxins	trxC	-	ko:K03672	-	ko00000,ko01000,ko03110	Thioredoxin
3225	GEA50846.1	1205908.AKXW01000049_gene48	5.52e-236	654.0	COG0738@1|root,COG0738@2|Bacteria,1QUEB@1224|Proteobacteria,1T1VW@1236|Gammaproteobacteria,1XT1X@135623|Vibrionales	of the major facilitator superfamily	-	-	-	-	-	MFS_1,Sugar_tr
3225	GEA50847.1	1205908.AKXW01000049_gene47	1.73e-102	297.0	COG1666@1|root,COG1666@2|Bacteria,1RDTF@1224|Proteobacteria,1S3RU@1236|Gammaproteobacteria,1XX34@135623|Vibrionales	Belongs to the UPF0234 family	yajQ	-	ko:K09767	-	ko00000	DUF520
3225	GEA50848.1	1205908.AKXW01000049_gene46	8.63e-252	691.0	COG0722@1|root,COG0722@2|Bacteria,1MU5Q@1224|Proteobacteria,1RMAA@1236|Gammaproteobacteria,1XUX8@135623|Vibrionales	Stereospecific condensation of phosphoenolpyruvate (PEP) and D-erythrose-4-phosphate (E4P) giving rise to 3-deoxy-D- arabino-heptulosonate-7-phosphate (DAHP)	aroH	-	ko:K01626	ko00400,ko01100,ko01110,ko01130,ko01230,ko02024,map00400,map01100,map01110,map01130,map01230,map02024	ko00000,ko00001,ko00002,ko01000	DAHP_synth_1
3225	GEA50849.1	1205908.AKXW01000049_gene45	4.02e-183	512.0	COG1080@1|root,COG1080@2|Bacteria,1QUXJ@1224|Proteobacteria,1T250@1236|Gammaproteobacteria,1XU1A@135623|Vibrionales	PEP-utilising enzyme, TIM barrel domain	-	-	ko:K01007	ko00620,ko00680,ko00720,ko01100,ko01120,ko01200,map00620,map00680,map00720,map01100,map01120,map01200	ko00000,ko00001,ko00002,ko01000	PEP-utilizers_C
3225	GEA50850.1	1205908.AKXW01000049_gene44	1.34e-196	545.0	COG2996@1|root,COG2996@2|Bacteria,1MXC3@1224|Proteobacteria,1RS4D@1236|Gammaproteobacteria,1XTG1@135623|Vibrionales	protein conserved in bacteria	-	-	ko:K00243	-	ko00000	S1_2
3225	GEA50851.1	1205908.AKXW01000049_gene43	0.0	870.0	COG0144@1|root,COG3270@1|root,COG0144@2|Bacteria,COG3270@2|Bacteria,1NAY1@1224|Proteobacteria,1RP74@1236|Gammaproteobacteria,1XSE4@135623|Vibrionales	Specifically methylates the cytosine at position 1407 (m5C1407) of 16S rRNA	rsmF	GO:0000154,GO:0001510,GO:0003674,GO:0003824,GO:0006139,GO:0006364,GO:0006396,GO:0006725,GO:0006807,GO:0008150,GO:0008152,GO:0008168,GO:0008169,GO:0008173,GO:0008649,GO:0008757,GO:0009383,GO:0009451,GO:0009987,GO:0010467,GO:0016070,GO:0016072,GO:0016434,GO:0016740,GO:0016741,GO:0022613,GO:0031167,GO:0032259,GO:0034470,GO:0034641,GO:0034660,GO:0042254,GO:0043170,GO:0043412,GO:0043414,GO:0044085,GO:0044237,GO:0044238,GO:0044260,GO:0046483,GO:0070475,GO:0071704,GO:0071840,GO:0090304,GO:0140098,GO:0140102,GO:1901360	ko:K11392	-	ko00000,ko01000,ko03009	Methyltr_RsmB-F,Methyltr_RsmF_N,Methyltranf_PUA
3225	GEA50852.1	1205908.AKXW01000049_gene42	0.0	1621.0	COG3008@1|root,COG3008@2|Bacteria,1MU1T@1224|Proteobacteria,1RN89@1236|Gammaproteobacteria,1XTE9@135623|Vibrionales	Paraquat-inducible protein B	-	-	-	-	-	MlaD
3225	GEA50853.1	1205908.AKXW01000049_gene41	1.16e-185	523.0	COG2995@1|root,COG2995@2|Bacteria,1MWG1@1224|Proteobacteria,1RM9Z@1236|Gammaproteobacteria,1XT4U@135623|Vibrionales	paraquat-inducible protein A	-	-	ko:K03808	-	ko00000	PqiA
3225	GEA50854.1	1205908.AKXW01000049_gene40	2.59e-107	309.0	COG1956@1|root,COG1956@2|Bacteria,1RDBM@1224|Proteobacteria,1S6QU@1236|Gammaproteobacteria,1XX5M@135623|Vibrionales	GAF domain-containing protein	yebR	-	ko:K08968	ko00270,map00270	ko00000,ko00001,ko01000	GAF_2
3225	GEA50855.1	1205908.AKXW01000049_gene39	3.7e-121	348.0	COG3109@1|root,COG3109@2|Bacteria,1N68T@1224|Proteobacteria,1RP4S@1236|Gammaproteobacteria,1XT78@135623|Vibrionales	RNA chaperone with significant RNA binding, RNA strand exchange and RNA duplexing activities	proQ	-	ko:K03607	-	ko00000	ProQ,ProQ_C
3225	GEA50856.1	1205908.AKXW01000049_gene38	0.0	1243.0	COG0793@1|root,COG0793@2|Bacteria,1MU39@1224|Proteobacteria,1RMSR@1236|Gammaproteobacteria,1XT5Z@135623|Vibrionales	protease	prc	-	ko:K03797	-	ko00000,ko01000,ko01002	BAGE,DUF3340,PDZ,Peptidase_S41
3225	GEA50857.1	1205908.AKXW01000049_gene37	6.6e-152	427.0	2AM7R@1|root,31C2D@2|Bacteria,1QJDQ@1224|Proteobacteria,1THCV@1236|Gammaproteobacteria,1XU2R@135623|Vibrionales	-	VP1605	-	-	-	-	-
3225	GEA50858.1	1205908.AKXW01000049_gene36	0.0	1581.0	COG0308@1|root,COG0308@2|Bacteria,1MUCI@1224|Proteobacteria,1RMA7@1236|Gammaproteobacteria,1XUSZ@135623|Vibrionales	COG0308 Aminopeptidase N	pepN	-	ko:K01256	ko00480,ko01100,map00480,map01100	ko00000,ko00001,ko01000,ko01002	DUF3458,DUF3458_C,Peptidase_M1
3225	GEA50859.1	1205908.AKXW01000049_gene35	0.0	3108.0	COG2902@1|root,COG2902@2|Bacteria,1MXNV@1224|Proteobacteria,1RQVZ@1236|Gammaproteobacteria,1XUBT@135623|Vibrionales	NAD-specific glutamate dehydrogenase	gdhB	-	ko:K15371	ko00220,ko00250,ko00430,ko00910,ko01100,map00220,map00250,map00430,map00910,map01100	ko00000,ko00001,ko01000	Bac_GDH
3225	GEA50860.1	1205908.AKXW01000049_gene34	6.72e-242	664.0	COG0167@1|root,COG0167@2|Bacteria,1MU7C@1224|Proteobacteria,1RMCP@1236|Gammaproteobacteria,1XU4H@135623|Vibrionales	Catalyzes the conversion of dihydroorotate to orotate with quinone as electron acceptor	pyrD	GO:0003674,GO:0003824,GO:0004152,GO:0004158,GO:0006139,GO:0006220,GO:0006221,GO:0006725,GO:0006753,GO:0006793,GO:0006796,GO:0006807,GO:0008150,GO:0008152,GO:0009058,GO:0009117,GO:0009165,GO:0009218,GO:0009220,GO:0009259,GO:0009260,GO:0009987,GO:0016491,GO:0016627,GO:0016634,GO:0016635,GO:0018130,GO:0019438,GO:0019637,GO:0019693,GO:0034641,GO:0034654,GO:0044237,GO:0044238,GO:0044249,GO:0044271,GO:0044281,GO:0046390,GO:0046483,GO:0055086,GO:0055114,GO:0071704,GO:0072527,GO:0072528,GO:0090407,GO:1901135,GO:1901137,GO:1901293,GO:1901360,GO:1901362,GO:1901564,GO:1901566,GO:1901576	ko:K00254	ko00240,ko01100,map00240,map01100	ko00000,ko00001,ko00002,ko01000	DHO_dh
3225	GEA50861.1	1205908.AKXW01000049_gene33	4.13e-122	348.0	28I7M@1|root,2Z8AH@2|Bacteria,1N1DT@1224|Proteobacteria,1RYK3@1236|Gammaproteobacteria,1XVKE@135623|Vibrionales	Contributes to the efficiency of the cell division process by stabilizing the polymeric form of the cell division protein FtsZ. Acts by promoting interactions between FtsZ protofilaments and suppressing the GTPase activity of FtsZ	zapC	-	ko:K18657	-	ko00000,ko03036	ZapC
3225	GEA50862.1	1205908.AKXW01000049_gene32	0.0	1385.0	COG0116@1|root,COG1092@1|root,COG0116@2|Bacteria,COG1092@2|Bacteria,1MUQM@1224|Proteobacteria,1RNMH@1236|Gammaproteobacteria,1XSNR@135623|Vibrionales	Specifically methylates the guanine in position 2445 (m2G2445) and the guanine in position 2069 (m7G2069) of 23S rRNA	rlmL	GO:0000154,GO:0001510,GO:0003674,GO:0003824,GO:0005575,GO:0005622,GO:0005623,GO:0005737,GO:0005829,GO:0006139,GO:0006364,GO:0006396,GO:0006725,GO:0006807,GO:0008150,GO:0008152,GO:0008168,GO:0008170,GO:0008173,GO:0008649,GO:0008757,GO:0008990,GO:0009451,GO:0009987,GO:0010467,GO:0016070,GO:0016072,GO:0016435,GO:0016740,GO:0016741,GO:0022613,GO:0031167,GO:0032259,GO:0034470,GO:0034641,GO:0034660,GO:0036265,GO:0042254,GO:0043170,GO:0043412,GO:0043414,GO:0044085,GO:0044237,GO:0044238,GO:0044260,GO:0044424,GO:0044444,GO:0044464,GO:0046483,GO:0070043,GO:0070475,GO:0070476,GO:0071704,GO:0071840,GO:0090304,GO:0140098,GO:0140102,GO:1901360	ko:K12297	-	ko00000,ko01000,ko03009	Methyltrans_SAM,THUMP,UPF0020
3225	GEA50863.1	1205908.AKXW01000049_gene31	5.59e-26	96.7	COG0695@1|root,COG0695@2|Bacteria,1NH8Z@1224|Proteobacteria,1SGAT@1236|Gammaproteobacteria,1XYWH@135623|Vibrionales	COG0526 Thiol-disulfide isomerase and thioredoxins	-	-	-	-	-	DUF836
3225	GEA50864.1	1205908.AKXW01000049_gene30	0.0	1141.0	COG0488@1|root,COG0488@2|Bacteria,1MU37@1224|Proteobacteria,1RPCU@1236|Gammaproteobacteria,1XT00@135623|Vibrionales	COG0488 ATPase components of ABC transporters with duplicated ATPase domains	uup	-	ko:K15738	-	ko00000,ko02000	ABC_tran,ABC_tran_CTD,ABC_tran_Xtn,MMR_HSR1
3225	GEA50865.1	1205908.AKXW01000049_gene29	0.0	1089.0	2DMEK@1|root,32R04@2|Bacteria,1QYX8@1224|Proteobacteria,1T3WD@1236|Gammaproteobacteria,1Y37X@135623|Vibrionales	Protein of unknown function (DUF3466)	-	-	-	-	-	DUF3466
3225	GEA50866.1	1205908.AKXW01000049_gene28	5.87e-35	119.0	COG3130@1|root,COG3130@2|Bacteria,1N761@1224|Proteobacteria,1SCIC@1236|Gammaproteobacteria,1XYV6@135623|Vibrionales	During stationary phase, converts 70S ribosomes to an inactive dimeric form (100S ribosomes)	rmf	-	ko:K03812	-	ko00000,ko03009	RMF
3225	GEA50867.1	1205908.AKXW01000049_gene27	1.7e-128	364.0	COG0764@1|root,COG0764@2|Bacteria,1MWV8@1224|Proteobacteria,1RP6W@1236|Gammaproteobacteria,1XSI6@135623|Vibrionales	Necessary for the introduction of cis unsaturation into fatty acids. Catalyzes the dehydration of (3R)-3-hydroxydecanoyl- ACP to E-(2)-decenoyl-ACP and then its isomerization to Z-(3)- decenoyl-ACP. Can catalyze the dehydratase reaction for beta- hydroxyacyl-ACPs with saturated chain lengths up to 16 0, being most active on intermediate chain length	fabA	GO:0003674,GO:0003824,GO:0006082,GO:0006629,GO:0006631,GO:0006633,GO:0008150,GO:0008152,GO:0008610,GO:0008693,GO:0009058,GO:0009987,GO:0016053,GO:0016829,GO:0016835,GO:0016836,GO:0019171,GO:0019752,GO:0032787,GO:0043436,GO:0044237,GO:0044238,GO:0044249,GO:0044255,GO:0044281,GO:0044283,GO:0046394,GO:0071704,GO:0072330,GO:1901576	ko:K01716	ko00061,ko01100,ko01212,map00061,map01100,map01212	ko00000,ko00001,ko00002,ko01000,ko01004	FabA
3225	GEA50868.1	1205908.AKXW01000049_gene26	0.0	1020.0	COG1067@1|root,COG1067@2|Bacteria,1MWGB@1224|Proteobacteria,1RMPC@1236|Gammaproteobacteria,1XVTZ@135623|Vibrionales	Belongs to the peptidase S16 family	-	-	ko:K04770	-	ko00000,ko01000,ko01002	AAA_32,Lon_C
3225	GEA50869.1	1205908.AKXW01000049_gene25	1.65e-97	284.0	COG3120@1|root,COG3120@2|Bacteria,1RA57@1224|Proteobacteria,1S28S@1236|Gammaproteobacteria,1XWXZ@135623|Vibrionales	Required for spatial organization of the terminus region of the chromosome (Ter macrodomain) during the cell cycle. Prevents early segregation of duplicated Ter macrodomains during cell division. Binds specifically to matS, which is a 13 bp signature motif repeated within the Ter macrodomain	matP	-	ko:K09911	-	ko00000	MatP,MatP_C
3225	GEA50870.1	1205908.AKXW01000049_gene24	1.52e-58	181.0	298UB@1|root,2ZVYH@2|Bacteria,1NKPZ@1224|Proteobacteria,1SIII@1236|Gammaproteobacteria,1XXU5@135623|Vibrionales	Protein of unknown function (DUF3634)	VV1665	-	-	-	-	DUF3634
3225	GEA50871.1	1205908.AKXW01000049_gene23	6.58e-207	575.0	2DBGC@1|root,2Z942@2|Bacteria,1PAHX@1224|Proteobacteria,1RR7C@1236|Gammaproteobacteria,1XW8D@135623|Vibrionales	-	-	-	-	-	-	-
3225	GEA50872.1	1205908.AKXW01000049_gene22	3.51e-243	672.0	COG2807@1|root,COG2807@2|Bacteria,1MXGT@1224|Proteobacteria,1RNWA@1236|Gammaproteobacteria,1XTUY@135623|Vibrionales	Major Facilitator Superfamily	-	-	ko:K03449	-	ko00000,ko02000	MFS_1
3225	GEA50873.1	1205908.AKXW01000049_gene21	7.52e-63	194.0	2DRYR@1|root,33DQT@2|Bacteria,1NG9I@1224|Proteobacteria,1TGNN@1236|Gammaproteobacteria,1XXYY@135623|Vibrionales	-	-	-	-	-	-	-
3225	GEA50874.1	1205908.AKXW01000049_gene20	0.0	969.0	COG3278@1|root,COG3278@2|Bacteria,1MU18@1224|Proteobacteria,1RM7I@1236|Gammaproteobacteria,1XT6K@135623|Vibrionales	Belongs to the heme-copper respiratory oxidase family	ccoN	-	ko:K00404	ko00190,ko01100,ko02020,map00190,map01100,map02020	ko00000,ko00001,ko00002,ko01000	COX1
3225	GEA50875.1	1205908.AKXW01000049_gene19	2.16e-148	417.0	COG2993@1|root,COG2993@2|Bacteria,1MXEY@1224|Proteobacteria,1RPU6@1236|Gammaproteobacteria,1XUDZ@135623|Vibrionales	Cbb3-type cytochrome oxidase, cytochrome c subunit	ccoO	-	ko:K00405	ko00190,ko01100,ko02020,map00190,map01100,map02020	ko00000,ko00001,ko00002	FixO
3225	GEA50876.1	1205908.AKXW01000049_gene18	1.15e-32	113.0	COG4736@1|root,COG4736@2|Bacteria,1NGAN@1224|Proteobacteria,1SGJ2@1236|Gammaproteobacteria,1XYUT@135623|Vibrionales	COG4736 Cbb3-type cytochrome oxidase, subunit 3	ccoQ	-	ko:K00407	ko00190,ko01100,ko02020,map00190,map01100,map02020	ko00000,ko00001,ko00002	FixQ
3225	GEA50877.1	1205908.AKXW01000049_gene17	2.41e-234	644.0	COG2010@1|root,COG2010@2|Bacteria,1MUCW@1224|Proteobacteria,1RPYJ@1236|Gammaproteobacteria,1XSF6@135623|Vibrionales	C-type cytochrome. Part of the cbb3-type cytochrome c oxidase complex	ccoP	-	ko:K00406	ko00190,ko01100,ko02020,map00190,map01100,map02020	ko00000,ko00001,ko00002	Cytochrome_CBB3,FixP_N
3225	GEA50878.1	1205908.AKXW01000049_gene16	4.45e-109	314.0	COG3198@1|root,COG3198@2|Bacteria,1N75J@1224|Proteobacteria,1SC87@1236|Gammaproteobacteria,1XWXB@135623|Vibrionales	protein conserved in bacteria	SO2360	-	ko:K09926	-	ko00000	FixH
3225	GEA50879.1	1205908.AKXW01000049_gene15	0.0	1507.0	COG2217@1|root,COG2608@1|root,COG2217@2|Bacteria,COG2608@2|Bacteria,1MU08@1224|Proteobacteria,1RN2C@1236|Gammaproteobacteria,1XSV0@135623|Vibrionales	cation transport ATPase	ccoI	-	ko:K01533	-	ko00000,ko01000	ATPase-cat_bd,E1-E2_ATPase,HMA,Hydrolase
3225	GEA50880.1	1219080.VEZ01S_17_00510	1.76e-18	77.4	COG3197@1|root,COG3197@2|Bacteria,1NG90@1224|Proteobacteria,1SGQG@1236|Gammaproteobacteria,1XZ01@135623|Vibrionales	protein, possibly involved in nitrogen fixation	ccoS	-	-	-	-	FixS
3225	GEA50881.1	1205908.AKXW01000049_gene13	3.49e-140	397.0	COG2836@1|root,COG2836@2|Bacteria,1RIGJ@1224|Proteobacteria,1S5V1@1236|Gammaproteobacteria,1XTG2@135623|Vibrionales	Cytochrome C biogenesis protein transmembrane region	braZ	-	ko:K09792	-	ko00000	DsbD_2
3225	GEA50882.1	1205908.AKXW01000049_gene12	2.9e-172	481.0	COG0664@1|root,COG0664@2|Bacteria,1MVGE@1224|Proteobacteria,1RPTB@1236|Gammaproteobacteria,1XT6M@135623|Vibrionales	COG0664 cAMP-binding proteins - catabolite gene activator and regulatory subunit of cAMP-dependent protein kinases	fnr	-	ko:K01420	-	ko00000,ko03000	HTH_Crp_2,cNMP_binding
3225	GEA50883.1	1205908.AKXW01000049_gene11	7.69e-226	622.0	COG0589@1|root,COG0589@2|Bacteria,1MVZS@1224|Proteobacteria,1RPAE@1236|Gammaproteobacteria,1XSRX@135623|Vibrionales	COG0589 Universal stress protein UspA and related nucleotide-binding proteins	uspE	-	ko:K14055	-	ko00000	Usp
3225	GEA50884.1	1191299.AJYX01000086_gene3152	1.89e-146	419.0	COG0037@1|root,COG0037@2|Bacteria,1MW5Q@1224|Proteobacteria,1RN2H@1236|Gammaproteobacteria,1XTQ4@135623|Vibrionales	Catalyzes the ATP-dependent 2-thiolation of cytidine in position 32 of tRNA, to form 2-thiocytidine (s(2)C32). The sulfur atoms are provided by the cysteine cysteine desulfurase (IscS) system	ttcA	-	ko:K14058	-	ko00000,ko03016	ATP_bind_3
3225	GEA50885.1	1205908.AKXW01000049_gene9	1e-137	391.0	28IUI@1|root,2Z8T7@2|Bacteria,1RHAD@1224|Proteobacteria,1S11Z@1236|Gammaproteobacteria,1XUK1@135623|Vibrionales	Protein of unknown function (DUF2987)	VV1682	-	-	-	-	DUF2987
3225	GEA50886.1	1205908.AKXW01000049_gene8	3.58e-169	476.0	COG5473@1|root,COG5473@2|Bacteria,1N3T0@1224|Proteobacteria,1SEVY@1236|Gammaproteobacteria,1XTIE@135623|Vibrionales	-	VP1530	-	-	-	-	-
3225	GEA50887.1	1205908.AKXW01000049_gene7	2.62e-186	525.0	COG0687@1|root,COG0687@2|Bacteria,1MUYW@1224|Proteobacteria,1RM7W@1236|Gammaproteobacteria,1XUH1@135623|Vibrionales	Required for the activity of the bacterial periplasmic transport system of putrescine	potD	-	ko:K11069	ko02010,map02010	ko00000,ko00001,ko00002,ko02000	SBP_bac_8
3225	GEA50888.1	1205908.AKXW01000049_gene6	4.65e-167	467.0	COG0846@1|root,COG0846@2|Bacteria,1MUK1@1224|Proteobacteria,1RMX5@1236|Gammaproteobacteria,1XSHS@135623|Vibrionales	NAD-dependent lysine deacetylase and desuccinylase that specifically removes acetyl and succinyl groups on target proteins. Modulates the activities of several proteins which are inactive in their acylated form	cobB	-	ko:K12410	-	ko00000,ko01000	SIR2
3225	GEA50889.1	1205908.AKXW01000049_gene5	0.0	1461.0	COG1474@1|root,COG1474@2|Bacteria,1R6DE@1224|Proteobacteria,1S9QU@1236|Gammaproteobacteria,1XSCV@135623|Vibrionales	Belongs to the peptidase S16 family	-	-	-	-	-	AAA_22
3225	GEA50890.1	1205908.AKXW01000049_gene4	1.3e-186	520.0	COG0668@1|root,COG0668@2|Bacteria,1QATN@1224|Proteobacteria,1RZ06@1236|Gammaproteobacteria,1XTBB@135623|Vibrionales	COG0668 Small-conductance mechanosensitive channel	-	-	-	-	-	MS_channel
3225	GEA50891.1	1205908.AKXW01000049_gene3	7.55e-53	166.0	2CBU7@1|root,32ZCT@2|Bacteria,1N85K@1224|Proteobacteria,1SCKM@1236|Gammaproteobacteria,1XYDW@135623|Vibrionales	Protein of unknown function (DUF2960)	SO1372	-	-	-	-	DUF2960
3225	GEA50892.1	1205908.AKXW01000049_gene2	4.03e-40	136.0	COG0735@1|root,COG0735@2|Bacteria,1QJWN@1224|Proteobacteria,1THYF@1236|Gammaproteobacteria,1XXWI@135623|Vibrionales	belongs to the Fur family	VV2111	-	-	-	-	-
3225	GEA50893.1	1205908.AKXW01000068_gene2843	1.67e-218	602.0	COG1940@1|root,COG1940@2|Bacteria,1MU94@1224|Proteobacteria,1RNHE@1236|Gammaproteobacteria,1XSU2@135623|Vibrionales	Catalyzes the phosphorylation of N-acetyl-D-glucosamine (GlcNAc) derived from cell-wall degradation, yielding GlcNAc-6-P	nagK	-	ko:K00884	ko00520,ko01100,map00520,map01100	ko00000,ko00001,ko01000	ROK
3225	GEA50894.1	1205908.AKXW01000068_gene2844	6.29e-162	454.0	COG3148@1|root,COG3148@2|Bacteria,1N8XY@1224|Proteobacteria,1RS6H@1236|Gammaproteobacteria,1XV59@135623|Vibrionales	DTW	-	-	ko:K05812	-	ko00000	DTW
3225	GEA50895.1	1205908.AKXW01000068_gene2845	5.9e-136	388.0	COG3000@1|root,COG3000@2|Bacteria,1MW5G@1224|Proteobacteria,1RQJQ@1236|Gammaproteobacteria,1XTMI@135623|Vibrionales	Sterol desaturase	-	-	-	-	-	FA_hydroxylase
3225	GEA50896.1	1205908.AKXW01000068_gene2846	4.15e-103	300.0	COG0791@1|root,COG0791@2|Bacteria,1N0EE@1224|Proteobacteria,1RR2X@1236|Gammaproteobacteria,1XXUQ@135623|Vibrionales	COG0791 Cell wall-associated hydrolases (invasion-associated proteins)	nlpC	-	-	-	-	NLPC_P60
3225	GEA50897.1	1205908.AKXW01000068_gene2847	8.92e-217	597.0	COG3001@1|root,COG3001@2|Bacteria,1MVHX@1224|Proteobacteria,1RRC5@1236|Gammaproteobacteria,1XSBA@135623|Vibrionales	COG3001 Fructosamine-3-kinase	-	GO:0003674,GO:0003824,GO:0006793,GO:0006796,GO:0008150,GO:0008152,GO:0009987,GO:0016301,GO:0016310,GO:0016740,GO:0016772,GO:0044237	-	-	-	Fructosamin_kin
3225	GEA50898.1	1205908.AKXW01000068_gene2848	2.41e-45	145.0	2DPBN@1|root,331EB@2|Bacteria,1NA64@1224|Proteobacteria,1SCQN@1236|Gammaproteobacteria,1XYZV@135623|Vibrionales	Cysteine-rich CPXCG	-	-	-	-	-	Cys_rich_CPXG
3225	GEA50899.1	1205908.AKXW01000068_gene2849	9.75e-130	370.0	COG0307@1|root,COG0307@2|Bacteria,1MUMB@1224|Proteobacteria,1RMSY@1236|Gammaproteobacteria,1XT06@135623|Vibrionales	Riboflavin synthase alpha chain	ribE	-	ko:K00793	ko00740,ko01100,ko01110,map00740,map01100,map01110	ko00000,ko00001,ko00002,ko01000	Lum_binding
3225	GEA50900.1	1205908.AKXW01000068_gene2850	3.74e-302	827.0	COG0534@1|root,COG0534@2|Bacteria,1MUAM@1224|Proteobacteria,1RP5M@1236|Gammaproteobacteria,1XUSY@135623|Vibrionales	Multidrug efflux pump	norM	GO:0003674,GO:0005215,GO:0006810,GO:0006855,GO:0008150,GO:0015238,GO:0015893,GO:0022857,GO:0042221,GO:0042493,GO:0042891,GO:0042895,GO:0046677,GO:0050896,GO:0051179,GO:0051234,GO:0055085	ko:K03327	-	ko00000,ko02000	MatE
3225	GEA50901.1	1205908.AKXW01000068_gene2851	1.51e-150	430.0	COG1793@1|root,COG1793@2|Bacteria,1MUW3@1224|Proteobacteria,1S2JP@1236|Gammaproteobacteria,1XTX8@135623|Vibrionales	DNA ligase	-	-	ko:K10747	ko03030,ko03410,ko03420,ko03430,map03030,map03410,map03420,map03430	ko00000,ko00001,ko01000,ko03032,ko03400	DNA_ligase_A_M,DNA_ligase_OB_2
3225	GEA50902.1	1001530.BACE01000027_gene322	3.77e-26	105.0	COG0607@1|root,COG0607@2|Bacteria,1R23D@1224|Proteobacteria,1T5FV@1236|Gammaproteobacteria,1XYMH@135623|Vibrionales	Rhodanese-like domain	-	-	-	-	-	Rhodanese
3225	GEA50903.1	312309.VF_A0850	6.78e-101	303.0	COG2962@1|root,COG2962@2|Bacteria,1MX5G@1224|Proteobacteria,1RMAC@1236|Gammaproteobacteria,1XSTP@135623|Vibrionales	EamA-like transporter family	-	-	-	-	-	EamA
3225	GEA50904.1	1201293.AKXQ01000028_gene1302	9.29e-47	157.0	2C58W@1|root,2ZGEP@2|Bacteria,1P7VB@1224|Proteobacteria,1SUKW@1236|Gammaproteobacteria	-	-	-	-	-	-	-
3225	GEA50905.1	357804.Ping_3700	6.43e-50	167.0	COG0625@1|root,COG0625@2|Bacteria,1PFF6@1224|Proteobacteria,1RXVE@1236|Gammaproteobacteria,2QJAE@267894|Psychromonadaceae	Glutathione S-transferase, C-terminal domain	-	-	ko:K00799	ko00480,ko00980,ko00982,ko00983,ko01524,ko05200,ko05204,ko05225,ko05418,map00480,map00980,map00982,map00983,map01524,map05200,map05204,map05225,map05418	ko00000,ko00001,ko01000,ko02000	GST_N
3225	GEA50906.1	357804.Ping_3701	5.05e-32	121.0	COG1309@1|root,COG1309@2|Bacteria,1R67Z@1224|Proteobacteria,1S63V@1236|Gammaproteobacteria,2QIFI@267894|Psychromonadaceae	Bacterial regulatory proteins, tetR family	-	-	-	-	-	TetR_N
3225	GEA50907.1	1001530.BACE01000028_gene3912	2.35e-141	407.0	COG0583@1|root,COG0583@2|Bacteria,1MWY0@1224|Proteobacteria,1RP7Q@1236|Gammaproteobacteria,1XSD3@135623|Vibrionales	Bacterial regulatory helix-turn-helix protein, lysR family	-	-	ko:K03566	ko02026,map02026	ko00000,ko00001,ko03000	HTH_1,LysR_substrate
3225	GEA50908.1	339670.Bamb_6448	5.89e-137	392.0	COG1028@1|root,COG1028@2|Bacteria,1MUWP@1224|Proteobacteria,2W0EQ@28216|Betaproteobacteria,1K3JU@119060|Burkholderiaceae	KR domain	-	-	-	-	-	adh_short_C2
3225	GEA50909.1	1205908.AKXW01000068_gene2856	1.46e-207	575.0	COG0583@1|root,COG0583@2|Bacteria,1N8FH@1224|Proteobacteria,1RRIV@1236|Gammaproteobacteria,1Y31S@135623|Vibrionales	Bacterial regulatory helix-turn-helix protein, lysR family	-	-	-	-	-	HTH_1,LysR_substrate
3225	GEA50910.1	1205908.AKXW01000068_gene2857	1.14e-233	647.0	COG0477@1|root,COG0477@2|Bacteria,1QU36@1224|Proteobacteria,1T24P@1236|Gammaproteobacteria,1Y3BI@135623|Vibrionales	Major Facilitator Superfamily	-	-	ko:K07552	-	ko00000,ko02000	MFS_1
3225	GEA50911.1	1205908.AKXW01000068_gene2860	3.15e-98	286.0	COG1764@1|root,COG1764@2|Bacteria,1RI5C@1224|Proteobacteria,1SAYI@1236|Gammaproteobacteria,1Y2C0@135623|Vibrionales	OsmC-like protein	-	-	-	-	-	OsmC
3225	GEA50912.1	1205908.AKXW01000068_gene2862	1.63e-90	268.0	COG0454@1|root,COG0456@2|Bacteria,1QTY5@1224|Proteobacteria,1S6M9@1236|Gammaproteobacteria,1Y36G@135623|Vibrionales	Acetyltransferase (GNAT) domain	-	-	ko:K03825	-	ko00000,ko01000	Acetyltransf_1
3225	GEA50913.1	1205908.AKXW01000068_gene2863	2.34e-283	776.0	COG3659@1|root,COG3659@2|Bacteria,1R8TI@1224|Proteobacteria,1S21B@1236|Gammaproteobacteria,1XVR4@135623|Vibrionales	Carbohydrate-selective porin, OprB family	-	-	ko:K07267	-	ko00000,ko02000	OprB
3225	GEA50914.1	1205908.AKXW01000068_gene2864	9.76e-124	356.0	COG3495@1|root,COG3495@2|Bacteria,1RB8H@1224|Proteobacteria,1SWTP@1236|Gammaproteobacteria,1XX20@135623|Vibrionales	Protein of unknown function (DUF3299)	-	-	ko:K09950	-	ko00000	DUF3299
3225	GEA50915.1	1219072.VHA01S_021_00420	4.55e-315	860.0	COG1228@1|root,COG1228@2|Bacteria,1MVAF@1224|Proteobacteria,1RQRP@1236|Gammaproteobacteria,1XWE9@135623|Vibrionales	Amidohydrolase family	-	-	-	-	-	Amidohydro_1
3225	GEA50916.1	1205908.AKXW01000068_gene2866	3.41e-184	519.0	COG2207@1|root,COG2207@2|Bacteria,1N3HE@1224|Proteobacteria,1SC1U@1236|Gammaproteobacteria,1XX7V@135623|Vibrionales	helix_turn_helix, arabinose operon control protein	-	-	-	-	-	HTH_18
3225	GEA50917.1	1196324.A374_06816	8.85e-13	75.9	COG0860@1|root,COG0860@2|Bacteria,1UYPW@1239|Firmicutes,4HBVT@91061|Bacilli	N-acetylmuramoyl-L-alanine amidase	-	-	ko:K01448	ko01503,map01503	ko00000,ko00001,ko00002,ko01000,ko01011,ko03036	Amidase_3,SH3_3
3225	GEA50918.1	1205908.AKXW01000068_gene2867	1.39e-165	464.0	COG2067@1|root,COG2067@2|Bacteria,1R16R@1224|Proteobacteria,1THHK@1236|Gammaproteobacteria,1XVWE@135623|Vibrionales	long-chain fatty acid transport protein	-	-	-	-	-	-
3225	GEA50919.1	1205908.AKXW01000068_gene2868	3.24e-132	375.0	COG0824@1|root,COG0824@2|Bacteria,1RCSP@1224|Proteobacteria,1RZWX@1236|Gammaproteobacteria,1XVC0@135623|Vibrionales	Thioesterase-like superfamily	-	-	-	-	-	4HBT_2
3225	GEA50920.1	1205908.AKXW01000068_gene2869	2.38e-83	246.0	COG2315@1|root,COG2315@2|Bacteria,1RHEZ@1224|Proteobacteria,1S69J@1236|Gammaproteobacteria,1XY66@135623|Vibrionales	YjbR	-	-	-	-	-	YjbR
3225	GEA50922.1	1205908.AKXW01000068_gene2871	0.0	1816.0	COG0419@1|root,COG0419@2|Bacteria,1MVTQ@1224|Proteobacteria,1RQFM@1236|Gammaproteobacteria,1XT7J@135623|Vibrionales	COG0419 ATPase involved in DNA repair	sbcC	GO:0003674,GO:0003824,GO:0004518,GO:0004527,GO:0006139,GO:0006259,GO:0006260,GO:0006310,GO:0006725,GO:0006807,GO:0008150,GO:0008152,GO:0009058,GO:0009059,GO:0009987,GO:0016787,GO:0016788,GO:0034641,GO:0034645,GO:0043170,GO:0044237,GO:0044238,GO:0044249,GO:0044260,GO:0046483,GO:0071704,GO:0090304,GO:0090305,GO:1901360,GO:1901576	ko:K03546	-	ko00000,ko03400	AAA_23,AAA_29,SbcCD_C
3225	GEA50923.1	1205908.AKXW01000068_gene2872	1.32e-226	630.0	COG0420@1|root,COG0420@2|Bacteria,1MVV6@1224|Proteobacteria,1RP83@1236|Gammaproteobacteria,1XW3R@135623|Vibrionales	SbcCD cleaves DNA hairpin structures. These structures can inhibit DNA replication and are intermediates in certain DNA recombination reactions. The complex acts as a 3'- 5' double strand exonuclease that can open hairpins. It also has a 5' single-strand endonuclease activity	sbcD	-	ko:K03547	-	ko00000,ko03400	Metallophos,SbcD_C
3225	GEA50924.1	1219080.VEZ01S_17_00090	1.87e-83	251.0	2AXAF@1|root,31P9I@2|Bacteria,1QKZR@1224|Proteobacteria,1TJ69@1236|Gammaproteobacteria,1Y0P2@135623|Vibrionales	Outer membrane protein beta-barrel domain	-	-	-	-	-	OMP_b-brl
3225	GEA50925.1	1219072.VHA01S_021_00080	8.24e-112	327.0	2EWUS@1|root,33Q6B@2|Bacteria,1NTT6@1224|Proteobacteria,1SK80@1236|Gammaproteobacteria,1XV4Q@135623|Vibrionales	-	-	-	-	-	-	-
3225	GEA50926.1	1219072.VHA01S_021_00070	7.18e-236	667.0	COG4533@1|root,COG4533@2|Bacteria,1NUWF@1224|Proteobacteria,1SNTQ@1236|Gammaproteobacteria,1XW7F@135623|Vibrionales	Sugar transport-related sRNA regulator N-term	-	-	-	-	-	SBP_bac_5,SgrR_N
3225	GEA50927.1	1205908.AKXW01000068_gene2874	6.43e-242	666.0	COG2008@1|root,COG2008@2|Bacteria,1MWCR@1224|Proteobacteria,1RNYX@1236|Gammaproteobacteria,1XV3T@135623|Vibrionales	Beta-eliminating lyase	-	-	-	-	-	Beta_elim_lyase
3225	GEA50928.1	1385513.N780_19515	2.89e-05	48.9	COG0860@1|root,COG0860@2|Bacteria,1TR6H@1239|Firmicutes,4H9U6@91061|Bacilli,2Y9ZQ@289201|Pontibacillus	Ami_3	lytC_1	GO:0005575,GO:0005623,GO:0030288,GO:0030313,GO:0031975,GO:0042597,GO:0044464	ko:K01448	ko01503,map01503	ko00000,ko00001,ko00002,ko01000,ko01011,ko03036	Amidase_3,SH3_3,SLH
3225	GEA50930.1	1205908.AKXW01000068_gene2876	4.86e-92	271.0	COG0629@1|root,COG0629@2|Bacteria,1RCWT@1224|Proteobacteria,1S3WP@1236|Gammaproteobacteria,1XX9M@135623|Vibrionales	Single-strand binding protein family	-	-	ko:K03111	ko03030,ko03430,ko03440,map03030,map03430,map03440	ko00000,ko00001,ko03029,ko03032,ko03400	SSB
3225	GEA50931.1	1205908.AKXW01000068_gene2877	0.0	932.0	COG1322@1|root,COG1322@2|Bacteria,1MWHV@1224|Proteobacteria,1RMB8@1236|Gammaproteobacteria,1XV2P@135623|Vibrionales	dna recombination protein rmuc	rmuC	-	ko:K09760	-	ko00000	RmuC
3225	GEA50932.1	1205908.AKXW01000068_gene2879	4.09e-226	624.0	COG2378@1|root,COG2378@2|Bacteria,1QMYB@1224|Proteobacteria,1TH80@1236|Gammaproteobacteria,1XSAV@135623|Vibrionales	WYL domain	-	-	-	-	-	WYL
3225	GEA50933.1	1205908.AKXW01000068_gene2880	4.13e-232	640.0	COG1816@1|root,COG1816@2|Bacteria,1MWBV@1224|Proteobacteria,1RNVI@1236|Gammaproteobacteria,1XU77@135623|Vibrionales	Catalyzes the hydrolytic deamination of adenine to hypoxanthine. Plays an important role in the purine salvage pathway and in nitrogen catabolism	-	-	ko:K21053	ko00230,ko01100,map00230,map01100	ko00000,ko00001,ko01000	A_deaminase
3225	GEA50934.1	1205908.AKXW01000068_gene2881	7.62e-76	228.0	COG0645@1|root,COG0645@2|Bacteria,1N1S8@1224|Proteobacteria,1SEDC@1236|Gammaproteobacteria,1XXSN@135623|Vibrionales	AAA domain	-	-	-	-	-	AAA_33
3225	GEA50936.1	1205908.AKXW01000068_gene2882	1.07e-107	310.0	COG2131@1|root,COG2131@2|Bacteria,1RD1P@1224|Proteobacteria,1T01V@1236|Gammaproteobacteria,1Y2XW@135623|Vibrionales	MafB19-like deaminase	-	-	ko:K01493	ko00240,ko01100,map00240,map01100	ko00000,ko00001,ko00002,ko01000,ko02044	dCMP_cyt_deam_1
3225	GEA50937.1	1205908.AKXW01000068_gene2883	1e-221	612.0	COG0673@1|root,COG0673@2|Bacteria,1MZIG@1224|Proteobacteria,1RS5T@1236|Gammaproteobacteria,1XSQ5@135623|Vibrionales	Oxidoreductase family, NAD-binding Rossmann fold	-	-	-	-	-	GFO_IDH_MocA
3225	GEA50938.1	1205908.AKXW01000068_gene2884	8.53e-180	506.0	28IAE@1|root,2Z8D0@2|Bacteria,1NC6U@1224|Proteobacteria,1RSEY@1236|Gammaproteobacteria,1XVC4@135623|Vibrionales	-	-	-	-	-	-	-
3225	GEA50939.1	1205908.AKXW01000068_gene2885	1.59e-225	627.0	COG4775@1|root,COG4775@2|Bacteria,1QUE3@1224|Proteobacteria,1T1VJ@1236|Gammaproteobacteria,1Y37B@135623|Vibrionales	Surface antigen	-	-	-	-	-	Bac_surface_Ag
3225	GEA50940.1	1205908.AKXW01000068_gene2886	3.55e-223	619.0	2DBFB@1|root,2Z8XA@2|Bacteria,1MVTN@1224|Proteobacteria,1RM97@1236|Gammaproteobacteria,1XUIN@135623|Vibrionales	Protein of unknown function (DUF4056)	-	-	-	-	-	DUF4056
3225	GEA50941.1	1205908.AKXW01000068_gene2887	6.4e-284	780.0	COG0534@1|root,COG0534@2|Bacteria,1MVRV@1224|Proteobacteria,1RRDQ@1236|Gammaproteobacteria,1XSZX@135623|Vibrionales	COG0534 Na -driven multidrug efflux pump	VVA1228	-	-	-	-	MatE
3225	GEA50942.1	1205908.AKXW01000068_gene2888	4.32e-280	768.0	COG0448@1|root,COG0448@2|Bacteria,1MVTC@1224|Proteobacteria,1RP04@1236|Gammaproteobacteria,1XU41@135623|Vibrionales	Catalyzes the synthesis of ADP-glucose, a sugar donor used in elongation reactions on alpha-glucans	-	-	ko:K00975	ko00500,ko00520,ko01100,ko01110,ko02026,map00500,map00520,map01100,map01110,map02026	ko00000,ko00001,ko00002,ko01000	NTP_transferase
3225	GEA50943.1	1205908.AKXW01000068_gene2889	5.87e-236	652.0	COG1647@1|root,COG1647@2|Bacteria,1MVZP@1224|Proteobacteria,1T1TS@1236|Gammaproteobacteria,1XV0B@135623|Vibrionales	Serine aminopeptidase, S33	-	-	-	-	-	Hydrolase_4
3225	GEA50944.1	1205908.AKXW01000068_gene2890	1.14e-215	598.0	COG2988@1|root,COG2988@2|Bacteria,1MW1T@1224|Proteobacteria,1RQPG@1236|Gammaproteobacteria,1XU9R@135623|Vibrionales	Belongs to the AspA AstE family. Succinylglutamate desuccinylase subfamily	astE	GO:0003674,GO:0003824,GO:0006082,GO:0006520,GO:0006525,GO:0006527,GO:0006807,GO:0008150,GO:0008152,GO:0009056,GO:0009063,GO:0009064,GO:0009065,GO:0009987,GO:0016054,GO:0016787,GO:0016788,GO:0019752,GO:0043436,GO:0044237,GO:0044238,GO:0044248,GO:0044281,GO:0044282,GO:0046395,GO:0071704,GO:1901564,GO:1901565,GO:1901575,GO:1901605,GO:1901606	ko:K05526	ko00330,ko01100,map00330,map01100	ko00000,ko00001,ko01000	AstE_AspA
3225	GEA50945.1	1205908.AKXW01000068_gene2891	1.36e-137	391.0	COG0702@1|root,COG0702@2|Bacteria,1MZG7@1224|Proteobacteria,1SB4B@1236|Gammaproteobacteria,1XUJ1@135623|Vibrionales	Nucleoside-diphosphate-sugar epimerases	-	-	-	-	-	HIM1,NAD_binding_10
3225	GEA50946.1	1051646.VITU9109_08449	1.65e-168	484.0	COG1823@1|root,COG1823@2|Bacteria,1R3F8@1224|Proteobacteria,1RMHV@1236|Gammaproteobacteria,1XUK9@135623|Vibrionales	Belongs to the dicarboxylate amino acid cation symporter (DAACS) (TC 2.A.23) family	-	-	ko:K06956	-	ko00000	SDF
3225	GEA50947.1	1205908.AKXW01000068_gene2893	1.5e-56	186.0	COG1823@1|root,COG1823@2|Bacteria,1R3F8@1224|Proteobacteria,1RMHV@1236|Gammaproteobacteria,1XUK9@135623|Vibrionales	Belongs to the dicarboxylate amino acid cation symporter (DAACS) (TC 2.A.23) family	-	-	ko:K06956	-	ko00000	SDF
3225	GEA50949.1	1205908.AKXW01000068_gene2895	0.0	937.0	COG2925@1|root,COG2925@2|Bacteria,1MV0U@1224|Proteobacteria,1RM85@1236|Gammaproteobacteria,1XT1P@135623|Vibrionales	COG2925 Exonuclease I	sbcB	-	ko:K01141	ko03430,map03430	ko00000,ko00001,ko01000,ko03400	Exonuc_X-T_C,RNase_T
3225	GEA50950.1	1205908.AKXW01000068_gene2896	8.24e-66	201.0	COG1380@1|root,COG1380@2|Bacteria,1NAY3@1224|Proteobacteria,1SD5V@1236|Gammaproteobacteria,1XXEH@135623|Vibrionales	effector of murein hydrolase LrgA	-	-	ko:K06518	-	ko00000,ko02000	LrgA
3225	GEA50951.1	1205908.AKXW01000068_gene2897	1.58e-139	396.0	COG1346@1|root,COG1346@2|Bacteria,1MV81@1224|Proteobacteria,1RS5C@1236|Gammaproteobacteria,1XT9T@135623|Vibrionales	effector of murein hydrolase	yohK	-	-	-	-	LrgB
3225	GEA50952.1	1205908.AKXW01000068_gene2898	2.7e-201	558.0	COG0295@1|root,COG0295@2|Bacteria,1MY2R@1224|Proteobacteria,1RMRX@1236|Gammaproteobacteria,1XV0Z@135623|Vibrionales	This enzyme scavenges exogenous and endogenous cytidine and 2'-deoxycytidine for UMP synthesis	cdd	GO:0003674,GO:0003824,GO:0004126,GO:0005488,GO:0005575,GO:0005622,GO:0005623,GO:0005737,GO:0005829,GO:0006139,GO:0006213,GO:0006216,GO:0006725,GO:0006807,GO:0008150,GO:0008152,GO:0008270,GO:0008655,GO:0009056,GO:0009058,GO:0009116,GO:0009119,GO:0009164,GO:0009972,GO:0009987,GO:0016787,GO:0016810,GO:0016814,GO:0018130,GO:0019239,GO:0019438,GO:0019439,GO:0034641,GO:0034654,GO:0034655,GO:0034656,GO:0042454,GO:0043094,GO:0043167,GO:0043169,GO:0044237,GO:0044238,GO:0044248,GO:0044249,GO:0044270,GO:0044271,GO:0044281,GO:0044282,GO:0044424,GO:0044444,GO:0044464,GO:0046087,GO:0046131,GO:0046133,GO:0046135,GO:0046483,GO:0046700,GO:0046872,GO:0046914,GO:0055086,GO:0071704,GO:0072527,GO:0072528,GO:0072529,GO:1901135,GO:1901136,GO:1901360,GO:1901361,GO:1901362,GO:1901564,GO:1901565,GO:1901566,GO:1901575,GO:1901576,GO:1901657,GO:1901658	ko:K01489	ko00240,ko00983,ko01100,map00240,map00983,map01100	ko00000,ko00001,ko01000	dCMP_cyt_deam_1,dCMP_cyt_deam_2
3225	GEA50953.1	1205908.AKXW01000068_gene2899	4.79e-272	745.0	COG0027@1|root,COG0027@2|Bacteria,1N3KA@1224|Proteobacteria,1RNTW@1236|Gammaproteobacteria,1XUDQ@135623|Vibrionales	Involved in the de novo purine biosynthesis. Catalyzes the transfer of formate to 5-phospho-ribosyl-glycinamide (GAR), producing 5-phospho-ribosyl-N-formylglycinamide (FGAR). Formate is provided by PurU via hydrolysis of 10-formyl-tetrahydrofolate	purT	GO:0003674,GO:0003824,GO:0004644,GO:0006139,GO:0006163,GO:0006164,GO:0006725,GO:0006753,GO:0006793,GO:0006796,GO:0006807,GO:0008150,GO:0008152,GO:0009058,GO:0009117,GO:0009150,GO:0009152,GO:0009165,GO:0009259,GO:0009260,GO:0009987,GO:0016740,GO:0016741,GO:0016742,GO:0018130,GO:0019438,GO:0019637,GO:0019693,GO:0034641,GO:0034654,GO:0044237,GO:0044238,GO:0044249,GO:0044271,GO:0044281,GO:0046390,GO:0046483,GO:0055086,GO:0071704,GO:0072521,GO:0072522,GO:0090407,GO:1901135,GO:1901137,GO:1901293,GO:1901360,GO:1901362,GO:1901564,GO:1901566,GO:1901576	ko:K08289	ko00230,ko00670,ko01100,ko01110,ko01130,map00230,map00670,map01100,map01110,map01130	ko00000,ko00001,ko00002,ko01000	ATP-grasp,Epimerase
3225	GEA50954.1	1205908.AKXW01000068_gene2900	3.05e-63	193.0	COG0776@1|root,COG0776@2|Bacteria,1RH5Z@1224|Proteobacteria,1S61Z@1236|Gammaproteobacteria,1XXSU@135623|Vibrionales	This protein is one of the two subunits of integration host factor, a specific DNA-binding protein that functions in genetic recombination as well as in transcriptional and translational control	himA	GO:0000976,GO:0001067,GO:0001130,GO:0001216,GO:0003674,GO:0003676,GO:0003677,GO:0003690,GO:0003700,GO:0005488,GO:0005575,GO:0005622,GO:0005623,GO:0005737,GO:0005829,GO:0006355,GO:0008150,GO:0009889,GO:0009891,GO:0009893,GO:0010468,GO:0010556,GO:0010557,GO:0010604,GO:0010628,GO:0019219,GO:0019222,GO:0031323,GO:0031325,GO:0031326,GO:0031328,GO:0032991,GO:0032993,GO:0043565,GO:0044212,GO:0044424,GO:0044444,GO:0044464,GO:0045893,GO:0045935,GO:0048518,GO:0048522,GO:0050789,GO:0050794,GO:0051171,GO:0051173,GO:0051252,GO:0051254,GO:0060255,GO:0065007,GO:0080090,GO:0097159,GO:0140110,GO:1901363,GO:1902680,GO:1903506,GO:1903508,GO:1990837,GO:2000112,GO:2001141	ko:K04764	-	ko00000,ko03032,ko03036,ko03400	Bac_DNA_binding
3225	GEA50955.1	1205908.AKXW01000068_gene2901	0.0	1962.0	COG1523@1|root,COG1523@2|Bacteria,1MU19@1224|Proteobacteria,1RP6F@1236|Gammaproteobacteria,1XT7C@135623|Vibrionales	Belongs to the glycosyl hydrolase 13 family	-	-	ko:K01200	ko00500,ko01100,ko01110,map00500,map01100,map01110	ko00000,ko00001,ko01000	CBM_48,DUF3372,PUD
3225	GEA50956.1	1205908.AKXW01000167_gene2488	5.21e-88	259.0	2AWG6@1|root,31NCF@2|Bacteria,1QK3F@1224|Proteobacteria,1TI68@1236|Gammaproteobacteria,1XYGS@135623|Vibrionales	-	-	-	-	-	-	-
3225	GEA50958.1	1205908.AKXW01000167_gene2489	7.99e-88	259.0	COG0494@1|root,COG0494@2|Bacteria,1RKVK@1224|Proteobacteria,1S86R@1236|Gammaproteobacteria,1XX6U@135623|Vibrionales	NUDIX domain	-	-	ko:K08310	ko00790,map00790	ko00000,ko00001,ko00002,ko01000	NUDIX
3225	GEA50959.1	1205908.AKXW01000167_gene2490	2.29e-137	391.0	COG1187@1|root,COG1187@2|Bacteria,1MU6M@1224|Proteobacteria,1RQA9@1236|Gammaproteobacteria,1XUDN@135623|Vibrionales	COG1187 16S rRNA uridine-516 pseudouridylate synthase and related pseudouridylate synthases	-	-	ko:K06183	-	ko00000,ko01000,ko03009	PseudoU_synth_2,S4
3225	GEA50960.1	1205908.AKXW01000167_gene2491	1.96e-93	274.0	COG4405@1|root,COG4405@2|Bacteria,1N2T4@1224|Proteobacteria,1S2GH@1236|Gammaproteobacteria,1XX11@135623|Vibrionales	protein conserved in bacteria	-	-	-	-	-	ASCH
3225	GEA50961.1	1205908.AKXW01000167_gene2492	4.31e-164	461.0	COG0384@1|root,COG0384@2|Bacteria,1R9X4@1224|Proteobacteria,1RZ0R@1236|Gammaproteobacteria,1XTKE@135623|Vibrionales	epimerase, PhzC PhzF homolog	-	-	-	-	-	PhzC-PhzF
3225	GEA50962.1	1205908.AKXW01000167_gene2493	3.54e-126	360.0	COG1853@1|root,COG1853@2|Bacteria,1MUPP@1224|Proteobacteria,1RR4T@1236|Gammaproteobacteria,1XVIK@135623|Vibrionales	COG1853 Conserved protein domain typically associated with flavoprotein oxygenases, DIM6 NTAB family	-	-	-	-	-	Flavin_Reduct
3225	GEA50963.1	1205908.AKXW01000167_gene2494	2.09e-88	261.0	COG1670@1|root,COG1670@2|Bacteria,1N1AF@1224|Proteobacteria,1T25C@1236|Gammaproteobacteria,1XXCY@135623|Vibrionales	Acetyltransferase (GNAT) domain	VPA1573	-	-	-	-	Acetyltransf_1,Acetyltransf_10
3225	GEA50964.1	1219072.VHA01S_028_00310	1.41e-29	105.0	2A2FZ@1|root,30QT3@2|Bacteria,1QKCI@1224|Proteobacteria,1TIG3@1236|Gammaproteobacteria,1XZ2G@135623|Vibrionales	-	-	-	-	-	-	-
3225	GEA50965.1	1219080.VEZ01S_16_00310	7.84e-85	250.0	COG0727@1|root,COG0727@2|Bacteria,1RGTW@1224|Proteobacteria,1S6E8@1236|Gammaproteobacteria,1XXED@135623|Vibrionales	Putative zinc- or iron-chelating domain	-	-	-	-	-	CxxCxxCC
3225	GEA50966.1	575788.VS_1544	5.65e-50	160.0	2CZ7C@1|root,32T5R@2|Bacteria,1N0CN@1224|Proteobacteria,1S9C8@1236|Gammaproteobacteria,1XYGC@135623|Vibrionales	-	-	-	-	-	-	-
3225	GEA50967.1	1205908.AKXW01000167_gene2500	4.54e-37	124.0	COG4895@1|root,COG4895@2|Bacteria,1N7TD@1224|Proteobacteria,1SDPQ@1236|Gammaproteobacteria,1XYXJ@135623|Vibrionales	Uncharacterized conserved protein (DUF2196)	-	-	-	-	-	DUF2196
3225	GEA50968.1	1219072.VHA01S_028_00340	1.99e-298	815.0	COG0513@1|root,COG0513@2|Bacteria,1MU49@1224|Proteobacteria,1RYD1@1236|Gammaproteobacteria,1XTEW@135623|Vibrionales	Belongs to the DEAD box helicase family	-	-	-	-	-	DEAD,Helicase_C
3225	GEA50969.1	1205908.AKXW01000167_gene2502	0.0	1526.0	COG0072@1|root,COG0072@2|Bacteria,1MWKS@1224|Proteobacteria,1RMIH@1236|Gammaproteobacteria,1XSJE@135623|Vibrionales	Belongs to the phenylalanyl-tRNA synthetase beta subunit family. Type 1 subfamily	pheT	GO:0003674,GO:0003824,GO:0004812,GO:0004826,GO:0005575,GO:0005622,GO:0005623,GO:0005737,GO:0006082,GO:0006139,GO:0006399,GO:0006412,GO:0006418,GO:0006432,GO:0006518,GO:0006520,GO:0006725,GO:0006807,GO:0008150,GO:0008152,GO:0009058,GO:0009059,GO:0009328,GO:0009987,GO:0010467,GO:0016070,GO:0016874,GO:0016875,GO:0019538,GO:0019752,GO:0032991,GO:0034641,GO:0034645,GO:0034660,GO:0043038,GO:0043039,GO:0043043,GO:0043170,GO:0043436,GO:0043603,GO:0043604,GO:0044237,GO:0044238,GO:0044249,GO:0044260,GO:0044267,GO:0044271,GO:0044281,GO:0044424,GO:0044444,GO:0044464,GO:0046483,GO:0071704,GO:0090304,GO:0140098,GO:0140101,GO:1901360,GO:1901564,GO:1901566,GO:1901576,GO:1902494	ko:K01890	ko00970,map00970	ko00000,ko00001,ko00002,ko01000,ko01007,ko03016	B3_4,B5,FDX-ACB,tRNA_bind
3225	GEA50970.1	1205908.AKXW01000167_gene2503	4.67e-233	641.0	COG0016@1|root,COG0016@2|Bacteria,1MVD7@1224|Proteobacteria,1RN22@1236|Gammaproteobacteria,1XTCW@135623|Vibrionales	Belongs to the class-II aminoacyl-tRNA synthetase family. Phe-tRNA synthetase alpha subunit type 1 subfamily	pheS	GO:0003674,GO:0003824,GO:0004812,GO:0004826,GO:0005575,GO:0005622,GO:0005623,GO:0005737,GO:0006082,GO:0006139,GO:0006399,GO:0006412,GO:0006418,GO:0006432,GO:0006518,GO:0006520,GO:0006725,GO:0006807,GO:0008150,GO:0008152,GO:0009058,GO:0009059,GO:0009987,GO:0010467,GO:0016070,GO:0016874,GO:0016875,GO:0019538,GO:0019752,GO:0034641,GO:0034645,GO:0034660,GO:0043038,GO:0043039,GO:0043043,GO:0043170,GO:0043436,GO:0043603,GO:0043604,GO:0044237,GO:0044238,GO:0044249,GO:0044260,GO:0044267,GO:0044271,GO:0044281,GO:0044424,GO:0044464,GO:0046483,GO:0071704,GO:0090304,GO:0140098,GO:0140101,GO:1901360,GO:1901564,GO:1901566,GO:1901576	ko:K01889	ko00970,map00970	ko00000,ko00001,ko00002,ko01000,ko01007,ko03016	Phe_tRNA-synt_N,tRNA-synt_2d
3225	GEA50971.1	1205908.AKXW01000167_gene2505	2.69e-195	546.0	28Q0R@1|root,2ZCJH@2|Bacteria,1RCAM@1224|Proteobacteria,1S3AM@1236|Gammaproteobacteria,1XSX4@135623|Vibrionales	Protein of unknown function (DUF3080)	VP1478	-	-	-	-	DUF3080
3225	GEA50972.1	1205908.AKXW01000167_gene2506	4.65e-214	595.0	COG2133@1|root,COG2133@2|Bacteria,1MV2E@1224|Proteobacteria,1RNGN@1236|Gammaproteobacteria,1XV26@135623|Vibrionales	COG2133 Glucose sorbosone dehydrogenases	-	-	ko:K21430	-	ko00000,ko01000	GSDH
3225	GEA50973.1	1205908.AKXW01000167_gene2508	1.94e-155	441.0	COG2897@1|root,COG2897@2|Bacteria,1MW4B@1224|Proteobacteria,1RSQ3@1236|Gammaproteobacteria,1XTPX@135623|Vibrionales	COG2897 Rhodanese-related sulfurtransferase	sseA	-	ko:K01011	ko00270,ko00920,ko01100,ko01120,ko04122,map00270,map00920,map01100,map01120,map04122	ko00000,ko00001,ko01000	Rhodanese
3225	GEA50974.1	617140.AJZE01000087_gene234	7.38e-142	417.0	COG1752@1|root,COG1752@2|Bacteria,1NT1Q@1224|Proteobacteria,1RP9M@1236|Gammaproteobacteria,1XU4W@135623|Vibrionales	Patatin-like phospholipase	-	-	-	-	-	Patatin
3225	GEA50975.1	617140.AJZE01000087_gene233	7.06e-114	340.0	28HJP@1|root,2Z7UT@2|Bacteria,1MWM4@1224|Proteobacteria,1RQNG@1236|Gammaproteobacteria,1XUX1@135623|Vibrionales	of the major facilitator superfamily	-	-	-	-	-	DUF2955,FUSC_2
3225	GEA50976.1	617140.AJZE01000087_gene232	4.97e-139	405.0	COG1566@1|root,COG1566@2|Bacteria,1MU7I@1224|Proteobacteria,1RPV2@1236|Gammaproteobacteria,1XUFT@135623|Vibrionales	Secretion protein	-	-	-	-	-	Biotin_lipoyl_2,HlyD_3,HlyD_D23
3225	GEA50977.1	617140.AJZE01000087_gene231	3.52e-121	355.0	COG0583@1|root,COG0583@2|Bacteria,1RB2Z@1224|Proteobacteria,1S3GB@1236|Gammaproteobacteria,1XVF8@135623|Vibrionales	Transcriptional regulator	-	-	-	-	-	HTH_1,LysR_substrate
3225	GEA50978.1	1205908.AKXW01000167_gene2509	7.89e-95	278.0	COG0454@1|root,COG0456@2|Bacteria,1RAJC@1224|Proteobacteria,1S1YW@1236|Gammaproteobacteria,1XU1X@135623|Vibrionales	COG0454 Histone acetyltransferase HPA2 and related acetyltransferases	yjgM	-	ko:K03828	-	ko00000,ko01000	Acetyltransf_1
3225	GEA50979.1	1051646.VITU9109_01192	4.32e-71	214.0	COG0292@1|root,COG0292@2|Bacteria,1RGU2@1224|Proteobacteria,1S3P3@1236|Gammaproteobacteria,1XX9W@135623|Vibrionales	Binds directly to 23S ribosomal RNA and is necessary for the in vitro assembly process of the 50S ribosomal subunit. It is not involved in the protein synthesizing functions of that subunit	rplT	GO:0000027,GO:0003674,GO:0003735,GO:0005198,GO:0005575,GO:0005622,GO:0005623,GO:0005737,GO:0005829,GO:0005840,GO:0006412,GO:0006518,GO:0006807,GO:0006996,GO:0008150,GO:0008152,GO:0009058,GO:0009059,GO:0009987,GO:0010467,GO:0015934,GO:0016043,GO:0019538,GO:0022607,GO:0022613,GO:0022618,GO:0022625,GO:0022626,GO:0032991,GO:0034622,GO:0034641,GO:0034645,GO:0042254,GO:0042255,GO:0042273,GO:0043043,GO:0043170,GO:0043226,GO:0043228,GO:0043229,GO:0043232,GO:0043603,GO:0043604,GO:0043933,GO:0044085,GO:0044237,GO:0044238,GO:0044249,GO:0044260,GO:0044267,GO:0044271,GO:0044391,GO:0044422,GO:0044424,GO:0044444,GO:0044445,GO:0044446,GO:0044464,GO:0065003,GO:0070925,GO:0071704,GO:0071826,GO:0071840,GO:1901564,GO:1901566,GO:1901576,GO:1990904	ko:K02887	ko03010,map03010	br01610,ko00000,ko00001,ko00002,ko03011	Ribosomal_L20
3225	GEA50980.1	1205908.AKXW01000167_gene2512	1.19e-37	126.0	COG0291@1|root,COG0291@2|Bacteria,1N6V4@1224|Proteobacteria,1SCHI@1236|Gammaproteobacteria,1XYEU@135623|Vibrionales	Belongs to the bacterial ribosomal protein bL35 family	rpmI	GO:0003674,GO:0003735,GO:0005198,GO:0005575,GO:0005622,GO:0005623,GO:0005737,GO:0005829,GO:0005840,GO:0015934,GO:0022625,GO:0022626,GO:0032991,GO:0043226,GO:0043228,GO:0043229,GO:0043232,GO:0044391,GO:0044422,GO:0044424,GO:0044444,GO:0044445,GO:0044446,GO:0044464,GO:1990904	ko:K02916	ko03010,map03010	br01610,ko00000,ko00001,ko00002,ko03011	Ribosomal_L35p
3225	GEA50981.1	1187848.AJYQ01000156_gene3994	8.02e-84	248.0	COG0290@1|root,COG0290@2|Bacteria,1RDD2@1224|Proteobacteria,1S4E6@1236|Gammaproteobacteria,1XWWZ@135623|Vibrionales	IF-3 binds to the 30S ribosomal subunit and shifts the equilibrum between 70S ribosomes and their 50S and 30S subunits in favor of the free subunits, thus enhancing the availability of 30S subunits on which protein synthesis initiation begins	infC	-	ko:K02520	-	ko00000,ko03012,ko03029	IF3_C,IF3_N
3225	GEA50982.1	1205908.AKXW01000167_gene2514	0.0	1287.0	COG0441@1|root,COG0441@2|Bacteria,1MUP2@1224|Proteobacteria,1RMYE@1236|Gammaproteobacteria,1XVD6@135623|Vibrionales	Catalyzes the attachment of threonine to tRNA(Thr) in a two-step reaction L-threonine is first activated by ATP to form Thr-AMP and then transferred to the acceptor end of tRNA(Thr)	thrS	GO:0003674,GO:0003824,GO:0004812,GO:0004829,GO:0005575,GO:0005622,GO:0005623,GO:0005737,GO:0006082,GO:0006139,GO:0006399,GO:0006412,GO:0006418,GO:0006435,GO:0006518,GO:0006520,GO:0006725,GO:0006807,GO:0008150,GO:0008152,GO:0009058,GO:0009059,GO:0009987,GO:0010467,GO:0016070,GO:0016874,GO:0016875,GO:0019538,GO:0019752,GO:0034641,GO:0034645,GO:0034660,GO:0043038,GO:0043039,GO:0043043,GO:0043170,GO:0043436,GO:0043603,GO:0043604,GO:0044237,GO:0044238,GO:0044249,GO:0044260,GO:0044267,GO:0044271,GO:0044281,GO:0044424,GO:0044464,GO:0046483,GO:0071704,GO:0090304,GO:0140098,GO:0140101,GO:1901360,GO:1901564,GO:1901566,GO:1901576	ko:K01868	ko00970,map00970	ko00000,ko00001,ko00002,ko01000,ko01007,ko03016	HGTP_anticodon,TGS,tRNA-synt_2b,tRNA_SAD
3225	GEA50983.1	1205908.AKXW01000167_gene2515	9.74e-164	458.0	2BYAF@1|root,2ZWH8@2|Bacteria,1RBZ8@1224|Proteobacteria,1S2EB@1236|Gammaproteobacteria,1XTF5@135623|Vibrionales	Protein of unknown function (DUF3581)	-	-	-	-	-	DUF3581
3225	GEA50984.1	1205908.AKXW01000167_gene2518	3.27e-149	420.0	COG0637@1|root,COG0637@2|Bacteria,1R8Z3@1224|Proteobacteria,1S4ZI@1236|Gammaproteobacteria,1XT2Y@135623|Vibrionales	phosphatase phosphohexomutase	-	-	-	-	-	HAD_2
3225	GEA50986.1	1205908.AKXW01000167_gene2519	5.52e-18	78.6	2EG9Y@1|root,33A1R@2|Bacteria,1NMAJ@1224|Proteobacteria,1SHG1@1236|Gammaproteobacteria,1XZ0I@135623|Vibrionales	protein structure with unknown function	-	-	-	-	-	DUF4144
3225	GEA50987.1	1191299.AJYX01000096_gene1932	7.37e-29	107.0	2AWG0@1|root,31NC9@2|Bacteria,1QK3A@1224|Proteobacteria,1TI63@1236|Gammaproteobacteria,1XYGH@135623|Vibrionales	-	-	-	-	-	-	-
3225	GEA50989.1	1205908.AKXW01000167_gene2523	4.92e-206	573.0	COG1988@1|root,COG1988@2|Bacteria,1QK5N@1224|Proteobacteria,1S0MU@1236|Gammaproteobacteria,1XSC2@135623|Vibrionales	membrane-bound metal-dependent hydrolases	-	-	ko:K07038	-	ko00000	YdjM
3225	GEA50990.1	1205908.AKXW01000167_gene2524	0.0	1940.0	COG0247@1|root,COG0277@1|root,COG0247@2|Bacteria,COG0277@2|Bacteria,1MU6Y@1224|Proteobacteria,1RQX2@1236|Gammaproteobacteria,1XU87@135623|Vibrionales	COG0277 FAD FMN-containing dehydrogenases	ydiJ	-	-	-	-	FAD-oxidase_C,FAD_binding_4,Fer4_8
3225	GEA50991.1	1205908.AKXW01000167_gene2525	1.57e-154	435.0	2CPPK@1|root,32SJJ@2|Bacteria,1MZQ2@1224|Proteobacteria,1SABH@1236|Gammaproteobacteria,1XU68@135623|Vibrionales	Protein of unknown function (DUF2786)	VV12383	-	-	-	-	DUF2786
3225	GEA50992.1	1219080.VEZ01S_16_00090	1.26e-34	118.0	2AX21@1|root,31P0A@2|Bacteria,1QKPI@1224|Proteobacteria,1TITW@1236|Gammaproteobacteria,1XZNA@135623|Vibrionales	-	-	-	-	-	-	-
3225	GEA50993.1	1205908.AKXW01000167_gene2527	2e-77	231.0	2AWAE@1|root,31N5Y@2|Bacteria,1QJXB@1224|Proteobacteria,1THZD@1236|Gammaproteobacteria,1XXZU@135623|Vibrionales	Component of the SOS system and an inhibitor of cell division. Accumulation of SulA causes rapid cessation of cell division and the appearance of long, non-septate filaments. In the presence of GTP, binds a polymerization-competent form of FtsZ in a 1 1 ratio, thus inhibiting FtsZ polymerization and therefore preventing it from participating in the assembly of the Z ring. This mechanism prevents the premature segregation of damaged DNA to daughter cells during cell division	-	-	ko:K13053	-	ko00000,ko03036	SulA
3225	GEA50994.1	1205908.AKXW01000167_gene2528	1.91e-259	711.0	COG0152@1|root,COG0152@2|Bacteria,1MUR9@1224|Proteobacteria,1RNNY@1236|Gammaproteobacteria,1XUUI@135623|Vibrionales	Belongs to the SAICAR synthetase family	purC	GO:0003674,GO:0003824,GO:0004639,GO:0005575,GO:0005622,GO:0005623,GO:0005737,GO:0006139,GO:0006163,GO:0006164,GO:0006188,GO:0006189,GO:0006725,GO:0006753,GO:0006793,GO:0006796,GO:0006807,GO:0008150,GO:0008152,GO:0009058,GO:0009117,GO:0009123,GO:0009124,GO:0009126,GO:0009127,GO:0009150,GO:0009152,GO:0009156,GO:0009161,GO:0009165,GO:0009167,GO:0009168,GO:0009259,GO:0009260,GO:0009987,GO:0016874,GO:0016879,GO:0016881,GO:0018130,GO:0019438,GO:0019637,GO:0019693,GO:0034641,GO:0034654,GO:0044237,GO:0044238,GO:0044249,GO:0044271,GO:0044281,GO:0044424,GO:0044464,GO:0046040,GO:0046390,GO:0046483,GO:0055086,GO:0071704,GO:0072521,GO:0072522,GO:0090407,GO:1901135,GO:1901137,GO:1901293,GO:1901360,GO:1901362,GO:1901564,GO:1901566,GO:1901576	ko:K01923	ko00230,ko01100,ko01110,ko01130,map00230,map01100,map01110,map01130	ko00000,ko00001,ko00002,ko01000	SAICAR_synt
3225	GEA50995.1	1205908.AKXW01000024_gene973	3.21e-126	361.0	COG3070@1|root,COG3070@2|Bacteria,1QJGH@1224|Proteobacteria,1THG9@1236|Gammaproteobacteria,1XVKC@135623|Vibrionales	COG3070 Regulator of competence-specific genes	VV1446	GO:0006810,GO:0007154,GO:0008150,GO:0009290,GO:0009292,GO:0009294,GO:0009605,GO:0009987,GO:0009991,GO:0015931,GO:0030420,GO:0031668,GO:0044764,GO:0050657,GO:0050896,GO:0051027,GO:0051179,GO:0051234,GO:0051704,GO:0051716,GO:0071496,GO:0071702,GO:0071705,GO:0098657	ko:K07343	-	ko00000	TfoX_C,TfoX_N
3225	GEA50996.1	1219080.VEZ01S_16_00050	9.32e-172	484.0	COG2431@1|root,COG2431@2|Bacteria,1MYMF@1224|Proteobacteria,1RP7N@1236|Gammaproteobacteria,1XUYP@135623|Vibrionales	membrane	ybjE	-	-	-	-	Lys_export
3225	GEA50997.1	1205908.AKXW01000024_gene971	1.35e-113	326.0	2BG53@1|root,32A1V@2|Bacteria,1QJKM@1224|Proteobacteria,1THM8@1236|Gammaproteobacteria,1XWNB@135623|Vibrionales	-	VC1150	-	-	-	-	-
3225	GEA50998.1	1205908.AKXW01000024_gene970	0.0	1028.0	COG0076@1|root,COG0076@2|Bacteria,1MWUX@1224|Proteobacteria,1RQ8G@1236|Gammaproteobacteria,1XTEY@135623|Vibrionales	COG0076 Glutamate decarboxylase and related PLP-dependent proteins	-	GO:0003674,GO:0003824,GO:0004068,GO:0016829,GO:0016830,GO:0016831	ko:K01580	ko00250,ko00410,ko00430,ko00650,ko01100,ko01110,ko01120,ko02024,ko04727,ko04940,map00250,map00410,map00430,map00650,map01100,map01110,map01120,map02024,map04727,map04940	ko00000,ko00001,ko00002,ko01000	Pyridoxal_deC
3225	GEA50999.1	1219080.VEZ01S_16_00020	1.74e-188	525.0	COG1737@1|root,COG1737@2|Bacteria,1MV3U@1224|Proteobacteria,1RNC4@1236|Gammaproteobacteria,1XSSF@135623|Vibrionales	COG1737 Transcriptional regulators	hexR	-	ko:K19337	-	ko00000,ko03000	HTH_6,SIS
3225	GEA51000.1	1205908.AKXW01000024_gene968	6.22e-240	663.0	COG1454@1|root,COG1454@2|Bacteria,1MVPH@1224|Proteobacteria,1S1W6@1236|Gammaproteobacteria,1XTZE@135623|Vibrionales	alcohol dehydrogenase	-	-	-	-	-	Fe-ADH
3225	GEA51001.1	1205908.AKXW01000024_gene967	3.7e-58	179.0	COG0695@1|root,COG0695@2|Bacteria,1RGZ7@1224|Proteobacteria,1S5ZP@1236|Gammaproteobacteria,1XXU0@135623|Vibrionales	COG0695 Glutaredoxin and related proteins	grxA	-	ko:K03674	-	ko00000,ko03110	Glutaredoxin
3225	GEA51002.1	617140.AJZE01000072_gene823	9.61e-20	85.1	2AXXU@1|root,31PZ2@2|Bacteria,1QMN1@1224|Proteobacteria,1TJXJ@1236|Gammaproteobacteria,1Y1TK@135623|Vibrionales	-	-	-	-	-	-	-
3225	GEA51003.1	1517681.HW45_26705	1.81e-234	654.0	COG1538@1|root,COG1538@2|Bacteria,1MWCJ@1224|Proteobacteria,1RQQV@1236|Gammaproteobacteria,1Y05U@135623|Vibrionales	Outer membrane efflux protein	-	-	-	-	-	OEP
3225	GEA51004.1	1517681.HW45_26700	4.79e-30	117.0	COG0568@1|root,COG0568@2|Bacteria,1MVWR@1224|Proteobacteria,1RMFR@1236|Gammaproteobacteria,1XTFM@135623|Vibrionales	RNA polymerase sigma	-	-	ko:K03089	-	ko00000,ko03021	Sigma70_r2,Sigma70_r4
3225	GEA51005.1	617140.AJZE01000072_gene820	3.59e-60	189.0	2AAQ1@1|root,31023@2|Bacteria,1Q55F@1224|Proteobacteria,1SQBZ@1236|Gammaproteobacteria,1XZ4B@135623|Vibrionales	-	-	-	-	-	-	-
3225	GEA51006.1	617140.AJZE01000072_gene816	1.16e-157	447.0	COG2240@1|root,COG2240@2|Bacteria,1MVC9@1224|Proteobacteria,1RMIE@1236|Gammaproteobacteria,1XSHI@135623|Vibrionales	Pyridoxal kinase involved in the salvage pathway of pyridoxal 5'-phosphate (PLP). Catalyzes the phosphorylation of pyridoxal to PLP	pdxY	-	ko:K00868	ko00750,ko01100,map00750,map01100	ko00000,ko00001,ko01000	Phos_pyr_kin
3225	GEA51007.1	617140.AJZE01000072_gene815	6.44e-164	467.0	COG2829@1|root,COG2829@2|Bacteria,1PC8I@1224|Proteobacteria,1RMJH@1236|Gammaproteobacteria,1XTPQ@135623|Vibrionales	Outer membrane phospholipase A	-	-	ko:K01058	ko00564,ko00565,ko00590,ko00591,ko00592,ko01100,ko01110,map00564,map00565,map00590,map00591,map00592,map01100,map01110	ko00000,ko00001,ko01000	PLA1
3225	GEA51008.1	617140.AJZE01000072_gene814	6.61e-250	707.0	COG1289@1|root,COG1289@2|Bacteria	transmembrane transporter activity	-	-	-	-	-	FUSC,FUSC_2
3225	GEA51009.1	1517681.HW45_26595	1.58e-140	404.0	COG1566@1|root,COG1566@2|Bacteria,1MWG0@1224|Proteobacteria,1RRE3@1236|Gammaproteobacteria,1XXAX@135623|Vibrionales	Belongs to the membrane fusion protein (MFP) (TC 8.A.1) family	-	-	-	-	-	Biotin_lipoyl_2,HlyD_3,HlyD_D23
3225	GEA51011.1	617140.AJZE01000072_gene812	0.0	892.0	COG0076@1|root,COG0076@2|Bacteria,1MX25@1224|Proteobacteria,1RNSQ@1236|Gammaproteobacteria,1XU5I@135623|Vibrionales	Belongs to the group II decarboxylase family	-	-	ko:K01580	ko00250,ko00410,ko00430,ko00650,ko01100,ko01110,ko01120,ko02024,ko04727,ko04940,map00250,map00410,map00430,map00650,map01100,map01110,map01120,map02024,map04727,map04940	ko00000,ko00001,ko00002,ko01000	Pyridoxal_deC
3225	GEA51012.1	617140.AJZE01000072_gene811	0.0	997.0	COG2985@1|root,COG2985@2|Bacteria,1MUVM@1224|Proteobacteria,1RQ47@1236|Gammaproteobacteria,1XWS1@135623|Vibrionales	Predicted Permease Membrane Region	-	-	-	-	-	Asp-Al_Ex
3225	GEA51013.1	637905.SVI_3853	8.81e-20	80.5	2E3SC@1|root,32YPX@2|Bacteria,1N7IU@1224|Proteobacteria	Protein of unknown function (DUF1059)	-	-	-	-	-	DUF1059
3225	GEA51014.1	1042375.AFPL01000046_gene1820	1.43e-165	470.0	COG0388@1|root,COG0388@2|Bacteria,1MWQG@1224|Proteobacteria,1RYY7@1236|Gammaproteobacteria,467AJ@72275|Alteromonadaceae	Carbon-nitrogen hydrolase	-	-	ko:K01501	ko00380,ko00460,ko00627,ko00643,ko00910,ko01120,map00380,map00460,map00627,map00643,map00910,map01120	ko00000,ko00001,ko01000	CN_hydrolase
3225	GEA51015.1	1205908.AKXW01000167_gene2534	4.88e-281	769.0	COG3007@1|root,COG3007@2|Bacteria,1MWCQ@1224|Proteobacteria,1RPPP@1236|Gammaproteobacteria,1XUMI@135623|Vibrionales	Involved in the final reduction of the elongation cycle of fatty acid synthesis (FAS II). Catalyzes the reduction of a carbon-carbon double bond in an enoyl moiety that is covalently linked to an acyl carrier protein (ACP)	fabV	GO:0000166,GO:0003674,GO:0003824,GO:0004312,GO:0004318,GO:0005488,GO:0006082,GO:0006629,GO:0006631,GO:0006633,GO:0008150,GO:0008152,GO:0008610,GO:0009058,GO:0009987,GO:0016053,GO:0016491,GO:0016627,GO:0016628,GO:0016740,GO:0016746,GO:0016747,GO:0019752,GO:0032787,GO:0036094,GO:0043436,GO:0044237,GO:0044238,GO:0044249,GO:0044255,GO:0044281,GO:0044283,GO:0046394,GO:0048037,GO:0050343,GO:0050662,GO:0051287,GO:0055114,GO:0071704,GO:0072330,GO:0097159,GO:1901265,GO:1901363,GO:1901576	ko:K00209	ko00061,ko00650,ko01100,ko01120,ko01200,ko01212,map00061,map00650,map01100,map01120,map01200,map01212	ko00000,ko00001,ko00002,ko01000,ko01004	Eno-Rase_FAD_bd,Eno-Rase_NADH_b,Enoyl_reductase
3225	GEA51016.1	1205908.AKXW01000167_gene2535	4.47e-103	300.0	COG2716@1|root,COG2716@2|Bacteria,1NAIN@1224|Proteobacteria,1SEAU@1236|Gammaproteobacteria,1XTJY@135623|Vibrionales	Glycine cleavage system regulatory protein	-	-	-	-	-	ACT_6
3225	GEA51018.1	617140.AJZE01000077_gene1336	1.02e-255	719.0	COG1574@1|root,COG1574@2|Bacteria,1MWP2@1224|Proteobacteria,1RNB7@1236|Gammaproteobacteria,1XTUF@135623|Vibrionales	metal-dependent hydrolase with the TIM-barrel fold	-	-	-	-	-	Amidohydro_3
3225	GEA51019.1	617140.AJZE01000074_gene980	4.85e-16	76.6	2E1PZ@1|root,32X0D@2|Bacteria,1N001@1224|Proteobacteria,1S9M7@1236|Gammaproteobacteria,1XX5Q@135623|Vibrionales	-	-	-	-	-	-	-
3225	GEA51020.1	617140.AJZE01000077_gene1335	4.21e-176	514.0	COG0477@1|root,COG0477@2|Bacteria,1R7I3@1224|Proteobacteria,1SBGH@1236|Gammaproteobacteria,1Y00Z@135623|Vibrionales	Major Facilitator Superfamily	-	-	-	-	-	MFS_1
3225	GEA51021.1	617140.AJZE01000077_gene1334	0.0	889.0	COG0477@1|root,COG0477@2|Bacteria,1R7I3@1224|Proteobacteria,1SBGH@1236|Gammaproteobacteria,1Y00Z@135623|Vibrionales	Major Facilitator Superfamily	-	-	-	-	-	MFS_1
3225	GEA51023.1	617140.AJZE01000077_gene1332	1.92e-39	143.0	COG3710@1|root,COG3710@2|Bacteria	Transcriptional regulator	ygeH	GO:0005575,GO:0005622,GO:0005623,GO:0005737,GO:0005829,GO:0044424,GO:0044444,GO:0044464	ko:K03765,ko:K10920,ko:K22486	ko05111,map05111	ko00000,ko00001,ko02044,ko03000	NB-ARC,PD40,TPR_12,TPR_19,Trans_reg_C
3225	GEA51024.1	617140.AJZE01000077_gene1331	3.58e-143	409.0	2ENZZ@1|root,33GKT@2|Bacteria,1NPY6@1224|Proteobacteria,1SJFH@1236|Gammaproteobacteria,1XYIA@135623|Vibrionales	-	-	-	-	-	-	-
3225	GEA51025.1	1205908.AKXW01000167_gene2536	0.0	1006.0	COG3119@1|root,COG3119@2|Bacteria,1MUJH@1224|Proteobacteria,1RN2V@1236|Gammaproteobacteria,1XVZT@135623|Vibrionales	C-terminal region of aryl-sulfatase	-	-	ko:K01130	ko00140,ko00600,map00140,map00600	ko00000,ko00001,ko01000	Sulfatase,Sulfatase_C
3225	GEA51026.1	1205908.AKXW01000167_gene2537	6.43e-60	187.0	2E5DX@1|root,3305V@2|Bacteria,1NCIH@1224|Proteobacteria,1TI29@1236|Gammaproteobacteria,1XY7N@135623|Vibrionales	Domain of unknown function (DUF4345)	-	-	-	-	-	DUF4345
3225	GEA51027.1	1219080.VEZ01S_15_00030	4.3e-256	704.0	COG0019@1|root,COG0019@2|Bacteria,1MW3T@1224|Proteobacteria,1RP8C@1236|Gammaproteobacteria,1XT59@135623|Vibrionales	Belongs to the Orn Lys Arg decarboxylase class-II family. NspC subfamily	nspC	GO:0003674,GO:0003824,GO:0005488,GO:0005515,GO:0006576,GO:0006595,GO:0006596,GO:0006807,GO:0008144,GO:0008150,GO:0008152,GO:0008216,GO:0008295,GO:0009058,GO:0009308,GO:0009309,GO:0009987,GO:0016829,GO:0016830,GO:0016831,GO:0019842,GO:0030170,GO:0034641,GO:0036094,GO:0042401,GO:0042710,GO:0042802,GO:0042803,GO:0043167,GO:0043168,GO:0044010,GO:0044106,GO:0044237,GO:0044249,GO:0044271,GO:0044764,GO:0045312,GO:0046204,GO:0046983,GO:0048037,GO:0050662,GO:0051704,GO:0070279,GO:0071704,GO:0097159,GO:0097164,GO:1901363,GO:1901564,GO:1901566,GO:1901576	ko:K13747	ko00330,ko01100,map00330,map01100	ko00000,ko00001,ko01000	Orn_DAP_Arg_deC
3225	GEA51028.1	1205908.AKXW01000167_gene2541	5.38e-313	851.0	COG1748@1|root,COG1748@2|Bacteria,1NIU2@1224|Proteobacteria,1RP49@1236|Gammaproteobacteria,1XVG7@135623|Vibrionales	COG1748 Saccharopine dehydrogenase and related proteins	-	-	ko:K13746	ko00330,ko01100,map00330,map01100	ko00000,ko00001,ko01000	Sacchrp_dh_C,Sacchrp_dh_NADP
3225	GEA51029.1	1205908.AKXW01000167_gene2542	0.0	1863.0	COG0076@1|root,COG0160@1|root,COG0076@2|Bacteria,COG0160@2|Bacteria,1MWUX@1224|Proteobacteria,1RQ8G@1236|Gammaproteobacteria,1XV42@135623|Vibrionales	COG0160 4-aminobutyrate aminotransferase and related aminotransferases	-	-	ko:K00836,ko:K13745	ko00260,ko01100,ko01120,ko01210,ko01230,map00260,map01100,map01120,map01210,map01230	ko00000,ko00001,ko00002,ko01000,ko01007	Aminotran_3,Pyridoxal_deC
3225	GEA51030.1	1205908.AKXW01000167_gene2543	5.21e-191	531.0	COG0668@1|root,COG0668@2|Bacteria,1RA7T@1224|Proteobacteria,1SZY6@1236|Gammaproteobacteria,1Y2XG@135623|Vibrionales	COG0668 Small-conductance mechanosensitive channel	-	-	-	-	-	MS_channel
3225	GEA51031.1	1205908.AKXW01000060_gene2968	2.32e-187	522.0	COG0697@1|root,COG0697@2|Bacteria,1MWMC@1224|Proteobacteria,1RQST@1236|Gammaproteobacteria,1XTFF@135623|Vibrionales	COG0697 Permeases of the drug metabolite transporter (DMT) superfamily	yigM	-	-	-	-	EamA
3225	GEA51032.1	1205908.AKXW01000060_gene2967	4.36e-103	298.0	COG1777@1|root,COG1777@2|Bacteria,1N78A@1224|Proteobacteria,1SDX8@1236|Gammaproteobacteria,1XWY7@135623|Vibrionales	ROK family	-	-	-	-	-	-
3225	GEA51033.1	1219080.VEZ01S_52_00070	1.17e-55	173.0	COG1145@1|root,COG1145@2|Bacteria,1MZ6H@1224|Proteobacteria,1S8ZV@1236|Gammaproteobacteria,1XYGZ@135623|Vibrionales	COG1145 Ferredoxin	yfhL	-	-	-	-	Fer4,Fer4_7
3225	GEA51034.1	1205908.AKXW01000060_gene2965	0.0	899.0	COG0826@1|root,COG0826@2|Bacteria,1MUQG@1224|Proteobacteria,1RNPY@1236|Gammaproteobacteria,1XU66@135623|Vibrionales	COG0826 Collagenase and related proteases	yegQ	-	ko:K08303	ko05120,map05120	ko00000,ko00001,ko01000,ko01002	Peptidase_U32,Peptidase_U32_C
3225	GEA51035.1	1205908.AKXW01000060_gene2964	2.24e-207	574.0	COG2974@1|root,COG2974@2|Bacteria,1MXPR@1224|Proteobacteria,1RMNN@1236|Gammaproteobacteria,1XT7H@135623|Vibrionales	May be involved in recombination	rdgC	-	ko:K03554	-	ko00000,ko03400	RdgC
3225	GEA51036.1	1205908.AKXW01000060_gene2963	5.89e-162	453.0	COG0745@1|root,COG0745@2|Bacteria,1MY2Z@1224|Proteobacteria,1RN41@1236|Gammaproteobacteria,1XU4T@135623|Vibrionales	COG0745 Response regulators consisting of a CheY-like receiver domain and a winged-helix DNA-binding domain	phoB	-	ko:K07657	ko02020,map02020	ko00000,ko00001,ko00002,ko02022	Response_reg,Trans_reg_C
3225	GEA51037.1	1205908.AKXW01000060_gene2962	0.0	867.0	COG5002@1|root,COG5002@2|Bacteria,1MWF3@1224|Proteobacteria,1RN0F@1236|Gammaproteobacteria,1XSR8@135623|Vibrionales	Phosphate regulon sensor protein	phoR	-	ko:K07636	ko02020,map02020	ko00000,ko00001,ko00002,ko01000,ko01001,ko02022	DUF3329,HATPase_c,HisKA,PAS
3225	GEA51038.1	1205908.AKXW01000060_gene2961	2.54e-216	598.0	COG0226@1|root,COG0226@2|Bacteria,1MVXP@1224|Proteobacteria,1RQDH@1236|Gammaproteobacteria,1XTH3@135623|Vibrionales	Phosphate ABC transporter, periplasmic phosphate-binding protein	-	-	ko:K02040	ko02010,ko02020,ko05152,map02010,map02020,map05152	ko00000,ko00001,ko00002,ko02000	PBP_like_2
3225	GEA51039.1	1205908.AKXW01000060_gene2960	0.0	928.0	COG0248@1|root,COG0248@2|Bacteria,1MV35@1224|Proteobacteria,1RN3V@1236|Gammaproteobacteria,1XTUA@135623|Vibrionales	Belongs to the GppA Ppx family	ppx	GO:0003674,GO:0003824,GO:0004309,GO:0006082,GO:0006793,GO:0006797,GO:0006798,GO:0008150,GO:0008152,GO:0009056,GO:0009987,GO:0016462,GO:0016787,GO:0016817,GO:0016818,GO:0043436,GO:0044237,GO:0044248,GO:0044281,GO:0071704,GO:1901575	ko:K01524	ko00230,map00230	ko00000,ko00001,ko01000	Ppx-GppA
3225	GEA51040.1	1205908.AKXW01000060_gene2959	0.0	1323.0	COG0855@1|root,COG0855@2|Bacteria,1MUM3@1224|Proteobacteria,1RNRX@1236|Gammaproteobacteria,1XSGM@135623|Vibrionales	Catalyzes the reversible transfer of the terminal phosphate of ATP to form a long-chain polyphosphate (polyP)	ppk	GO:0003674,GO:0003824,GO:0005575,GO:0005623,GO:0006793,GO:0006796,GO:0008150,GO:0008152,GO:0008976,GO:0009358,GO:0009987,GO:0016301,GO:0016310,GO:0016740,GO:0016772,GO:0016776,GO:0032991,GO:0044237,GO:0044464,GO:0061695,GO:1902494,GO:1990234	ko:K00937	ko00190,ko03018,map00190,map03018	ko00000,ko00001,ko01000,ko03019	PP_kinase,PP_kinase_C,PP_kinase_N
3225	GEA51041.1	1205908.AKXW01000060_gene2958	0.0	1323.0	COG4590@1|root,COG4590@2|Bacteria,1QTTD@1224|Proteobacteria,1T1GK@1236|Gammaproteobacteria,1XSKV@135623|Vibrionales	phosphate ABC transporter, permease	-	-	ko:K02037	ko02010,map02010	ko00000,ko00001,ko00002,ko02000	BPD_transp_1
3225	GEA51042.1	1205908.AKXW01000060_gene2957	0.0	974.0	COG0581@1|root,COG0581@2|Bacteria,1MUWB@1224|Proteobacteria,1RPV9@1236|Gammaproteobacteria,1XTB7@135623|Vibrionales	phosphate transport system	pstA	-	ko:K02038	ko02010,map02010	ko00000,ko00001,ko00002,ko02000	BPD_transp_1
3225	GEA51043.1	1205908.AKXW01000060_gene2956	3.54e-189	526.0	COG1117@1|root,COG1117@2|Bacteria,1MU16@1224|Proteobacteria,1RNUF@1236|Gammaproteobacteria,1XSAI@135623|Vibrionales	Part of the ABC transporter complex PstSACB involved in phosphate import. Responsible for energy coupling to the transport system	pstB	GO:0003674,GO:0003824,GO:0005215,GO:0006810,GO:0006811,GO:0006817,GO:0006820,GO:0008150,GO:0008509,GO:0015075,GO:0015103,GO:0015114,GO:0015318,GO:0015399,GO:0015405,GO:0015415,GO:0015698,GO:0016462,GO:0016787,GO:0016817,GO:0016818,GO:0016887,GO:0017111,GO:0022804,GO:0022857,GO:0034220,GO:0035435,GO:0042623,GO:0042626,GO:0043225,GO:0043492,GO:0051179,GO:0051234,GO:0055085,GO:0098656,GO:0098660,GO:0098661,GO:0099133	ko:K02036	ko02010,map02010	ko00000,ko00001,ko00002,ko01000,ko02000	ABC_tran
3225	GEA51044.1	1205908.AKXW01000060_gene2955	1.81e-158	445.0	COG0704@1|root,COG0704@2|Bacteria,1MUMI@1224|Proteobacteria,1RMW5@1236|Gammaproteobacteria,1XSNM@135623|Vibrionales	Plays a role in the regulation of phosphate uptake	phoU	-	ko:K02039	-	ko00000	PhoU
3225	GEA51045.1	1205908.AKXW01000060_gene2954	1.45e-138	395.0	COG3142@1|root,COG3142@2|Bacteria,1MV5W@1224|Proteobacteria,1RMC1@1236|Gammaproteobacteria,1XSG9@135623|Vibrionales	Participates in the control of copper homeostasis	cutC	GO:0006873,GO:0006875,GO:0006878,GO:0008150,GO:0009987,GO:0019725,GO:0030003,GO:0042592,GO:0046916,GO:0048878,GO:0050801,GO:0055065,GO:0055070,GO:0055076,GO:0055080,GO:0055082,GO:0065007,GO:0065008,GO:0098771	ko:K06201	-	ko00000	CutC
3225	GEA51046.1	1205908.AKXW01000060_gene2953	2.44e-143	404.0	COG0450@1|root,COG0450@2|Bacteria,1MWPY@1224|Proteobacteria,1RN4S@1236|Gammaproteobacteria,1XSFY@135623|Vibrionales	COG0450 Peroxiredoxin	-	-	ko:K03386	ko04214,map04214	ko00000,ko00001,ko01000,ko04147	1-cysPrx_C,AhpC-TSA
3225	GEA51047.1	1205908.AKXW01000060_gene2952	9.58e-214	590.0	COG0583@1|root,COG0583@2|Bacteria,1MVA1@1224|Proteobacteria,1RPAJ@1236|Gammaproteobacteria,1XSIX@135623|Vibrionales	Transcriptional regulator	-	-	ko:K04761	ko02026,map02026	ko00000,ko00001,ko03000	HTH_1,LysR_substrate
3225	GEA51048.1	1205908.AKXW01000060_gene2951	7.66e-54	169.0	2AWC6@1|root,31N7Z@2|Bacteria,1QJZC@1224|Proteobacteria,1TI1T@1236|Gammaproteobacteria,1XY6C@135623|Vibrionales	-	VP0517	-	-	-	-	-
3225	GEA51049.1	1205908.AKXW01000060_gene2950	5.23e-152	427.0	COG3066@1|root,COG3066@2|Bacteria,1MVYX@1224|Proteobacteria,1RQVV@1236|Gammaproteobacteria,1XV3G@135623|Vibrionales	Sequence-specific endonuclease that cleaves unmethylated GATC sequences. It is involved in DNA mismatch repair	mutH	GO:0003674,GO:0003824,GO:0004518,GO:0004519,GO:0004520,GO:0004536,GO:0006139,GO:0006259,GO:0006725,GO:0006807,GO:0008150,GO:0008152,GO:0009987,GO:0016787,GO:0016788,GO:0034641,GO:0043170,GO:0044237,GO:0044238,GO:0044260,GO:0046483,GO:0071704,GO:0090304,GO:0090305,GO:0140097,GO:1901360	ko:K03573	ko03430,map03430	ko00000,ko00001,ko03400	MutH
3225	GEA51050.1	1205908.AKXW01000060_gene2949	8.47e-127	360.0	COG0494@1|root,COG0494@2|Bacteria,1RDGJ@1224|Proteobacteria,1S3PQ@1236|Gammaproteobacteria,1XUD3@135623|Vibrionales	Accelerates the degradation of transcripts by removing pyrophosphate from the 5'-end of triphosphorylated RNA, leading to a more labile monophosphorylated state that can stimulate subsequent ribonuclease cleavage	nudH	GO:0003674,GO:0003824,GO:0005575,GO:0005622,GO:0005623,GO:0005737,GO:0006139,GO:0006259,GO:0006281,GO:0006401,GO:0006402,GO:0006725,GO:0006807,GO:0006950,GO:0006974,GO:0008150,GO:0008152,GO:0009056,GO:0009057,GO:0009892,GO:0009987,GO:0010468,GO:0010605,GO:0010629,GO:0016070,GO:0016071,GO:0016462,GO:0016787,GO:0016817,GO:0016818,GO:0019222,GO:0019439,GO:0033554,GO:0034353,GO:0034641,GO:0034655,GO:0043170,GO:0044237,GO:0044238,GO:0044248,GO:0044260,GO:0044265,GO:0044270,GO:0044424,GO:0044464,GO:0046483,GO:0046700,GO:0048519,GO:0050789,GO:0050896,GO:0051716,GO:0060255,GO:0065007,GO:0071704,GO:0090304,GO:1901360,GO:1901361,GO:1901575	ko:K08311	ko03018,map03018	ko00000,ko00001,ko01000,ko03019	NUDIX
3225	GEA51051.1	1205908.AKXW01000060_gene2948	0.0	1423.0	COG3605@1|root,COG3605@2|Bacteria,1QTTV@1224|Proteobacteria,1T1H2@1236|Gammaproteobacteria,1XSXI@135623|Vibrionales	Belongs to the PEP-utilizing enzyme family	ptsP	-	ko:K08484	ko02060,map02060	ko00000,ko00001,ko01000,ko02000	GAF,PEP-utilisers_N,PEP-utilizers,PEP-utilizers_C
3225	GEA51052.1	1205908.AKXW01000060_gene2947	4.12e-164	462.0	COG0730@1|root,COG0730@2|Bacteria,1R3V4@1224|Proteobacteria,1RVNC@1236|Gammaproteobacteria,1XUH0@135623|Vibrionales	membrane transporter protein	-	-	ko:K07090	-	ko00000	TauE
3225	GEA51053.1	1205908.AKXW01000060_gene2946	3.47e-206	569.0	COG0682@1|root,COG0682@2|Bacteria,1MVE3@1224|Proteobacteria,1RMVK@1236|Gammaproteobacteria,1XSP4@135623|Vibrionales	Transfers the N-acyl diglyceride group on what will become the N-terminal cysteine of membrane lipoproteins	lgt	GO:0006464,GO:0006807,GO:0008150,GO:0008152,GO:0009987,GO:0019538,GO:0036211,GO:0043170,GO:0043412,GO:0044237,GO:0044238,GO:0044260,GO:0044267,GO:0071704,GO:1901564	ko:K13292	-	ko00000,ko01000	LGT
3225	GEA51054.1	1205908.AKXW01000060_gene2945	6.23e-209	577.0	COG0207@1|root,COG0207@2|Bacteria,1MUBD@1224|Proteobacteria,1RPYV@1236|Gammaproteobacteria,1XUA4@135623|Vibrionales	Catalyzes the reductive methylation of 2'-deoxyuridine- 5'-monophosphate (dUMP) to 2'-deoxythymidine-5'-monophosphate (dTMP) while utilizing 5,10-methylenetetrahydrofolate (mTHF) as the methyl donor and reductant in the reaction, yielding dihydrofolate (DHF) as a by-product. This enzymatic reaction provides an intracellular de novo source of dTMP, an essential precursor for DNA biosynthesis	thyA	GO:0003674,GO:0003824,GO:0004799,GO:0006139,GO:0006725,GO:0006753,GO:0006793,GO:0006796,GO:0006807,GO:0008150,GO:0008152,GO:0008168,GO:0009058,GO:0009117,GO:0009165,GO:0009262,GO:0009263,GO:0009265,GO:0009394,GO:0009987,GO:0016740,GO:0016741,GO:0018130,GO:0019438,GO:0019637,GO:0019692,GO:0032259,GO:0034641,GO:0034654,GO:0042083,GO:0044237,GO:0044238,GO:0044249,GO:0044271,GO:0044281,GO:0046385,GO:0046483,GO:0055086,GO:0071704,GO:0090407,GO:1901135,GO:1901137,GO:1901293,GO:1901360,GO:1901362,GO:1901576	ko:K00560	ko00240,ko00670,ko01100,ko01523,map00240,map00670,map01100,map01523	ko00000,ko00001,ko00002,ko01000	Thymidylat_synt
3225	GEA51055.1	1205908.AKXW01000060_gene2944	8.96e-219	605.0	COG4206@1|root,COG4206@2|Bacteria,1RKV8@1224|Proteobacteria,1S75K@1236|Gammaproteobacteria,1XUT9@135623|Vibrionales	Solitary outer membrane autotransporter beta-barrel domain	-	-	-	-	-	Omp_AT
3225	GEA51056.1	1205908.AKXW01000060_gene2943	2.97e-250	689.0	COG1283@1|root,COG1283@2|Bacteria,1MXWU@1224|Proteobacteria,1RP6R@1236|Gammaproteobacteria,1XUP0@135623|Vibrionales	COG1283 Na phosphate symporter	nptA	-	ko:K14683	-	ko00000,ko02000,ko04147	Na_Pi_cotrans
3225	GEA51057.1	1205908.AKXW01000060_gene2942	2.76e-199	553.0	COG0583@1|root,COG0583@2|Bacteria,1MVHT@1224|Proteobacteria,1RN7G@1236|Gammaproteobacteria,1XT8V@135623|Vibrionales	Transcriptional activator	nhaR	GO:0003674,GO:0003700,GO:0005575,GO:0005622,GO:0005623,GO:0005737,GO:0006355,GO:0008150,GO:0009889,GO:0010468,GO:0010556,GO:0019219,GO:0019222,GO:0031323,GO:0031326,GO:0044424,GO:0044464,GO:0050789,GO:0050794,GO:0051171,GO:0051252,GO:0060255,GO:0065007,GO:0080090,GO:0140110,GO:1903506,GO:2000112,GO:2001141	ko:K03717	-	ko00000,ko03000	HTH_1,LysR_substrate
3225	GEA51058.1	1205908.AKXW01000060_gene2941	2e-63	194.0	COG0640@1|root,COG0640@2|Bacteria,1N72Q@1224|Proteobacteria,1SCH5@1236|Gammaproteobacteria,1XXWQ@135623|Vibrionales	transcriptional regulators	hlyU	GO:0001067,GO:0003674,GO:0003676,GO:0003677,GO:0003700,GO:0005488,GO:0006355,GO:0008150,GO:0009889,GO:0010468,GO:0010556,GO:0019219,GO:0019222,GO:0031323,GO:0031326,GO:0044212,GO:0050789,GO:0050794,GO:0051171,GO:0051252,GO:0060255,GO:0065007,GO:0080090,GO:0097159,GO:0140110,GO:1901363,GO:1903506,GO:2000112,GO:2001141	ko:K22042	-	ko00000,ko03000	HTH_5
3225	GEA51059.1	1205908.AKXW01000060_gene2940	5.34e-44	144.0	COG0268@1|root,COG0268@2|Bacteria,1MZ94@1224|Proteobacteria,1S9AI@1236|Gammaproteobacteria,1XXVB@135623|Vibrionales	Binds directly to 16S ribosomal RNA	rpsT	GO:0003674,GO:0003735,GO:0005198,GO:0005575,GO:0005622,GO:0005623,GO:0005737,GO:0005829,GO:0005840,GO:0006412,GO:0006518,GO:0006807,GO:0008150,GO:0008152,GO:0009058,GO:0009059,GO:0009987,GO:0010467,GO:0015935,GO:0019538,GO:0022626,GO:0022627,GO:0032991,GO:0034641,GO:0034645,GO:0043043,GO:0043170,GO:0043226,GO:0043228,GO:0043229,GO:0043232,GO:0043603,GO:0043604,GO:0044237,GO:0044238,GO:0044249,GO:0044260,GO:0044267,GO:0044271,GO:0044391,GO:0044422,GO:0044424,GO:0044444,GO:0044445,GO:0044446,GO:0044464,GO:0071704,GO:1901564,GO:1901566,GO:1901576,GO:1990904	ko:K02968	ko03010,map03010	br01610,ko00000,ko00001,ko00002,ko03011	Ribosomal_S20p
3225	GEA51060.1	1205908.AKXW01000060_gene2939	0.0	930.0	COG0728@1|root,COG0728@2|Bacteria,1MUH0@1224|Proteobacteria,1RMXX@1236|Gammaproteobacteria,1XTUG@135623|Vibrionales	Involved in peptidoglycan biosynthesis. Transports lipid-linked peptidoglycan precursors from the inner to the outer leaflet of the cytoplasmic membrane	murJ	GO:0000270,GO:0003674,GO:0005215,GO:0005575,GO:0005623,GO:0005886,GO:0005887,GO:0006022,GO:0006023,GO:0006024,GO:0006807,GO:0006810,GO:0006869,GO:0008150,GO:0008152,GO:0009058,GO:0009059,GO:0009252,GO:0009273,GO:0009987,GO:0010876,GO:0015647,GO:0015648,GO:0015835,GO:0015836,GO:0016020,GO:0016021,GO:0016043,GO:0022857,GO:0022884,GO:0030203,GO:0031224,GO:0031226,GO:0033036,GO:0034204,GO:0034645,GO:0042546,GO:0043170,GO:0044036,GO:0044038,GO:0044085,GO:0044237,GO:0044249,GO:0044260,GO:0044425,GO:0044459,GO:0044464,GO:0051179,GO:0051234,GO:0055085,GO:0061024,GO:0065007,GO:0065008,GO:0070589,GO:0071554,GO:0071702,GO:0071704,GO:0071705,GO:0071840,GO:0071944,GO:0097035,GO:1901135,GO:1901137,GO:1901264,GO:1901505,GO:1901564,GO:1901566,GO:1901576	ko:K03980	-	ko00000,ko01011,ko02000	MVIN
3225	GEA51061.1	1205908.AKXW01000060_gene2938	1.87e-219	605.0	COG0196@1|root,COG0196@2|Bacteria,1MV9I@1224|Proteobacteria,1RN44@1236|Gammaproteobacteria,1XTHQ@135623|Vibrionales	Belongs to the ribF family	ribF	-	ko:K11753	ko00740,ko01100,ko01110,map00740,map01100,map01110	ko00000,ko00001,ko00002,ko01000	FAD_syn,Flavokinase
3225	GEA51062.1	1205908.AKXW01000060_gene2937	0.0	1901.0	COG0060@1|root,COG0060@2|Bacteria,1MVBQ@1224|Proteobacteria,1RMTF@1236|Gammaproteobacteria,1XSUS@135623|Vibrionales	amino acids such as valine, to avoid such errors it has two additional distinct tRNA(Ile)-dependent editing activities. One activity is designated as 'pretransfer' editing and involves the hydrolysis of activated Val-AMP. The other activity is designated 'posttransfer' editing and involves deacylation of mischarged Val-tRNA(Ile)	ileS	GO:0003674,GO:0003824,GO:0004812,GO:0004822,GO:0006082,GO:0006139,GO:0006399,GO:0006412,GO:0006418,GO:0006428,GO:0006518,GO:0006520,GO:0006725,GO:0006807,GO:0008150,GO:0008152,GO:0009058,GO:0009059,GO:0009987,GO:0010467,GO:0016070,GO:0016874,GO:0016875,GO:0019538,GO:0019752,GO:0034641,GO:0034645,GO:0034660,GO:0043038,GO:0043039,GO:0043043,GO:0043170,GO:0043436,GO:0043603,GO:0043604,GO:0044237,GO:0044238,GO:0044249,GO:0044260,GO:0044267,GO:0044271,GO:0044281,GO:0046483,GO:0071704,GO:0090304,GO:0140098,GO:0140101,GO:1901360,GO:1901564,GO:1901566,GO:1901576	ko:K01870	ko00970,map00970	ko00000,ko00001,ko00002,ko01000,ko01007,ko03016	Anticodon_1,tRNA-synt_1,zf-FPG_IleRS
3225	GEA51063.1	1205908.AKXW01000060_gene2936	5.35e-123	350.0	COG0597@1|root,COG0597@2|Bacteria,1RGV9@1224|Proteobacteria,1S60E@1236|Gammaproteobacteria,1XT9S@135623|Vibrionales	This protein specifically catalyzes the removal of signal peptides from prolipoproteins	lspA	-	ko:K03101	ko03060,map03060	ko00000,ko00001,ko01000,ko01002	Peptidase_A8
3225	GEA51064.1	1205908.AKXW01000060_gene2935	8.96e-68	206.0	COG1314@1|root,COG1314@2|Bacteria,1N8MF@1224|Proteobacteria,1SD3P@1236|Gammaproteobacteria,1XXUA@135623|Vibrionales	Preprotein translocase subunit SecG	secG	-	ko:K03075	ko02024,ko03060,ko03070,map02024,map03060,map03070	ko00000,ko00001,ko00002,ko02044	SecG
3225	GEA51065.1	1205908.AKXW01000060_gene2934	3.59e-102	296.0	COG0779@1|root,COG0779@2|Bacteria,1RDP2@1224|Proteobacteria,1S3Y7@1236|Gammaproteobacteria,1XVAA@135623|Vibrionales	Required for maturation of 30S ribosomal subunits	rimP	GO:0000028,GO:0005575,GO:0005622,GO:0005623,GO:0005737,GO:0005829,GO:0006412,GO:0006518,GO:0006807,GO:0006996,GO:0008150,GO:0008152,GO:0009058,GO:0009059,GO:0009987,GO:0010467,GO:0016043,GO:0019538,GO:0022607,GO:0022613,GO:0022618,GO:0034622,GO:0034641,GO:0034645,GO:0042254,GO:0042255,GO:0042274,GO:0043043,GO:0043170,GO:0043603,GO:0043604,GO:0043933,GO:0044085,GO:0044237,GO:0044238,GO:0044249,GO:0044260,GO:0044267,GO:0044271,GO:0044424,GO:0044444,GO:0044464,GO:0065003,GO:0070925,GO:0071704,GO:0071826,GO:0071840,GO:1901564,GO:1901566,GO:1901576	ko:K09748	-	ko00000,ko03009	DUF150,DUF150_C
3225	GEA51066.1	1205908.AKXW01000060_gene2933	0.0	920.0	COG0195@1|root,COG0195@2|Bacteria,1MWT7@1224|Proteobacteria,1RNQS@1236|Gammaproteobacteria,1XUW8@135623|Vibrionales	Participates in both transcription termination and antitermination	nusA	-	ko:K02600	-	ko00000,ko03009,ko03021	HHH_5,KH_5,NusA_N
3225	GEA51067.1	1205908.AKXW01000060_gene2932	0.0	1352.0	COG0532@1|root,COG0532@2|Bacteria,1MV26@1224|Proteobacteria,1RM9X@1236|Gammaproteobacteria,1XSU6@135623|Vibrionales	One of the essential components for the initiation of protein synthesis. Protects formylmethionyl-tRNA from spontaneous hydrolysis and promotes its binding to the 30S ribosomal subunits. Also involved in the hydrolysis of GTP during the formation of the 70S ribosomal complex	infB	GO:0003674,GO:0003676,GO:0003723,GO:0003743,GO:0005488,GO:0006412,GO:0006413,GO:0006518,GO:0006807,GO:0008135,GO:0008150,GO:0008152,GO:0009058,GO:0009059,GO:0009987,GO:0010467,GO:0019538,GO:0034641,GO:0034645,GO:0043043,GO:0043170,GO:0043603,GO:0043604,GO:0044237,GO:0044238,GO:0044249,GO:0044260,GO:0044267,GO:0044271,GO:0071704,GO:0097159,GO:1901363,GO:1901564,GO:1901566,GO:1901576	ko:K02519	-	ko00000,ko03012,ko03029	GTP_EFTU,GTP_EFTU_D2,IF-2,IF2_N,IF2_assoc
3225	GEA51068.1	1219072.VHA01S_043_00030	1.6e-83	248.0	COG0858@1|root,COG0858@2|Bacteria,1MZPE@1224|Proteobacteria,1S9AF@1236|Gammaproteobacteria,1XWW9@135623|Vibrionales	One of several proteins that assist in the late maturation steps of the functional core of the 30S ribosomal subunit. Associates with free 30S ribosomal subunits (but not with 30S subunits that are part of 70S ribosomes or polysomes). Required for efficient processing of 16S rRNA. May interact with the 5'-terminal helix region of 16S rRNA	rbfA	GO:0006139,GO:0006396,GO:0006725,GO:0006807,GO:0008150,GO:0008152,GO:0009987,GO:0010467,GO:0016070,GO:0034641,GO:0043170,GO:0044237,GO:0044238,GO:0046483,GO:0071704,GO:0090304,GO:1901360	ko:K02834	-	ko00000,ko03009	RBFA
3225	GEA51069.1	1205908.AKXW01000060_gene2930	1.07e-214	594.0	COG0130@1|root,COG0130@2|Bacteria,1MV0N@1224|Proteobacteria,1RMKP@1236|Gammaproteobacteria,1XSDN@135623|Vibrionales	Responsible for synthesis of pseudouridine from uracil- 55 in the psi GC loop of transfer RNAs	truB	GO:0001522,GO:0003674,GO:0003824,GO:0006139,GO:0006396,GO:0006399,GO:0006400,GO:0006725,GO:0006807,GO:0008033,GO:0008150,GO:0008152,GO:0009451,GO:0009982,GO:0009987,GO:0010467,GO:0016070,GO:0016071,GO:0016556,GO:0016853,GO:0016866,GO:0034470,GO:0034641,GO:0034660,GO:0043170,GO:0043412,GO:0044237,GO:0044238,GO:0046483,GO:0071704,GO:0090304,GO:1901360,GO:1990481	ko:K03177	-	ko00000,ko01000,ko03016	TruB-C_2,TruB_C_2,TruB_N
3225	GEA51070.1	312309.VF_0489	4.64e-53	167.0	COG0184@1|root,COG0184@2|Bacteria,1MZ2W@1224|Proteobacteria,1S8U6@1236|Gammaproteobacteria,1XXSE@135623|Vibrionales	Forms an intersubunit bridge (bridge B4) with the 23S rRNA of the 50S subunit in the ribosome	rpsO	GO:0003674,GO:0003735,GO:0005198,GO:0005575,GO:0005622,GO:0005623,GO:0005737,GO:0005829,GO:0005840,GO:0006412,GO:0006518,GO:0006807,GO:0008150,GO:0008152,GO:0009058,GO:0009059,GO:0009987,GO:0010467,GO:0015935,GO:0019538,GO:0022626,GO:0022627,GO:0032991,GO:0034641,GO:0034645,GO:0043043,GO:0043170,GO:0043226,GO:0043228,GO:0043229,GO:0043232,GO:0043603,GO:0043604,GO:0044237,GO:0044238,GO:0044249,GO:0044260,GO:0044267,GO:0044271,GO:0044391,GO:0044422,GO:0044424,GO:0044444,GO:0044445,GO:0044446,GO:0044464,GO:0071704,GO:1901564,GO:1901566,GO:1901576,GO:1990904	ko:K02956	ko03010,map03010	br01610,ko00000,ko00001,ko00002,ko03011	Ribosomal_S15
3225	GEA51071.1	1205908.AKXW01000060_gene2928	0.0	1328.0	COG1185@1|root,COG1185@2|Bacteria,1MVB9@1224|Proteobacteria,1RNBF@1236|Gammaproteobacteria,1XUR3@135623|Vibrionales	Involved in mRNA degradation. Catalyzes the phosphorolysis of single-stranded polyribonucleotides processively in the 3'- to 5'-direction	pnp	GO:0003674,GO:0003824,GO:0004654,GO:0006139,GO:0006401,GO:0006725,GO:0006807,GO:0008150,GO:0008152,GO:0009056,GO:0009057,GO:0009987,GO:0016070,GO:0016740,GO:0016772,GO:0016779,GO:0019439,GO:0034641,GO:0034655,GO:0043170,GO:0044237,GO:0044238,GO:0044248,GO:0044260,GO:0044265,GO:0044270,GO:0046483,GO:0046700,GO:0071704,GO:0090304,GO:1901360,GO:1901361,GO:1901575	ko:K00962	ko00230,ko00240,ko03018,map00230,map00240,map03018	ko00000,ko00001,ko00002,ko01000,ko03016,ko03019	KH_1,PNPase,RNase_PH,RNase_PH_C,S1
3225	GEA51072.1	1205908.AKXW01000060_gene2927	9.43e-205	568.0	COG4785@1|root,COG4785@2|Bacteria,1N02Y@1224|Proteobacteria,1RP8P@1236|Gammaproteobacteria,1XT95@135623|Vibrionales	May be involved in cell division	nlpI	-	ko:K05803	-	ko00000	TPR_8
3225	GEA51073.1	1205908.AKXW01000060_gene2926	1.63e-280	770.0	COG4580@1|root,COG4580@2|Bacteria,1MX1A@1224|Proteobacteria,1RRWC@1236|Gammaproteobacteria,1Y28D@135623|Vibrionales	LamB porin	VVA0122	-	ko:K02024	-	ko00000,ko02000	LamB
3225	GEA51074.1	1205908.AKXW01000060_gene2925	1.08e-222	616.0	COG1609@1|root,COG1609@2|Bacteria,1MU1G@1224|Proteobacteria,1RMSP@1236|Gammaproteobacteria,1XTZQ@135623|Vibrionales	transcriptional regulators	-	-	ko:K02529	-	ko00000,ko03000	LacI,Peripla_BP_3
3225	GEA51075.1	1205908.AKXW01000060_gene2924	2.57e-180	509.0	COG1609@1|root,COG1609@2|Bacteria,1MVUR@1224|Proteobacteria,1RN2K@1236|Gammaproteobacteria,1XTVV@135623|Vibrionales	helix_turn _helix lactose operon repressor	-	-	ko:K02529	-	ko00000,ko03000	LacI,Peripla_BP_3
3225	GEA51076.1	1205908.AKXW01000060_gene2923	2.32e-208	576.0	COG0826@1|root,COG0826@2|Bacteria,1MWFW@1224|Proteobacteria,1RMWM@1236|Gammaproteobacteria,1XT2K@135623|Vibrionales	COG0826 Collagenase and related proteases	yhbV	-	-	-	-	Peptidase_U32
3225	GEA51077.1	1205908.AKXW01000060_gene2922	3.09e-243	668.0	COG0826@1|root,COG0826@2|Bacteria,1MUQG@1224|Proteobacteria,1RP6X@1236|Gammaproteobacteria,1XTKH@135623|Vibrionales	COG0826 Collagenase and related proteases	yhbU	-	ko:K08303	ko05120,map05120	ko00000,ko00001,ko01000,ko01002	Peptidase_U32
3225	GEA51078.1	1205908.AKXW01000060_gene2921	1.26e-111	322.0	COG3154@1|root,COG3154@2|Bacteria,1MZNC@1224|Proteobacteria,1S9BQ@1236|Gammaproteobacteria,1XUWR@135623|Vibrionales	lipid carrier protein	-	-	-	-	-	SCP2
3225	GEA51079.1	1205908.AKXW01000060_gene2920	1.72e-119	341.0	COG3153@1|root,COG3153@2|Bacteria,1RA42@1224|Proteobacteria,1S2G0@1236|Gammaproteobacteria,1XWYS@135623|Vibrionales	Acetyltransferase	yhbS	-	ko:K03824	-	ko00000,ko01000	Acetyltransf_1,Acetyltransf_7,Acetyltransf_9
3225	GEA51080.1	1205908.AKXW01000060_gene2919	1.52e-76	229.0	COG3050@1|root,COG3050@2|Bacteria,1RH2F@1224|Proteobacteria,1S634@1236|Gammaproteobacteria,1XYDF@135623|Vibrionales	DNA polymerase III is a complex, multichain enzyme responsible for most of the replicative synthesis in bacteria. This DNA polymerase also exhibits 3' to 5' exonuclease activity. The exact function of the psi subunit is	holD	-	ko:K02344	ko00230,ko00240,ko01100,ko03030,ko03430,ko03440,map00230,map00240,map01100,map03030,map03430,map03440	ko00000,ko00001,ko00002,ko01000,ko03032,ko03400	DNA_III_psi
3225	GEA51081.1	1205908.AKXW01000060_gene2918	1.42e-97	284.0	COG0454@1|root,COG0456@2|Bacteria,1RIE6@1224|Proteobacteria,1S9G0@1236|Gammaproteobacteria,1XXEY@135623|Vibrionales	This enzyme acetylates the N-terminal alanine of ribosomal protein S18	rimI	-	ko:K03789	-	ko00000,ko01000,ko03009	Acetyltransf_1,Acetyltransf_10
3225	GEA51082.1	1219080.VEZ01S_52_00540	0.0	1049.0	COG0369@1|root,COG1151@2|Bacteria,1N88B@1224|Proteobacteria,1RP1I@1236|Gammaproteobacteria,1XSED@135623|Vibrionales	Catalyzes the reduction of hydroxylamine to form NH(3) and H(2)O	hcp	-	ko:K05601	ko00910,map00910	ko00000,ko00001,ko01000	Prismane
3225	GEA51083.1	1205908.AKXW01000060_gene2916	6.26e-206	573.0	COG1018@1|root,COG1018@2|Bacteria,1MY2Q@1224|Proteobacteria,1RR5A@1236|Gammaproteobacteria,1XSSA@135623|Vibrionales	COG1018 Flavodoxin reductases (ferredoxin-NADPH reductases) family 1	gbcB	-	ko:K11933	-	ko00000,ko01000	FAD_binding_6,Fer2,NAD_binding_1
3225	GEA51084.1	1205908.AKXW01000060_gene2915	0.0	1048.0	COG4108@1|root,COG4108@2|Bacteria,1MU7X@1224|Proteobacteria,1RMFT@1236|Gammaproteobacteria,1XVAZ@135623|Vibrionales	Increases the formation of ribosomal termination complexes and stimulates activities of RF-1 and RF-2. It binds guanine nucleotides and has strong preference for UGA stop codons. It may interact directly with the ribosome. The stimulation of RF- 1 and RF-2 is significantly reduced by GTP and GDP, but not by GMP	prfC	-	ko:K02837	-	ko00000,ko03012	GTP_EFTU,GTP_EFTU_D2,RF3_C
3225	GEA51085.1	1205908.AKXW01000002_gene3206	4.6e-134	385.0	COG0084@1|root,COG0084@2|Bacteria,1MW5C@1224|Proteobacteria,1RP5T@1236|Gammaproteobacteria,1XUGD@135623|Vibrionales	COG0084 Mg-dependent DNase	yjjV	-	ko:K03424	-	ko00000,ko01000	TatD_DNase
3225	GEA51086.1	1205908.AKXW01000002_gene3205	5.05e-265	729.0	COG1972@1|root,COG1972@2|Bacteria,1MXXX@1224|Proteobacteria,1RMBX@1236|Gammaproteobacteria,1XSKX@135623|Vibrionales	Belongs to the concentrative nucleoside transporter (CNT) (TC 2.A.41) family	-	-	ko:K03317	-	ko00000	Gate,Nucleos_tra2_C,Nucleos_tra2_N
3225	GEA51087.1	1205908.AKXW01000002_gene3204	3.9e-34	117.0	COG4317@1|root,COG4317@2|Bacteria,1NMTS@1224|Proteobacteria,1SH3U@1236|Gammaproteobacteria,1XZ2B@135623|Vibrionales	XapX domain protein	-	-	-	-	-	DUF1427
3225	GEA51088.1	1219072.VHA01S_042_00050	1.88e-177	495.0	COG0274@1|root,COG0274@2|Bacteria,1N8AG@1224|Proteobacteria,1RPTS@1236|Gammaproteobacteria,1XTNE@135623|Vibrionales	Catalyzes a reversible aldol reaction between acetaldehyde and D-glyceraldehyde 3-phosphate to generate 2-deoxy- D-ribose 5-phosphate	deoC	-	ko:K01619	ko00030,map00030	ko00000,ko00001,ko01000	DeoC
3225	GEA51089.1	1205908.AKXW01000002_gene3202	7.28e-303	828.0	COG0213@1|root,COG0213@2|Bacteria,1MV3H@1224|Proteobacteria,1RPTG@1236|Gammaproteobacteria,1XSGE@135623|Vibrionales	The enzymes which catalyze the reversible phosphorolysis of pyrimidine nucleosides are involved in the degradation of these compounds and in their utilization as carbon and energy sources, or in the rescue of pyrimidine bases for nucleotide synthesis	deoA	GO:0003674,GO:0003824,GO:0004645,GO:0005575,GO:0005622,GO:0005623,GO:0005737,GO:0005829,GO:0006139,GO:0006725,GO:0006807,GO:0008150,GO:0008152,GO:0009032,GO:0009987,GO:0016740,GO:0016757,GO:0016758,GO:0016763,GO:0034641,GO:0044237,GO:0044238,GO:0044424,GO:0044444,GO:0044464,GO:0046483,GO:0071704,GO:1901360	ko:K00758	ko00240,ko00983,ko01100,ko05219,map00240,map00983,map01100,map05219	ko00000,ko00001,ko01000	Glycos_trans_3N,Glycos_transf_3,PYNP_C
3225	GEA51090.1	1205908.AKXW01000002_gene3201	2.21e-296	808.0	COG1015@1|root,COG1015@2|Bacteria,1MVN8@1224|Proteobacteria,1RQ6W@1236|Gammaproteobacteria,1XU6Q@135623|Vibrionales	Phosphotransfer between the C1 and C5 carbon atoms of pentose	deoB	GO:0003674,GO:0003824,GO:0005575,GO:0005622,GO:0005623,GO:0005737,GO:0005829,GO:0006139,GO:0006725,GO:0006807,GO:0008150,GO:0008152,GO:0008973,GO:0009987,GO:0016853,GO:0016866,GO:0016868,GO:0034641,GO:0044237,GO:0044238,GO:0044424,GO:0044444,GO:0044464,GO:0046483,GO:0071704,GO:1901360	ko:K01839	ko00030,ko00230,map00030,map00230	ko00000,ko00001,ko01000	Metalloenzyme
3225	GEA51091.1	1205908.AKXW01000002_gene3200	1.06e-169	474.0	COG0813@1|root,COG0813@2|Bacteria,1MUW6@1224|Proteobacteria,1RMMA@1236|Gammaproteobacteria,1XUQM@135623|Vibrionales	phosphorylase	deoD	GO:0003674,GO:0003824,GO:0004731,GO:0006139,GO:0006725,GO:0006807,GO:0008150,GO:0008152,GO:0009987,GO:0016740,GO:0016757,GO:0016763,GO:0034641,GO:0044237,GO:0044238,GO:0046483,GO:0071704,GO:1901360	ko:K03784	ko00230,ko00240,ko00760,ko01100,ko01110,map00230,map00240,map00760,map01100,map01110	ko00000,ko00001,ko01000	PNP_UDP_1
3225	GEA51092.1	1205908.AKXW01000002_gene3199	3.73e-117	337.0	COG3726@1|root,COG3726@2|Bacteria,1MUT6@1224|Proteobacteria,1RNHZ@1236|Gammaproteobacteria,1XT32@135623|Vibrionales	membrane protein affecting hemolysin expression	smp	-	ko:K07186	-	ko00000	SMP_2
3225	GEA51093.1	1205908.AKXW01000002_gene3198	4.69e-189	528.0	COG0560@1|root,COG0560@2|Bacteria,1MWA3@1224|Proteobacteria,1RNJE@1236|Gammaproteobacteria,1XTII@135623|Vibrionales	phosphoserine phosphatase	serB	GO:0001505,GO:0003674,GO:0003824,GO:0004647,GO:0006082,GO:0006520,GO:0006544,GO:0006545,GO:0006563,GO:0006564,GO:0006793,GO:0006796,GO:0006807,GO:0008150,GO:0008152,GO:0008652,GO:0009058,GO:0009069,GO:0009070,GO:0009987,GO:0016053,GO:0016311,GO:0016787,GO:0016788,GO:0016791,GO:0017144,GO:0019752,GO:0042133,GO:0042136,GO:0042578,GO:0043436,GO:0044237,GO:0044238,GO:0044249,GO:0044281,GO:0044283,GO:0046394,GO:0065007,GO:0065008,GO:0071704,GO:1901564,GO:1901566,GO:1901576,GO:1901605,GO:1901607	ko:K01079	ko00260,ko00680,ko01100,ko01120,ko01130,ko01200,ko01230,map00260,map00680,map01100,map01120,map01130,map01200,map01230	ko00000,ko00001,ko00002,ko01000,ko01009	HAD,Hydrolase
3225	GEA51094.1	1205908.AKXW01000002_gene3197	0.0	890.0	COG1066@1|root,COG1066@2|Bacteria,1MUJQ@1224|Proteobacteria,1RN2E@1236|Gammaproteobacteria,1XSUR@135623|Vibrionales	DNA-dependent ATPase involved in processing of recombination intermediates, plays a role in repairing DNA breaks. Stimulates the branch migration of RecA-mediated strand transfer reactions, allowing the 3' invading strand to extend heteroduplex DNA faster. Binds ssDNA in the presence of ADP but not other nucleotides, has ATPase activity that is stimulated by ssDNA and various branched DNA structures, but inhibited by SSB. Does not have RecA's homology-searching function	radA	-	ko:K04485	-	ko00000,ko03400	AAA_25,ATPase,ChlI
3225	GEA51095.1	1205908.AKXW01000002_gene3196	0.0	1357.0	COG0480@1|root,COG0480@2|Bacteria,1MUCV@1224|Proteobacteria,1RNNJ@1236|Gammaproteobacteria,1XTQW@135623|Vibrionales	Catalyzes the GTP-dependent ribosomal translocation step during translation elongation. During this step, the ribosome changes from the pre-translocational (PRE) to the post- translocational (POST) state as the newly formed A-site-bound peptidyl-tRNA and P-site-bound deacylated tRNA move to the P and E sites, respectively. Catalyzes the coordinated movement of the two tRNA molecules, the mRNA and conformational changes in the ribosome	fusA2	GO:0003674,GO:0003676,GO:0003723,GO:0003746,GO:0005488,GO:0006412,GO:0006414,GO:0006518,GO:0006807,GO:0008135,GO:0008150,GO:0008152,GO:0009058,GO:0009059,GO:0009987,GO:0010467,GO:0019538,GO:0034641,GO:0034645,GO:0043043,GO:0043170,GO:0043603,GO:0043604,GO:0044237,GO:0044238,GO:0044249,GO:0044260,GO:0044267,GO:0044271,GO:0071704,GO:0097159,GO:1901363,GO:1901564,GO:1901566,GO:1901576	ko:K02355	-	ko00000,ko03012,ko03029	EFG_C,EFG_II,EFG_IV,GTP_EFTU,GTP_EFTU_D2
3225	GEA51096.1	1205908.AKXW01000002_gene3193	0.0	1119.0	COG1022@1|root,COG1022@2|Bacteria,1MU4D@1224|Proteobacteria,1RPNE@1236|Gammaproteobacteria,1XTZV@135623|Vibrionales	COG1022 Long-chain acyl-CoA synthetases (AMP-forming)	-	-	ko:K01897	ko00061,ko00071,ko01100,ko01212,ko02024,ko03320,ko04146,ko04216,ko04714,ko04920,map00061,map00071,map01100,map01212,map02024,map03320,map04146,map04216,map04714,map04920	ko00000,ko00001,ko00002,ko01000,ko01004,ko04147	AMP-binding
3225	GEA51097.1	1219080.VEZ01S_47_00130	5.13e-65	208.0	COG2207@1|root,COG2207@2|Bacteria,1N7DZ@1224|Proteobacteria,1SYZE@1236|Gammaproteobacteria,1XWDS@135623|Vibrionales	COG2207 AraC-type DNA-binding domain-containing proteins	-	-	-	-	-	HTH_18
3225	GEA51098.1	1219080.VEZ01S_47_00140	1.26e-10	57.8	2BHK9@1|root,32BNV@2|Bacteria,1QMFT@1224|Proteobacteria,1TJQZ@1236|Gammaproteobacteria,1Y1JH@135623|Vibrionales	-	-	-	-	-	-	-
3225	GEA51100.1	1219072.VHA01S_042_00160	3.92e-22	86.7	2BBNH@1|root,3256H@2|Bacteria,1QKCP@1224|Proteobacteria,1TIG6@1236|Gammaproteobacteria,1XZ2Q@135623|Vibrionales	-	-	-	ko:K02651	ko04112,map04112	ko00000,ko00001,ko02035,ko02044	-
3225	GEA51101.1	1219072.VHA01S_042_00165	2.06e-56	179.0	COG4960@1|root,COG4960@2|Bacteria,1QKFB@1224|Proteobacteria,1TIJ8@1236|Gammaproteobacteria,1XZ89@135623|Vibrionales	COG4960 Flp pilus assembly protein, protease CpaA	-	-	ko:K02278	-	ko00000,ko01000,ko02035,ko02044	Peptidase_A24
3225	GEA51102.1	1219080.VEZ01S_47_00170	1.3e-287	790.0	COG0714@1|root,COG0714@2|Bacteria,1QUGB@1224|Proteobacteria,1T1Y2@1236|Gammaproteobacteria,1XSEK@135623|Vibrionales	ATPase with chaperone activity	-	-	-	-	-	-
3225	GEA51103.1	1219072.VHA01S_042_00190	1.39e-151	428.0	COG3745@1|root,COG3745@2|Bacteria,1MW75@1224|Proteobacteria,1S6EP@1236|Gammaproteobacteria,1XT4T@135623|Vibrionales	COG3745 Flp pilus assembly protein CpaB	VV2661	-	ko:K02279	-	ko00000,ko02035,ko02044	RcpC,SAF
3225	GEA51104.1	1219080.VEZ01S_47_00190	3e-310	850.0	COG4964@1|root,COG4964@2|Bacteria,1MV8G@1224|Proteobacteria,1RQ4U@1236|Gammaproteobacteria,1XU4G@135623|Vibrionales	Belongs to the GSP D family	-	-	ko:K02280	-	ko00000,ko02035,ko02044	BON,Secretin,T2SS-T3SS_pil_N
3225	GEA51105.1	1219072.VHA01S_042_00210	1.09e-33	117.0	2AWMU@1|root,31NIJ@2|Bacteria,1QK98@1224|Proteobacteria,1TICP@1236|Gammaproteobacteria,1XYVM@135623|Vibrionales	-	-	-	-	-	-	-
3225	GEA51106.1	1219072.VHA01S_042_00220	2.43e-19	87.8	COG4961@1|root,COG4961@2|Bacteria,1R58C@1224|Proteobacteria,1S1A4@1236|Gammaproteobacteria,1XWG5@135623|Vibrionales	Putative Flp pilus-assembly TadE/G-like	-	-	-	-	-	Tad
3225	GEA51107.1	1219072.VHA01S_042_00250	4.6e-219	612.0	COG4963@1|root,COG4963@2|Bacteria,1MWNY@1224|Proteobacteria,1S6CE@1236|Gammaproteobacteria,1XVBI@135623|Vibrionales	COG4963 Flp pilus assembly protein, ATPase CpaE	-	-	ko:K02282	-	ko00000,ko02035,ko02044	AAA_31
3225	GEA51108.1	1219080.VEZ01S_47_00250	4.37e-295	811.0	COG4962@1|root,COG4962@2|Bacteria,1R7EN@1224|Proteobacteria,1RP9G@1236|Gammaproteobacteria,1XSF1@135623|Vibrionales	COG4962 Flp pilus assembly protein, ATPase CpaF	-	-	ko:K02283	-	ko00000,ko02035,ko02044	T2SSE
3225	GEA51109.1	1219072.VHA01S_042_00270	5.96e-178	501.0	COG4965@1|root,COG4965@2|Bacteria,1MUXK@1224|Proteobacteria,1S1QN@1236|Gammaproteobacteria,1XVM8@135623|Vibrionales	COG4965 Flp pilus assembly protein TadB	-	-	ko:K12510	-	ko00000,ko02044	T2SSF
3225	GEA51110.1	1219072.VHA01S_042_00280	4.79e-169	478.0	COG2064@1|root,COG2064@2|Bacteria,1MWAZ@1224|Proteobacteria,1SZWZ@1236|Gammaproteobacteria,1XSF0@135623|Vibrionales	COG2064 Flp pilus assembly protein TadC	VV2651	-	ko:K12511	-	ko00000,ko02044	T2SSF
3225	GEA51111.1	1219080.VEZ01S_47_00280	1.04e-183	518.0	COG0457@1|root,COG0457@2|Bacteria,1NFC8@1224|Proteobacteria,1RWMG@1236|Gammaproteobacteria,1XVGU@135623|Vibrionales	COG0457 FOG TPR repeat	VP2409	-	-	-	-	TPR_1,TPR_16,TPR_17,TPR_2,TPR_8
3225	GEA51112.1	1205908.AKXW01000002_gene3177	6.74e-293	802.0	COG0534@1|root,COG0534@2|Bacteria,1MVRV@1224|Proteobacteria,1RNQ7@1236|Gammaproteobacteria,1XUCZ@135623|Vibrionales	Na driven multidrug efflux pump	-	-	-	-	-	MatE
3225	GEA51113.1	1205908.AKXW01000002_gene3175	1.16e-243	671.0	COG2017@1|root,COG2017@2|Bacteria,1MVMN@1224|Proteobacteria,1RNZN@1236|Gammaproteobacteria,1XTI3@135623|Vibrionales	Converts alpha-aldose to the beta-anomer	galM	-	ko:K01785	ko00010,ko00052,ko01100,ko01110,ko01120,ko01130,map00010,map00052,map01100,map01110,map01120,map01130	ko00000,ko00001,ko00002,ko01000	Aldose_epim
3225	GEA51114.1	1205908.AKXW01000002_gene3172	1.34e-278	763.0	COG1653@1|root,COG1653@2|Bacteria,1N98V@1224|Proteobacteria,1RMSG@1236|Gammaproteobacteria,1XWF1@135623|Vibrionales	ABC-type sugar transport system, periplasmic component	-	-	ko:K02027	-	ko00000,ko00002,ko02000	SBP_bac_1
3225	GEA51115.1	1205908.AKXW01000002_gene3170	7.51e-284	779.0	COG1301@1|root,COG1301@2|Bacteria,1MU0Q@1224|Proteobacteria,1RMEN@1236|Gammaproteobacteria,1XU7P@135623|Vibrionales	Belongs to the dicarboxylate amino acid cation symporter (DAACS) (TC 2.A.23) family	-	-	-	-	-	SDF
3225	GEA51116.1	1205908.AKXW01000002_gene3169	1.27e-229	634.0	COG2171@1|root,COG2171@2|Bacteria,1MYKK@1224|Proteobacteria,1RM8X@1236|Gammaproteobacteria,1XT0E@135623|Vibrionales	Catalyzes the conversion of the cyclic tetrahydrodipicolinate (THDP) into the acyclic N-succinyl-L-2- amino-6-oxopimelate using succinyl-CoA	dapD	GO:0003674,GO:0003824,GO:0006082,GO:0006520,GO:0006553,GO:0006807,GO:0008150,GO:0008152,GO:0008652,GO:0008666,GO:0009058,GO:0009066,GO:0009067,GO:0009085,GO:0009089,GO:0009987,GO:0016053,GO:0016410,GO:0016740,GO:0016746,GO:0016747,GO:0016748,GO:0016749,GO:0019752,GO:0043436,GO:0043648,GO:0044237,GO:0044238,GO:0044249,GO:0044281,GO:0044283,GO:0046394,GO:0046451,GO:0071704,GO:1901564,GO:1901566,GO:1901576,GO:1901605,GO:1901607	ko:K00674	ko00300,ko01100,ko01120,ko01230,map00300,map01100,map01120,map01230	ko00000,ko00001,ko00002,ko01000	Hexapep_2,THDPS_M,THDPS_N
3225	GEA51117.1	1205908.AKXW01000002_gene3168	1.43e-53	169.0	COG3141@1|root,COG3141@2|Bacteria,1N6RQ@1224|Proteobacteria,1SCDB@1236|Gammaproteobacteria,1XXX8@135623|Vibrionales	protein conserved in bacteria	-	-	ko:K09918	-	ko00000	YebG
3225	GEA51118.1	1205908.AKXW01000002_gene3167	1.66e-197	550.0	COG0583@1|root,COG0583@2|Bacteria,1MWVU@1224|Proteobacteria,1RPT8@1236|Gammaproteobacteria,1XTXE@135623|Vibrionales	Transcriptional regulator	-	-	-	-	-	HTH_1,LysR_substrate
3225	GEA51119.1	1205908.AKXW01000002_gene3166	1.03e-202	564.0	COG1275@1|root,COG1275@2|Bacteria,1QMVH@1224|Proteobacteria,1RS7F@1236|Gammaproteobacteria,1XTQ2@135623|Vibrionales	COG1275 Tellurite resistance protein and related permeases	-	-	-	-	-	SLAC1
3225	GEA51120.1	1205908.AKXW01000002_gene3165	0.0	2129.0	COG1330@1|root,COG1330@2|Bacteria,1MWTI@1224|Proteobacteria,1RNT0@1236|Gammaproteobacteria,1XTXU@135623|Vibrionales	A helicase nuclease that prepares dsDNA breaks (DSB) for recombinational DNA repair. Binds to DSBs and unwinds DNA via a highly rapid and processive ATP-dependent bidirectional helicase activity. Unwinds dsDNA until it encounters a Chi (crossover hotspot instigator) sequence from the 3' direction. Cuts ssDNA a few nucleotides 3' to the Chi site. The properties and activities of the enzyme are changed at Chi. The Chi-altered holoenzyme produces a long 3'-ssDNA overhang and facilitates RecA-binding to the ssDNA for homologous DNA recombination and repair. Holoenzyme degrades any linearized DNA that is unable to undergo homologous recombination. In the holoenzyme this subunit recognizes the wild- type Chi sequence, and when added to isolated RecB increases its ATP-dependent helicase processivity	recC	-	ko:K03583	ko03440,map03440	ko00000,ko00001,ko01000,ko03400	Exonuc_V_gamma
3225	GEA51121.1	1205908.AKXW01000002_gene3164	0.0	2202.0	COG1074@1|root,COG1074@2|Bacteria,1MUTF@1224|Proteobacteria,1RPC6@1236|Gammaproteobacteria,1XTTM@135623|Vibrionales	A helicase nuclease that prepares dsDNA breaks (DSB) for recombinational DNA repair. Binds to DSBs and unwinds DNA via a highly rapid and processive ATP-dependent bidirectional helicase activity. Unwinds dsDNA until it encounters a Chi (crossover hotspot instigator) sequence from the 3' direction. Cuts ssDNA a few nucleotides 3' to the Chi site. The properties and activities of the enzyme are changed at Chi. The Chi-altered holoenzyme produces a long 3'-ssDNA overhang and facilitates RecA-binding to the ssDNA for homologous DNA recombination and repair. Holoenzyme degrades any linearized DNA that is unable to undergo homologous recombination. In the holoenzyme this subunit contributes ATPase, 3'-5' helicase, exonuclease activity and loads RecA onto ssDNA	recB	-	ko:K03582	ko03440,map03440	ko00000,ko00001,ko01000,ko03400	PDDEXK_1,UvrD-helicase,UvrD_C
3225	GEA51122.1	1205908.AKXW01000002_gene3163	0.0	1293.0	COG0507@1|root,COG0507@2|Bacteria,1MW43@1224|Proteobacteria,1RPA0@1236|Gammaproteobacteria,1XTSQ@135623|Vibrionales	A helicase nuclease that prepares dsDNA breaks (DSB) for recombinational DNA repair. Binds to DSBs and unwinds DNA via a highly rapid and processive ATP-dependent bidirectional helicase activity. Unwinds dsDNA until it encounters a Chi (crossover hotspot instigator) sequence from the 3' direction. Cuts ssDNA a few nucleotides 3' to the Chi site. The properties and activities of the enzyme are changed at Chi. The Chi-altered holoenzyme produces a long 3'-ssDNA overhang and facilitates RecA-binding to the ssDNA for homologous DNA recombination and repair. Holoenzyme degrades any linearized DNA that is unable to undergo homologous recombination. In the holoenzyme this subunit has ssDNA-dependent ATPase and 5'-3' helicase activity. When added to pre-assembled RecBC greatly stimulates nuclease activity and augments holoenzyme processivity. Negatively regulates the RecA-loading ability of RecBCD	recD	-	ko:K03581	ko03440,map03440	ko00000,ko00001,ko01000,ko03400	AAA_30,UvrD_C_2
3225	GEA51123.1	1205908.AKXW01000002_gene3162	4.31e-313	853.0	COG0548@1|root,COG1246@1|root,COG0548@2|Bacteria,COG1246@2|Bacteria,1MUUP@1224|Proteobacteria,1RMV5@1236|Gammaproteobacteria,1XSV8@135623|Vibrionales	Amino-acid acetyltransferase	argA	GO:0003674,GO:0003824,GO:0004042,GO:0006082,GO:0006520,GO:0006525,GO:0006526,GO:0006807,GO:0008080,GO:0008150,GO:0008152,GO:0008652,GO:0009058,GO:0009064,GO:0009084,GO:0009987,GO:0016053,GO:0016407,GO:0016410,GO:0016740,GO:0016746,GO:0016747,GO:0019752,GO:0043436,GO:0044237,GO:0044238,GO:0044249,GO:0044281,GO:0044283,GO:0046394,GO:0071704,GO:1901564,GO:1901566,GO:1901576,GO:1901605,GO:1901607	ko:K14682	ko00220,ko01100,ko01110,ko01130,ko01210,ko01230,map00220,map01100,map01110,map01130,map01210,map01230	ko00000,ko00001,ko00002,ko01000	AA_kinase,Acetyltransf_1
3225	GEA51124.1	1205908.AKXW01000002_gene3161	8.93e-247	678.0	COG2821@1|root,COG2821@2|Bacteria,1MXD4@1224|Proteobacteria,1RP7K@1236|Gammaproteobacteria,1XTDJ@135623|Vibrionales	membrane-bound lytic murein transglycosylase	mltA	GO:0000270,GO:0003674,GO:0003824,GO:0006022,GO:0006026,GO:0006027,GO:0006807,GO:0008150,GO:0008152,GO:0009056,GO:0009057,GO:0009253,GO:0030203,GO:0043170,GO:0071704,GO:1901135,GO:1901136,GO:1901564,GO:1901565,GO:1901575	ko:K08304	-	ko00000,ko01000,ko01011	3D,MltA
3225	GEA51125.1	1205908.AKXW01000002_gene3160	2.13e-189	526.0	COG1179@1|root,COG1179@2|Bacteria,1MWXR@1224|Proteobacteria,1RMT3@1236|Gammaproteobacteria,1XSUQ@135623|Vibrionales	COG1179 Dinucleotide-utilizing enzymes involved in molybdopterin and thiamine biosynthesis family 1	ygdL	-	ko:K22132	-	ko00000,ko03016	ThiF
3225	GEA51126.1	1205908.AKXW01000002_gene3159	1.68e-88	261.0	COG2166@1|root,COG2166@2|Bacteria,1RI8F@1224|Proteobacteria,1S65C@1236|Gammaproteobacteria,1XX28@135623|Vibrionales	COG2166 SufE protein probably involved in Fe-S center assembly	csdE	-	ko:K02426	-	ko00000	SufE
3225	GEA51127.1	1205908.AKXW01000002_gene3158	1.55e-274	753.0	COG0520@1|root,COG0520@2|Bacteria,1MUPD@1224|Proteobacteria,1RNIY@1236|Gammaproteobacteria,1XTR5@135623|Vibrionales	Catalyzes the removal of elemental sulfur and selenium atoms from L-cysteine, L-cystine, L-selenocysteine, and L- selenocystine to produce L-alanine	csdA	GO:0003674,GO:0003824,GO:0008483,GO:0016740,GO:0016769	ko:K01766,ko:K11717	ko00450,ko01100,map00450,map01100	ko00000,ko00001,ko01000	Aminotran_5
3225	GEA51128.1	1205908.AKXW01000002_gene3157	2.15e-132	376.0	COG0693@1|root,COG0693@2|Bacteria,1N7T2@1224|Proteobacteria,1RSBI@1236|Gammaproteobacteria,1XV1A@135623|Vibrionales	monophosphate biosynthesis enzyme	yajL	-	ko:K03152	-	ko00000,ko01000,ko01002	DJ-1_PfpI
3225	GEA51129.1	1205908.AKXW01000002_gene3156	1.05e-174	491.0	COG1893@1|root,COG1893@2|Bacteria,1P0AW@1224|Proteobacteria,1RR49@1236|Gammaproteobacteria,1XTJR@135623|Vibrionales	Catalyzes the NADPH-dependent reduction of ketopantoate into pantoic acid	panE	GO:0003674,GO:0003824,GO:0005575,GO:0005622,GO:0005623,GO:0005737,GO:0006082,GO:0006520,GO:0006573,GO:0006575,GO:0006732,GO:0006766,GO:0006767,GO:0006807,GO:0008150,GO:0008152,GO:0008677,GO:0009058,GO:0009081,GO:0009108,GO:0009110,GO:0009987,GO:0015939,GO:0015940,GO:0016053,GO:0016491,GO:0016614,GO:0016616,GO:0019752,GO:0032787,GO:0033317,GO:0034641,GO:0042364,GO:0042398,GO:0043436,GO:0043603,GO:0043604,GO:0044237,GO:0044238,GO:0044249,GO:0044271,GO:0044281,GO:0044283,GO:0044424,GO:0044464,GO:0046394,GO:0051186,GO:0051188,GO:0055114,GO:0071704,GO:0072330,GO:1901564,GO:1901566,GO:1901576,GO:1901605	ko:K00077	ko00770,ko01100,ko01110,map00770,map01100,map01110	ko00000,ko00001,ko00002,ko01000	ApbA,ApbA_C
3225	GEA51130.1	1219072.VHA01S_057_00150	3.62e-180	503.0	COG3248@1|root,COG3248@2|Bacteria,1MZ2A@1224|Proteobacteria,1RMH2@1236|Gammaproteobacteria,1XUJS@135623|Vibrionales	Nucleoside-specific channel-forming protein, Tsx	ompK	-	ko:K05517	-	ko00000,ko02000	Channel_Tsx
3225	GEA51131.1	1205908.AKXW01000002_gene3154	5.87e-118	338.0	COG2802@1|root,COG2802@2|Bacteria,1MYN2@1224|Proteobacteria,1S7UF@1236|Gammaproteobacteria,1XWU4@135623|Vibrionales	to the N-terminal domain of Lon protease	-	-	ko:K07157	-	ko00000	LON_substr_bdg
3225	GEA51132.1	1205908.AKXW01000002_gene3153	1.13e-293	806.0	COG1653@1|root,COG1653@2|Bacteria,1R5TB@1224|Proteobacteria,1RSBF@1236|Gammaproteobacteria,1XU4X@135623|Vibrionales	Domain of unknown function (DUF4397)	-	-	-	-	-	DUF4397
3225	GEA51133.1	1205908.AKXW01000002_gene3152	1.79e-137	389.0	COG1595@1|root,COG1595@2|Bacteria,1RHRR@1224|Proteobacteria,1S2UD@1236|Gammaproteobacteria,1XTWN@135623|Vibrionales	Belongs to the sigma-70 factor family. ECF subfamily	-	-	ko:K03088	-	ko00000,ko03021	Sigma70_r2,Sigma70_r4,Sigma70_r4_2
3225	GEA51134.1	1205908.AKXW01000002_gene3151	1.14e-151	427.0	COG3806@1|root,COG3806@2|Bacteria,1MYHP@1224|Proteobacteria,1S8F3@1236|Gammaproteobacteria,1XVBP@135623|Vibrionales	COG3806 Anti-sigma factor	-	-	ko:K07167	-	ko00000	Cupin_7,zf-HC2
3225	GEA51135.1	1205908.AKXW01000002_gene3149	0.0	872.0	COG2211@1|root,COG2211@2|Bacteria,1QTSE@1224|Proteobacteria,1T1FN@1236|Gammaproteobacteria,1XSVM@135623|Vibrionales	COG0477 Permeases of the major facilitator superfamily	ampG	-	ko:K08218	ko01501,map01501	ko00000,ko00001,ko00002,ko02000	MFS_1
3225	GEA51136.1	1205908.AKXW01000002_gene3148	1.6e-115	332.0	COG0652@1|root,COG0652@2|Bacteria,1R9ZQ@1224|Proteobacteria,1RP9U@1236|Gammaproteobacteria,1XTSG@135623|Vibrionales	PPIases accelerate the folding of proteins. It catalyzes the cis-trans isomerization of proline imidic peptide bonds in oligopeptides	rotA	-	ko:K03767	ko01503,ko04217,map01503,map04217	ko00000,ko00001,ko01000,ko03110,ko04147	Pro_isomerase
3225	GEA51137.1	1205908.AKXW01000002_gene3147	5.73e-123	352.0	COG3056@1|root,COG3056@2|Bacteria,1MZ1N@1224|Proteobacteria,1RPG1@1236|Gammaproteobacteria,1XTP6@135623|Vibrionales	lipoprotein	VV2594	-	ko:K07286	-	ko00000	Lipoprotein_16
3225	GEA51138.1	1205908.AKXW01000002_gene3146	2.21e-257	707.0	COG2813@1|root,COG2813@2|Bacteria,1NEMR@1224|Proteobacteria,1RMXE@1236|Gammaproteobacteria,1XU8G@135623|Vibrionales	Specifically methylates the guanine in position 1835 (m2G1835) of 23S rRNA	rlmG	GO:0000154,GO:0001510,GO:0003674,GO:0003824,GO:0005575,GO:0005622,GO:0005623,GO:0005737,GO:0005829,GO:0006139,GO:0006364,GO:0006396,GO:0006725,GO:0006807,GO:0008150,GO:0008152,GO:0008168,GO:0008170,GO:0008173,GO:0008649,GO:0008757,GO:0008990,GO:0009451,GO:0009987,GO:0010467,GO:0016070,GO:0016072,GO:0016435,GO:0016740,GO:0016741,GO:0022613,GO:0031167,GO:0032259,GO:0034470,GO:0034641,GO:0034660,GO:0042254,GO:0043170,GO:0043412,GO:0043414,GO:0044085,GO:0044237,GO:0044238,GO:0044260,GO:0044424,GO:0044444,GO:0044464,GO:0046483,GO:0052916,GO:0070475,GO:0071704,GO:0071840,GO:0090304,GO:0140098,GO:0140102,GO:1901360	ko:K11391	-	ko00000,ko01000,ko03009	MTS,MTS_N
3225	GEA51139.1	1205908.AKXW01000002_gene3145	1.29e-64	197.0	COG0271@1|root,COG0271@2|Bacteria,1MZG5@1224|Proteobacteria,1S91G@1236|Gammaproteobacteria,1XYE9@135623|Vibrionales	Belongs to the BolA IbaG family	bolA	GO:0008150,GO:0008360,GO:0022603,GO:0022604,GO:0050789,GO:0050793,GO:0050794,GO:0051128,GO:0065007,GO:0065008	ko:K05527	-	ko00000,ko03000	BolA
3225	GEA51140.1	1205908.AKXW01000002_gene3144	0.0	872.0	COG1726@1|root,COG1726@2|Bacteria,1MU36@1224|Proteobacteria,1RPU1@1236|Gammaproteobacteria,1XTB1@135623|Vibrionales	NQR complex catalyzes the reduction of ubiquinone-1 to ubiquinol by two successive reactions, coupled with the transport of Na( ) ions from the cytoplasm to the periplasm. NqrA to NqrE are probably involved in the second step, the conversion of ubisemiquinone to ubiquinol	nqrA	GO:0003674,GO:0003824,GO:0003954,GO:0005575,GO:0006810,GO:0006811,GO:0006812,GO:0006814,GO:0008137,GO:0008150,GO:0008152,GO:0015672,GO:0016020,GO:0016491,GO:0016651,GO:0016655,GO:0030001,GO:0030964,GO:0032991,GO:0044425,GO:0050136,GO:0051179,GO:0051234,GO:0055114,GO:0098796,GO:1902494	ko:K00346	-	ko00000,ko01000	NQRA,NQRA_SLBB
3225	GEA51141.1	1205908.AKXW01000002_gene3143	3.47e-308	838.0	COG1805@1|root,COG1805@2|Bacteria,1QTUU@1224|Proteobacteria,1RMGH@1236|Gammaproteobacteria,1XUP5@135623|Vibrionales	NQR complex catalyzes the reduction of ubiquinone-1 to ubiquinol by two successive reactions, coupled with the transport of Na( ) ions from the cytoplasm to the periplasm. NqrA to NqrE are probably involved in the second step, the conversion of ubisemiquinone to ubiquinol	nqrB	GO:0000166,GO:0003674,GO:0003824,GO:0003954,GO:0005488,GO:0005575,GO:0005623,GO:0005886,GO:0006810,GO:0006811,GO:0006812,GO:0006814,GO:0008137,GO:0008144,GO:0008150,GO:0008152,GO:0010181,GO:0015672,GO:0016020,GO:0016491,GO:0016651,GO:0016655,GO:0019842,GO:0030001,GO:0030964,GO:0032553,GO:0032991,GO:0036094,GO:0043167,GO:0043168,GO:0044425,GO:0044464,GO:0048037,GO:0050136,GO:0050662,GO:0051179,GO:0051234,GO:0055114,GO:0071944,GO:0097159,GO:0097367,GO:0098796,GO:1901265,GO:1901363,GO:1902444,GO:1902494	ko:K00347	-	ko00000,ko01000	NQR2_RnfD_RnfE
3225	GEA51142.1	1205908.AKXW01000002_gene3142	3.67e-178	496.0	COG2869@1|root,COG2869@2|Bacteria,1MVDI@1224|Proteobacteria,1RR85@1236|Gammaproteobacteria,1XUPV@135623|Vibrionales	NQR complex catalyzes the reduction of ubiquinone-1 to ubiquinol by two successive reactions, coupled with the transport of Na( ) ions from the cytoplasm to the periplasm. NqrA to NqrE are probably involved in the second step, the conversion of ubisemiquinone to ubiquinol	nqrC	GO:0000166,GO:0003674,GO:0003824,GO:0005488,GO:0006810,GO:0006811,GO:0006812,GO:0006814,GO:0008150,GO:0008152,GO:0010181,GO:0015672,GO:0016491,GO:0016651,GO:0016655,GO:0030001,GO:0032553,GO:0036094,GO:0043167,GO:0043168,GO:0048037,GO:0050662,GO:0051179,GO:0051234,GO:0055114,GO:0097159,GO:0097367,GO:1901265,GO:1901363	ko:K00348	-	ko00000,ko01000	FMN_bind
3225	GEA51143.1	1205908.AKXW01000002_gene3141	1.27e-133	380.0	COG1347@1|root,COG1347@2|Bacteria,1MUZR@1224|Proteobacteria,1RNFE@1236|Gammaproteobacteria,1XSX6@135623|Vibrionales	NQR complex catalyzes the reduction of ubiquinone-1 to ubiquinol by two successive reactions, coupled with the transport of Na( ) ions from the cytoplasm to the periplasm. NqrA to NqrE are probably involved in the second step, the conversion of ubisemiquinone to ubiquinol	nqrD	GO:0003674,GO:0003824,GO:0003954,GO:0005575,GO:0005623,GO:0005886,GO:0006810,GO:0006811,GO:0006812,GO:0006814,GO:0008137,GO:0008150,GO:0008152,GO:0015672,GO:0016020,GO:0016491,GO:0016651,GO:0016655,GO:0030001,GO:0030964,GO:0032991,GO:0044425,GO:0044464,GO:0050136,GO:0051179,GO:0051234,GO:0055114,GO:0071944,GO:0098796,GO:1902494	ko:K00349	-	ko00000,ko01000	Rnf-Nqr
3225	GEA51144.1	1219072.VHA01S_057_00290	6.4e-128	365.0	COG2209@1|root,COG2209@2|Bacteria,1R33S@1224|Proteobacteria,1RMWV@1236|Gammaproteobacteria,1XSTK@135623|Vibrionales	NQR complex catalyzes the reduction of ubiquinone-1 to ubiquinol by two successive reactions, coupled with the transport of Na( ) ions from the cytoplasm to the periplasm. NqrA to NqrE are probably involved in the second step, the conversion of ubisemiquinone to ubiquinol	nqrE	GO:0003674,GO:0003824,GO:0003954,GO:0005575,GO:0006810,GO:0006811,GO:0006812,GO:0006814,GO:0008137,GO:0008150,GO:0008152,GO:0015672,GO:0016020,GO:0016491,GO:0016651,GO:0016655,GO:0030001,GO:0030964,GO:0032991,GO:0044425,GO:0050136,GO:0051179,GO:0051234,GO:0055114,GO:0098796,GO:1902494	ko:K00350	-	ko00000,ko01000	Rnf-Nqr
3225	GEA51145.1	1205908.AKXW01000002_gene3139	2.52e-303	826.0	COG2871@1|root,COG2871@2|Bacteria,1QTUV@1224|Proteobacteria,1RPG5@1236|Gammaproteobacteria,1XTCQ@135623|Vibrionales	NQR complex catalyzes the reduction of ubiquinone-1 to ubiquinol by two successive reactions, coupled with the transport of Na( ) ions from the cytoplasm to the periplasm. The first step is catalyzed by NqrF, which accepts electrons from NADH and reduces ubiquinone-1 to ubisemiquinone by a one-electron transfer pathway	nqrF	GO:0000166,GO:0003674,GO:0003824,GO:0003954,GO:0005488,GO:0005575,GO:0006810,GO:0006811,GO:0006812,GO:0006814,GO:0008137,GO:0008150,GO:0008152,GO:0015672,GO:0016020,GO:0016491,GO:0016651,GO:0016655,GO:0030001,GO:0030964,GO:0032991,GO:0036094,GO:0043167,GO:0043168,GO:0044425,GO:0048037,GO:0050136,GO:0050660,GO:0050662,GO:0051179,GO:0051234,GO:0051536,GO:0051537,GO:0051540,GO:0055114,GO:0071949,GO:0097159,GO:0098796,GO:1901265,GO:1901363,GO:1902494	ko:K00351	-	ko00000,ko01000	FAD_binding_6,Fer2,NAD_binding_1
3225	GEA51146.1	1205908.AKXW01000002_gene3138	9.23e-229	632.0	COG1477@1|root,COG1477@2|Bacteria,1MW6K@1224|Proteobacteria,1RNMZ@1236|Gammaproteobacteria,1XSQ4@135623|Vibrionales	Flavin transferase that catalyzes the transfer of the FMN moiety of FAD and its covalent binding to the hydroxyl group of a threonine residue in a target flavoprotein	apbE	-	ko:K03734	-	ko00000,ko01000	ApbE
3225	GEA51147.1	1205908.AKXW01000002_gene3137	2.06e-46	149.0	COG2991@1|root,COG2991@2|Bacteria,1N8TF@1224|Proteobacteria,1SCB5@1236|Gammaproteobacteria,1XYBR@135623|Vibrionales	protein conserved in bacteria	-	-	ko:K05952	-	ko00000	NqrM
3225	GEA51148.1	1205908.AKXW01000002_gene3136	2.82e-280	768.0	COG2233@1|root,COG2233@2|Bacteria,1MUN9@1224|Proteobacteria,1RRK5@1236|Gammaproteobacteria,1XT83@135623|Vibrionales	COG2233 Xanthine uracil permeases	uraA	-	ko:K02824	-	ko00000,ko02000	Xan_ur_permease
3225	GEA51149.1	156578.ATW7_11170	5.62e-150	437.0	COG0582@1|root,COG0582@2|Bacteria,1R8H6@1224|Proteobacteria,1RP9J@1236|Gammaproteobacteria	Belongs to the 'phage' integrase family	-	-	-	-	-	Phage_integrase
3225	GEA51150.1	156578.ATW7_11165	4.07e-195	579.0	28HR0@1|root,2Z7YH@2|Bacteria,1R43G@1224|Proteobacteria,1S0RB@1236|Gammaproteobacteria	-	-	-	-	-	-	-
3225	GEA51151.1	156578.ATW7_11160	6.23e-254	742.0	28MJB@1|root,2ZAVW@2|Bacteria,1QDRW@1224|Proteobacteria,1S051@1236|Gammaproteobacteria	-	-	-	-	-	-	-
3225	GEA51152.1	156578.ATW7_11155	3.78e-42	146.0	2ECF5@1|root,336DD@2|Bacteria,1NA0Y@1224|Proteobacteria,1SG84@1236|Gammaproteobacteria	-	-	-	-	-	-	-
3225	GEA51153.1	1219080.VEZ01S_05_00090	9.21e-122	349.0	COG0732@1|root,COG0732@2|Bacteria,1NFDW@1224|Proteobacteria,1SQYR@1236|Gammaproteobacteria	Type I restriction modification DNA specificity domain	-	-	-	-	-	Methylase_S
3225	GEA51154.1	1219080.VEZ01S_05_00100	3.93e-274	753.0	COG0286@1|root,COG0286@2|Bacteria,1MW3A@1224|Proteobacteria,1RMRA@1236|Gammaproteobacteria,1XVW9@135623|Vibrionales	COG0286 Type I restriction-modification system methyltransferase subunit	-	-	ko:K03427	-	ko00000,ko01000,ko02048	HsdM_N,N6_Mtase
3225	GEA51155.1	1219080.VEZ01S_05_00110	0.0	996.0	COG0286@1|root,COG0286@2|Bacteria,1MW3A@1224|Proteobacteria,1RMRA@1236|Gammaproteobacteria,1XVW9@135623|Vibrionales	COG0286 Type I restriction-modification system methyltransferase subunit	-	-	ko:K03427	-	ko00000,ko01000,ko02048	HsdM_N,N6_Mtase
3225	GEA51156.1	28229.ND2E_3817	5.82e-141	414.0	COG0732@1|root,COG0732@2|Bacteria,1R7RQ@1224|Proteobacteria,1RYAT@1236|Gammaproteobacteria	restriction modification system DNA specificity	-	-	ko:K01154	-	ko00000,ko01000,ko02048	Methylase_S
3225	GEA51157.1	28229.ND2E_3795	7.87e-210	624.0	COG0497@1|root,COG0497@2|Bacteria,1QUWK@1224|Proteobacteria,1RRCE@1236|Gammaproteobacteria	AAA domain	-	-	-	-	-	AAA_13,AAA_21,AAA_23
3225	GEA51158.1	1219080.VEZ01S_05_00140	0.0	1985.0	COG0610@1|root,COG0610@2|Bacteria,1MU96@1224|Proteobacteria,1RP2Q@1236|Gammaproteobacteria,1XTCP@135623|Vibrionales	Subunit R is required for both nuclease and ATPase activities, but not for modification	-	-	ko:K01153	-	ko00000,ko01000,ko02048	DUF3387,HSDR_N,ResIII
3225	GEA51159.1	575788.VS_1357	1.56e-52	166.0	COG1396@1|root,COG1396@2|Bacteria,1N8ZM@1224|Proteobacteria,1SD5C@1236|Gammaproteobacteria,1XYHC@135623|Vibrionales	Helix-turn-helix	-	-	-	-	-	HTH_19,HTH_3
3225	GEA51160.1	575788.VS_1358	1.06e-76	233.0	2DMZ2@1|root,32UH6@2|Bacteria,1N4V6@1224|Proteobacteria,1SBYX@1236|Gammaproteobacteria,1XY33@135623|Vibrionales	-	-	GO:0003674,GO:0003700,GO:0006355,GO:0008150,GO:0009889,GO:0009890,GO:0009892,GO:0010468,GO:0010556,GO:0010558,GO:0010605,GO:0010629,GO:0019219,GO:0019222,GO:0031323,GO:0031324,GO:0031326,GO:0031327,GO:0045892,GO:0045934,GO:0048519,GO:0048523,GO:0050789,GO:0050794,GO:0051171,GO:0051172,GO:0051252,GO:0051253,GO:0060255,GO:0065007,GO:0080090,GO:0140110,GO:1902679,GO:1903506,GO:1903507,GO:2000112,GO:2000113,GO:2001141	-	-	-	-
3225	GEA51162.1	575788.VS_1359	3.54e-193	546.0	COG1061@1|root,COG1061@2|Bacteria,1N52C@1224|Proteobacteria,1RSQN@1236|Gammaproteobacteria,1XSKU@135623|Vibrionales	Type III restriction enzyme, res subunit	VPA1393	-	-	-	-	Helicase_C,ResIII
3225	GEA51163.1	1187848.AJYQ01000093_gene3495	2.5e-34	119.0	COG5499@1|root,COG5499@2|Bacteria,1QK3W@1224|Proteobacteria,1TI6R@1236|Gammaproteobacteria,1XYHT@135623|Vibrionales	transcription regulator containing HTH domain	-	-	ko:K18831	-	ko00000,ko02048,ko03000	-
3225	GEA51165.1	1249975.JQLP01000005_gene1510	2.41e-40	145.0	28N7Y@1|root,2ZBCJ@2|Bacteria,4NHUN@976|Bacteroidetes,1I09E@117743|Flavobacteriia,2P7EI@244698|Gillisia	-	-	-	-	-	-	-
3225	GEA51166.1	1219080.VEZ01S_53_00470	2.7e-101	312.0	COG4461@1|root,COG4461@2|Bacteria,1NGDW@1224|Proteobacteria,1TBDY@1236|Gammaproteobacteria,1XZN4@135623|Vibrionales	Protein conserved in bacteria	-	-	-	-	-	LprI
3225	GEA51167.1	1348583.ATLH01000005_gene864	2.76e-20	93.6	COG0393@1|root,COG0393@2|Bacteria,4NRAC@976|Bacteroidetes,1IGJ1@117743|Flavobacteriia,1F9XM@104264|Cellulophaga	Zinc finger domain	-	-	-	-	-	YbjQ_1
3225	GEA51168.1	796620.VIBC2010_14254	3.51e-180	509.0	COG0389@1|root,COG0389@2|Bacteria,1MUUH@1224|Proteobacteria,1RMFM@1236|Gammaproteobacteria,1XTDB@135623|Vibrionales	Poorly processive, error-prone DNA polymerase involved in untargeted mutagenesis. Copies undamaged DNA at stalled replication forks, which arise in vivo from mismatched or misaligned primer ends. These misaligned primers can be extended by PolIV. Exhibits no 3'-5' exonuclease (proofreading) activity. May be involved in translesional synthesis, in conjunction with the beta clamp from PolIII	dinB	-	ko:K02346	-	ko00000,ko01000,ko03400	IMS,IMS_C,IMS_HHH
3225	GEA51169.1	1205908.AKXW01000002_gene3135	1.62e-236	652.0	COG0389@1|root,COG0389@2|Bacteria,1MUUH@1224|Proteobacteria,1RMFM@1236|Gammaproteobacteria,1XTDB@135623|Vibrionales	Poorly processive, error-prone DNA polymerase involved in untargeted mutagenesis. Copies undamaged DNA at stalled replication forks, which arise in vivo from mismatched or misaligned primer ends. These misaligned primers can be extended by PolIV. Exhibits no 3'-5' exonuclease (proofreading) activity. May be involved in translesional synthesis, in conjunction with the beta clamp from PolIII	dinB	-	ko:K02346	-	ko00000,ko01000,ko03400	IMS,IMS_C,IMS_HHH
3225	GEA51170.1	1205908.AKXW01000002_gene3134	4.18e-164	461.0	28HMH@1|root,2Z7W2@2|Bacteria,1R7XG@1224|Proteobacteria,1S0FH@1236|Gammaproteobacteria,1XTTQ@135623|Vibrionales	Protein of unknown function (DUF2884)	VP2339	-	-	-	-	DUF2884
3225	GEA51171.1	1205908.AKXW01000002_gene3133	1.09e-42	139.0	COG1278@1|root,COG1278@2|Bacteria,1N6Q5@1224|Proteobacteria,1SCA7@1236|Gammaproteobacteria,1XYBB@135623|Vibrionales	COG1278 Cold shock proteins	cspG	-	ko:K03704	-	ko00000,ko03000	CSD
3225	GEA51172.1	1205908.AKXW01000002_gene3132	1.26e-26	98.2	2EG1V@1|root,339TV@2|Bacteria,1NI0B@1224|Proteobacteria,1SGIA@1236|Gammaproteobacteria,1XZ4Y@135623|Vibrionales	Domain of unknown function (DUF4250)	BT4646	-	-	-	-	DUF4250
3225	GEA51173.1	1219080.VEZ01S_49_00200	3.19e-41	135.0	2E480@1|root,32Z3X@2|Bacteria,1N70N@1224|Proteobacteria,1SD0N@1236|Gammaproteobacteria,1XYHK@135623|Vibrionales	Uncharacterised protein family (UPF0253)	yaeP	-	-	-	-	UPF0253
3225	GEA51174.1	1205908.AKXW01000002_gene3130	0.0	1075.0	COG0442@1|root,COG0442@2|Bacteria,1MU7E@1224|Proteobacteria,1RN5R@1236|Gammaproteobacteria,1XTZ6@135623|Vibrionales	Catalyzes the attachment of proline to tRNA(Pro) in a two-step reaction proline is first activated by ATP to form Pro- AMP and then transferred to the acceptor end of tRNA(Pro). As ProRS can inadvertently accommodate and process non-cognate amino acids such as alanine and cysteine, to avoid such errors it has two additional distinct editing activities against alanine. One activity is designated as 'pretransfer' editing and involves the tRNA(Pro)-independent hydrolysis of activated Ala-AMP. The other activity is designated 'posttransfer' editing and involves deacylation of mischarged Ala-tRNA(Pro). The misacylated Cys- tRNA(Pro) is not edited by ProRS	proS	GO:0003674,GO:0003824,GO:0004812,GO:0004827,GO:0006082,GO:0006139,GO:0006399,GO:0006412,GO:0006418,GO:0006433,GO:0006518,GO:0006520,GO:0006725,GO:0006807,GO:0008150,GO:0008152,GO:0009058,GO:0009059,GO:0009987,GO:0010467,GO:0016070,GO:0016874,GO:0016875,GO:0019538,GO:0019752,GO:0034641,GO:0034645,GO:0034660,GO:0043038,GO:0043039,GO:0043043,GO:0043170,GO:0043436,GO:0043603,GO:0043604,GO:0044237,GO:0044238,GO:0044249,GO:0044260,GO:0044267,GO:0044271,GO:0044281,GO:0046483,GO:0071704,GO:0090304,GO:0140098,GO:0140101,GO:1901360,GO:1901564,GO:1901566,GO:1901576	ko:K01881	ko00970,map00970	ko00000,ko00001,ko00002,ko01000,ko01007,ko03016	HGTP_anticodon,tRNA-synt_2b,tRNA_edit
3225	GEA51175.1	1205908.AKXW01000002_gene3129	1.8e-153	432.0	COG1720@1|root,COG1720@2|Bacteria,1MUF0@1224|Proteobacteria,1RPCX@1236|Gammaproteobacteria,1XU35@135623|Vibrionales	Uncharacterised protein family UPF0066	yaeB	-	-	-	-	UPF0066
3225	GEA51176.1	1205908.AKXW01000002_gene3128	0.0	1002.0	COG2978@1|root,COG2978@2|Bacteria,1MUJ1@1224|Proteobacteria,1RMAI@1236|Gammaproteobacteria,1XSAR@135623|Vibrionales	p-aminobenzoyl-glutamate transporter	-	-	ko:K12942	-	ko00000	ABG_transport
3225	GEA51177.1	1205908.AKXW01000002_gene3127	8.86e-177	494.0	COG1464@1|root,COG1464@2|Bacteria,1MUVY@1224|Proteobacteria,1RS3R@1236|Gammaproteobacteria,1XU8C@135623|Vibrionales	Belongs to the nlpA lipoprotein family	metQ	-	ko:K02073	ko02010,map02010	ko00000,ko00001,ko00002,ko02000	Lipoprotein_9
3225	GEA51178.1	1219072.VHA01S_067_00070	3.02e-133	380.0	COG2011@1|root,COG2011@2|Bacteria,1MW8E@1224|Proteobacteria,1RQ6I@1236|Gammaproteobacteria,1XTTW@135623|Vibrionales	COG2011 ABC-type metal ion transport system, permease component	metI	GO:0000101,GO:0003674,GO:0003824,GO:0005215,GO:0005575,GO:0005623,GO:0005886,GO:0006810,GO:0006811,GO:0006812,GO:0006820,GO:0006865,GO:0008150,GO:0015399,GO:0015405,GO:0015711,GO:0015821,GO:0015849,GO:0016020,GO:0016462,GO:0016787,GO:0016817,GO:0016818,GO:0016887,GO:0017111,GO:0022804,GO:0022857,GO:0042623,GO:0042626,GO:0042940,GO:0043492,GO:0044464,GO:0046942,GO:0048473,GO:0051179,GO:0051234,GO:0055085,GO:0071702,GO:0071705,GO:0071944,GO:0072348	ko:K02072	ko02010,map02010	ko00000,ko00001,ko00002,ko02000	BPD_transp_1
3225	GEA51179.1	1205908.AKXW01000078_gene3451	4.49e-235	648.0	COG1135@1|root,COG1135@2|Bacteria,1QTTK@1224|Proteobacteria,1RMQD@1236|Gammaproteobacteria,1XT41@135623|Vibrionales	Part of the ABC transporter complex MetNIQ involved in methionine import. Responsible for energy coupling to the transport system	metN	GO:0003674,GO:0003824,GO:0005215,GO:0006810,GO:0008150,GO:0015399,GO:0015405,GO:0016462,GO:0016787,GO:0016817,GO:0016818,GO:0016887,GO:0017111,GO:0022804,GO:0022857,GO:0042623,GO:0042626,GO:0043492,GO:0051179,GO:0051234,GO:0055085	ko:K02071	ko02010,map02010	ko00000,ko00001,ko00002,ko02000	ABC_tran,NIL
3225	GEA51180.1	1205908.AKXW01000078_gene3452	3.95e-127	362.0	COG0241@1|root,COG0241@2|Bacteria,1RDGR@1224|Proteobacteria,1S3UD@1236|Gammaproteobacteria,1XUHV@135623|Vibrionales	D,D-heptose 1,7-bisphosphate phosphatase	gmhB	GO:0000287,GO:0003674,GO:0003824,GO:0005488,GO:0006793,GO:0006796,GO:0008150,GO:0008152,GO:0008270,GO:0009987,GO:0016311,GO:0016787,GO:0016788,GO:0016791,GO:0034200,GO:0042578,GO:0043167,GO:0043169,GO:0044237,GO:0046872,GO:0046914	ko:K03273	ko00540,ko01100,map00540,map01100	ko00000,ko00001,ko00002,ko01000,ko01005	Hydrolase_like
3225	GEA51181.1	1205908.AKXW01000078_gene3453	1.85e-110	318.0	COG1284@1|root,COG1284@2|Bacteria,1RDIV@1224|Proteobacteria,1RSIN@1236|Gammaproteobacteria,1XSE6@135623|Vibrionales	Uncharacterised 5xTM membrane BCR, YitT family COG1284	-	-	-	-	-	YitT_membrane
3225	GEA51182.1	1205908.AKXW01000078_gene3454	6.99e-305	830.0	COG0112@1|root,COG0112@2|Bacteria,1MUIS@1224|Proteobacteria,1RMHQ@1236|Gammaproteobacteria,1XTKA@135623|Vibrionales	Catalyzes the reversible interconversion of serine and glycine with tetrahydrofolate (THF) serving as the one-carbon carrier. This reaction serves as the major source of one-carbon groups required for the biosynthesis of purines, thymidylate, methionine, and other important biomolecules. Also exhibits THF- independent aldolase activity toward beta-hydroxyamino acids, producing glycine and aldehydes, via a retro-aldol mechanism	glyA	GO:0001505,GO:0003674,GO:0003824,GO:0004372,GO:0006082,GO:0006520,GO:0006544,GO:0006545,GO:0006730,GO:0006807,GO:0008150,GO:0008152,GO:0008652,GO:0009058,GO:0009069,GO:0009070,GO:0009987,GO:0016053,GO:0016740,GO:0016741,GO:0016742,GO:0017144,GO:0019752,GO:0042133,GO:0042136,GO:0043436,GO:0044237,GO:0044238,GO:0044249,GO:0044281,GO:0044283,GO:0046394,GO:0065007,GO:0065008,GO:0071704,GO:1901564,GO:1901566,GO:1901576,GO:1901605,GO:1901607	ko:K00600	ko00260,ko00460,ko00630,ko00670,ko00680,ko01100,ko01110,ko01120,ko01130,ko01200,ko01230,ko01523,map00260,map00460,map00630,map00670,map00680,map01100,map01110,map01120,map01130,map01200,map01230,map01523	ko00000,ko00001,ko00002,ko01000	SHMT
3225	GEA51183.1	1205908.AKXW01000078_gene3455	2.21e-115	330.0	COG1451@1|root,COG1451@2|Bacteria,1RDJ9@1224|Proteobacteria,1S45M@1236|Gammaproteobacteria,1XTK3@135623|Vibrionales	Metal-dependent hydrolase	ygjP	-	ko:K07043	-	ko00000	DUF45
3225	GEA51184.1	1205908.AKXW01000078_gene3456	1.5e-74	223.0	2AW92@1|root,31N4D@2|Bacteria,1QJVU@1224|Proteobacteria,1THXF@1236|Gammaproteobacteria,1XXTJ@135623|Vibrionales	-	-	-	-	-	-	-
3225	GEA51185.1	1205908.AKXW01000074_gene3440	2.24e-237	652.0	COG0320@1|root,COG0320@2|Bacteria,1MVRD@1224|Proteobacteria,1RMAT@1236|Gammaproteobacteria,1XUN7@135623|Vibrionales	Catalyzes the radical-mediated insertion of two sulfur atoms into the C-6 and C-8 positions of the octanoyl moiety bound to the lipoyl domains of lipoate-dependent enzymes, thereby converting the octanoylated domains into lipoylated derivatives	lipA	GO:0003674,GO:0003824,GO:0005575,GO:0005622,GO:0005623,GO:0005737,GO:0006082,GO:0006464,GO:0006629,GO:0006631,GO:0006633,GO:0006732,GO:0006790,GO:0006807,GO:0008150,GO:0008152,GO:0008610,GO:0009058,GO:0009106,GO:0009107,GO:0009108,GO:0009249,GO:0009987,GO:0010467,GO:0016053,GO:0016740,GO:0016782,GO:0016783,GO:0016992,GO:0018065,GO:0018130,GO:0018193,GO:0018205,GO:0019538,GO:0019752,GO:0032787,GO:0036211,GO:0043170,GO:0043412,GO:0043436,GO:0044237,GO:0044238,GO:0044249,GO:0044255,GO:0044260,GO:0044267,GO:0044272,GO:0044281,GO:0044283,GO:0044424,GO:0044464,GO:0046394,GO:0046483,GO:0051186,GO:0051188,GO:0051604,GO:0070283,GO:0071704,GO:0072330,GO:1901360,GO:1901362,GO:1901564,GO:1901576	ko:K03644	ko00785,ko01100,map00785,map01100	ko00000,ko00001,ko01000	LIAS_N,Radical_SAM
3225	GEA51186.1	1205908.AKXW01000074_gene3439	2.39e-165	462.0	COG0321@1|root,COG0321@2|Bacteria,1MU6A@1224|Proteobacteria,1RMXQ@1236|Gammaproteobacteria,1XT77@135623|Vibrionales	Catalyzes the transfer of endogenously produced octanoic acid from octanoyl-acyl-carrier-protein onto the lipoyl domains of lipoate-dependent enzymes. Lipoyl-ACP can also act as a substrate although octanoyl-ACP is likely to be the physiological substrate	lipB	GO:0003674,GO:0003824,GO:0006082,GO:0006464,GO:0006629,GO:0006631,GO:0006633,GO:0006732,GO:0006790,GO:0006807,GO:0008150,GO:0008152,GO:0008610,GO:0009058,GO:0009106,GO:0009107,GO:0009108,GO:0009249,GO:0009987,GO:0010467,GO:0016053,GO:0016740,GO:0016772,GO:0016779,GO:0016874,GO:0016879,GO:0016979,GO:0018065,GO:0018130,GO:0018193,GO:0018205,GO:0019538,GO:0019752,GO:0032787,GO:0036211,GO:0043170,GO:0043412,GO:0043436,GO:0044237,GO:0044238,GO:0044249,GO:0044255,GO:0044260,GO:0044267,GO:0044272,GO:0044281,GO:0044283,GO:0046394,GO:0046483,GO:0051186,GO:0051188,GO:0051604,GO:0071704,GO:0072330,GO:0140096,GO:1901360,GO:1901362,GO:1901564,GO:1901576	ko:K03801	ko00785,ko01100,map00785,map01100	ko00000,ko00001,ko01000	BPL_LplA_LipB
3225	GEA51187.1	1205908.AKXW01000074_gene3438	5.64e-54	169.0	COG2921@1|root,COG2921@2|Bacteria,1RGV5@1224|Proteobacteria,1S61Y@1236|Gammaproteobacteria,1XXUJ@135623|Vibrionales	Belongs to the UPF0250 family	ybeD	-	ko:K09158	-	ko00000	DUF493
3225	GEA51188.1	1205908.AKXW01000074_gene3437	1.18e-273	749.0	COG1686@1|root,COG1686@2|Bacteria,1MUU7@1224|Proteobacteria,1RMJA@1236|Gammaproteobacteria,1XSFX@135623|Vibrionales	Belongs to the peptidase S11 family	dacA	-	ko:K07258	ko00550,ko01100,map00550,map01100	ko00000,ko00001,ko01000,ko01002,ko01011	PBP5_C,Peptidase_S11
3225	GEA51189.1	1205908.AKXW01000074_gene3436	8.27e-179	499.0	COG0797@1|root,COG0797@2|Bacteria,1MZ8S@1224|Proteobacteria,1RMCG@1236|Gammaproteobacteria,1XSTT@135623|Vibrionales	Lytic transglycosylase with a strong preference for naked glycan strands that lack stem peptides	rlpA	-	ko:K03642	-	ko00000	DPBB_1,SPOR
3225	GEA51190.1	1205908.AKXW01000074_gene3435	5.15e-235	650.0	COG0772@1|root,COG0772@2|Bacteria,1MUK3@1224|Proteobacteria,1RMEJ@1236|Gammaproteobacteria,1XSC3@135623|Vibrionales	Peptidoglycan polymerase that is essential for cell wall elongation	mrdB	-	ko:K05837	-	ko00000,ko03036	FTSW_RODA_SPOVE
3225	GEA51191.1	1205908.AKXW01000074_gene3434	0.0	1253.0	COG0768@1|root,COG0768@2|Bacteria,1MV8C@1224|Proteobacteria,1RN9H@1236|Gammaproteobacteria,1XTJ2@135623|Vibrionales	Catalyzes cross-linking of the peptidoglycan cell wall	mrdA	-	ko:K05515	ko00550,ko01501,map00550,map01501	ko00000,ko00001,ko01000,ko01011	PBP_dimer,Transpeptidase
3225	GEA51192.1	1205908.AKXW01000074_gene3433	4.49e-112	321.0	COG1576@1|root,COG1576@2|Bacteria,1R9Z2@1224|Proteobacteria,1S1ZY@1236|Gammaproteobacteria,1XSIT@135623|Vibrionales	Specifically methylates the pseudouridine at position 1915 (m3Psi1915) in 23S rRNA	rlmH	-	ko:K00783	-	ko00000,ko01000,ko03009	SPOUT_MTase
3225	GEA51193.1	1205908.AKXW01000074_gene3432	4.07e-68	206.0	COG0799@1|root,COG0799@2|Bacteria,1MZEF@1224|Proteobacteria,1S8W3@1236|Gammaproteobacteria,1XXWJ@135623|Vibrionales	Functions as a ribosomal silencing factor. Interacts with ribosomal protein L14 (rplN), blocking formation of intersubunit bridge B8. Prevents association of the 30S and 50S ribosomal subunits and the formation of functional ribosomes, thus repressing translation	rsfS	-	ko:K09710	-	ko00000,ko03009	RsfS
3225	GEA51194.1	1205908.AKXW01000074_gene3431	5.92e-236	649.0	COG1466@1|root,COG1466@2|Bacteria,1MWYT@1224|Proteobacteria,1RQRE@1236|Gammaproteobacteria,1XUE0@135623|Vibrionales	DNA polymerase III, delta subunit	holA	-	ko:K02340	ko00230,ko00240,ko01100,ko03030,ko03430,ko03440,map00230,map00240,map01100,map03030,map03430,map03440	ko00000,ko00001,ko00002,ko01000,ko03032,ko03400	DNA_pol3_delt_C,DNA_pol3_delta
3225	GEA51195.1	1205908.AKXW01000074_gene3430	9.63e-139	397.0	COG2980@1|root,COG2980@2|Bacteria,1N0JN@1224|Proteobacteria,1SAG4@1236|Gammaproteobacteria,1XUHF@135623|Vibrionales	Together with LptD, is involved in the assembly of lipopolysaccharide (LPS) at the surface of the outer membrane. Required for the proper assembly of LptD. Binds LPS and may serve as the LPS recognition site at the outer membrane	lptE	-	ko:K03643	-	ko00000,ko02000	LptE
3225	GEA51196.1	1136163.M565_ctg1P1819	0.0	1726.0	COG0495@1|root,COG0495@2|Bacteria,1MV47@1224|Proteobacteria,1RP14@1236|Gammaproteobacteria,1XTP8@135623|Vibrionales	Belongs to the class-I aminoacyl-tRNA synthetase family	leuS	GO:0003674,GO:0003824,GO:0004812,GO:0004823,GO:0005575,GO:0005622,GO:0005623,GO:0005737,GO:0005829,GO:0006082,GO:0006139,GO:0006399,GO:0006412,GO:0006418,GO:0006429,GO:0006518,GO:0006520,GO:0006725,GO:0006807,GO:0008150,GO:0008152,GO:0009058,GO:0009059,GO:0009987,GO:0010467,GO:0016070,GO:0016874,GO:0016875,GO:0019538,GO:0019752,GO:0034641,GO:0034645,GO:0034660,GO:0043038,GO:0043039,GO:0043043,GO:0043170,GO:0043436,GO:0043603,GO:0043604,GO:0044237,GO:0044238,GO:0044249,GO:0044260,GO:0044267,GO:0044271,GO:0044281,GO:0044424,GO:0044444,GO:0044464,GO:0046483,GO:0071704,GO:0090304,GO:0140098,GO:0140101,GO:1901360,GO:1901564,GO:1901566,GO:1901576	ko:K01869	ko00970,map00970	ko00000,ko00001,ko00002,ko01000,ko01007,ko03016,ko03029	Anticodon_1,tRNA-synt_1,tRNA-synt_1_2
3225	GEA51197.1	1205908.AKXW01000074_gene3428	5.66e-106	306.0	COG2888@1|root,COG2888@2|Bacteria,1P9T7@1224|Proteobacteria,1SAPZ@1236|Gammaproteobacteria,1XU0U@135623|Vibrionales	Zinc-ribbon containing domain	-	-	-	-	-	DUF1451
3225	GEA51198.1	1205908.AKXW01000074_gene3427	0.0	968.0	COG0815@1|root,COG0815@2|Bacteria,1MUBU@1224|Proteobacteria,1RM8M@1236|Gammaproteobacteria,1XSXY@135623|Vibrionales	Transfers the fatty acyl group on membrane lipoproteins	lnt	GO:0006464,GO:0006807,GO:0008150,GO:0008152,GO:0009987,GO:0019538,GO:0036211,GO:0043170,GO:0043412,GO:0044237,GO:0044238,GO:0044260,GO:0044267,GO:0071704,GO:1901564	ko:K03820	-	ko00000,ko01000	CN_hydrolase
3225	GEA51199.1	1205908.AKXW01000074_gene3426	6.16e-187	522.0	COG4535@1|root,COG4535@2|Bacteria,1QTU8@1224|Proteobacteria,1RMKX@1236|Gammaproteobacteria,1XT0H@135623|Vibrionales	Mg2 and Co2 transporter CorC	corC	GO:0001897,GO:0001906,GO:0001907,GO:0005575,GO:0005623,GO:0005886,GO:0008150,GO:0009405,GO:0009987,GO:0016020,GO:0019835,GO:0019836,GO:0031640,GO:0035821,GO:0044003,GO:0044004,GO:0044179,GO:0044364,GO:0044403,GO:0044419,GO:0044464,GO:0044764,GO:0051701,GO:0051704,GO:0051715,GO:0051801,GO:0051817,GO:0051818,GO:0051883,GO:0052331,GO:0071944	ko:K06189	-	ko00000,ko02000	CBS,CorC_HlyC
3225	GEA51200.1	1205908.AKXW01000074_gene3425	1.98e-105	304.0	COG0319@1|root,COG0319@2|Bacteria,1MZ67@1224|Proteobacteria,1S6BS@1236|Gammaproteobacteria,1XWWW@135623|Vibrionales	Single strand-specific metallo-endoribonuclease involved in late-stage 70S ribosome quality control and in maturation of the 3' terminus of the 16S rRNA	ybeY	-	ko:K07042	-	ko00000,ko03009	UPF0054
3225	GEA51201.1	1205908.AKXW01000074_gene3424	4.46e-254	698.0	COG1702@1|root,COG1702@2|Bacteria,1MVDV@1224|Proteobacteria,1RP2Y@1236|Gammaproteobacteria,1XVDI@135623|Vibrionales	Phosphate starvation-inducible protein PhoH	ybeZ	-	ko:K06217	-	ko00000	PhoH
3225	GEA51202.1	1205908.AKXW01000074_gene3423	0.0	904.0	COG0621@1|root,COG0621@2|Bacteria,1MURS@1224|Proteobacteria,1RMD8@1236|Gammaproteobacteria,1XSQ1@135623|Vibrionales	Catalyzes the methylthiolation of N6- (dimethylallyl)adenosine (i(6)A), leading to the formation of 2- methylthio-N6-(dimethylallyl)adenosine (ms(2)i(6)A) at position 37 in tRNAs that read codons beginning with uridine	miaB	-	ko:K06168	-	ko00000,ko01000,ko03016	Radical_SAM,TRAM,UPF0004
3225	GEA51203.1	1205908.AKXW01000074_gene3422	1.4e-258	711.0	COG0654@1|root,COG0654@2|Bacteria,1MU6I@1224|Proteobacteria,1RND5@1236|Gammaproteobacteria,1XU6J@135623|Vibrionales	COG0654 2-polyprenyl-6-methoxyphenol hydroxylase and related FAD-dependent oxidoreductases	ubiF	-	ko:K03184	ko00130,ko01100,ko01110,map00130,map01100,map01110	ko00000,ko00001,ko00002,ko01000	FAD_binding_2,FAD_binding_3,SE
3225	GEA51204.1	1205908.AKXW01000023_gene786	1.36e-267	734.0	COG3071@1|root,COG3071@2|Bacteria,1MU7A@1224|Proteobacteria,1RMRG@1236|Gammaproteobacteria,1XT4E@135623|Vibrionales	enzyme of heme biosynthesis	hemY	-	ko:K02498	-	ko00000	HemY_N,TPR_16,TPR_19,TPR_2
3225	GEA51205.1	1205908.AKXW01000023_gene787	1.04e-219	613.0	COG2959@1|root,COG2959@2|Bacteria,1MY3A@1224|Proteobacteria,1RNJY@1236|Gammaproteobacteria,1XU9X@135623|Vibrionales	Uroporphyrin-III C-methyltransferase	hemX	-	ko:K02496	ko00860,ko01100,ko01110,ko01120,map00860,map01100,map01110,map01120	ko00000,ko00001,ko00002,ko01000	HemX
3225	GEA51206.1	1205908.AKXW01000023_gene788	2.46e-147	418.0	COG1587@1|root,COG1587@2|Bacteria,1MWZD@1224|Proteobacteria,1RM9K@1236|Gammaproteobacteria,1XSK6@135623|Vibrionales	Uroporphyrinogen-III synthase	hemD	-	ko:K01719	ko00860,ko01100,ko01110,ko01120,map00860,map01100,map01110,map01120	ko00000,ko00001,ko00002,ko01000	HEM4
3225	GEA51207.1	1205908.AKXW01000023_gene789	6.76e-218	602.0	COG0181@1|root,COG0181@2|Bacteria,1MU56@1224|Proteobacteria,1RMQ8@1236|Gammaproteobacteria,1XSM4@135623|Vibrionales	Tetrapolymerization of the monopyrrole PBG into the hydroxymethylbilane pre-uroporphyrinogen in several discrete steps	hemC	GO:0003674,GO:0003824,GO:0004418,GO:0005575,GO:0005622,GO:0005623,GO:0005737,GO:0006725,GO:0006778,GO:0006779,GO:0006783,GO:0006807,GO:0008150,GO:0008152,GO:0009058,GO:0009987,GO:0016740,GO:0016765,GO:0018130,GO:0019438,GO:0033013,GO:0033014,GO:0034641,GO:0042168,GO:0042440,GO:0044237,GO:0044249,GO:0044271,GO:0044424,GO:0044464,GO:0046148,GO:0046483,GO:0051186,GO:0051188,GO:0071704,GO:1901360,GO:1901362,GO:1901564,GO:1901566,GO:1901576	ko:K01749	ko00860,ko01100,ko01110,ko01120,map00860,map01100,map01110,map01120	ko00000,ko00001,ko00002,ko01000	Porphobil_deam,Porphobil_deamC
3225	GEA51208.1	1205908.AKXW01000023_gene790	0.0	1598.0	COG3072@1|root,COG3072@2|Bacteria,1PI5T@1224|Proteobacteria,1RMPZ@1236|Gammaproteobacteria,1XUEA@135623|Vibrionales	Adenylate cyclase	cyaA	-	ko:K05851	ko00230,ko02026,ko05111,map00230,map02026,map05111	ko00000,ko00001,ko01000	Adenyl_cycl_N,Adenylate_cycl
3225	GEA51209.1	1205908.AKXW01000023_gene791	7.62e-68	205.0	COG1965@1|root,COG1965@2|Bacteria,1RH9A@1224|Proteobacteria,1S5UP@1236|Gammaproteobacteria,1XXUN@135623|Vibrionales	Belongs to the frataxin family	cyaY	GO:0003674,GO:0003824,GO:0004322,GO:0005488,GO:0005506,GO:0005575,GO:0005622,GO:0005623,GO:0005737,GO:0005829,GO:0006464,GO:0006790,GO:0006807,GO:0006873,GO:0006875,GO:0006879,GO:0006950,GO:0006979,GO:0008150,GO:0008152,GO:0008198,GO:0008199,GO:0009987,GO:0016043,GO:0016226,GO:0016491,GO:0016530,GO:0016722,GO:0016724,GO:0018282,GO:0018283,GO:0019538,GO:0019725,GO:0022607,GO:0030003,GO:0031163,GO:0033554,GO:0034599,GO:0034986,GO:0036211,GO:0042221,GO:0042592,GO:0043167,GO:0043169,GO:0043170,GO:0043412,GO:0044085,GO:0044237,GO:0044238,GO:0044260,GO:0044267,GO:0044424,GO:0044444,GO:0044464,GO:0046872,GO:0046914,GO:0046916,GO:0048037,GO:0048878,GO:0050801,GO:0050896,GO:0051186,GO:0051536,GO:0051537,GO:0051540,GO:0051716,GO:0055065,GO:0055072,GO:0055076,GO:0055080,GO:0055082,GO:0055114,GO:0065007,GO:0065008,GO:0070887,GO:0071704,GO:0071840,GO:0098771,GO:0140104,GO:1901564	ko:K06202	-	ko00000	Frataxin_Cyay
3225	GEA51210.1	1205908.AKXW01000023_gene793	1.4e-300	820.0	COG0019@1|root,COG0019@2|Bacteria,1MUA6@1224|Proteobacteria,1RMI2@1236|Gammaproteobacteria,1XSWN@135623|Vibrionales	Specifically catalyzes the decarboxylation of meso- diaminopimelate (meso-DAP) to L-lysine	lysA	GO:0003674,GO:0003824,GO:0006082,GO:0006520,GO:0006553,GO:0006807,GO:0008150,GO:0008152,GO:0008652,GO:0008836,GO:0009058,GO:0009066,GO:0009067,GO:0009085,GO:0009089,GO:0009987,GO:0016053,GO:0016829,GO:0016830,GO:0016831,GO:0019752,GO:0043436,GO:0043648,GO:0044237,GO:0044238,GO:0044249,GO:0044281,GO:0044283,GO:0046394,GO:0046451,GO:0071704,GO:1901564,GO:1901566,GO:1901576,GO:1901605,GO:1901607	ko:K01586	ko00300,ko01100,ko01110,ko01120,ko01130,ko01230,map00300,map01100,map01110,map01120,map01130,map01230	ko00000,ko00001,ko00002,ko01000	Orn_Arg_deC_N,Orn_DAP_Arg_deC
3225	GEA51211.1	1205908.AKXW01000023_gene794	3.47e-194	538.0	COG0253@1|root,COG0253@2|Bacteria,1MWDH@1224|Proteobacteria,1RMGV@1236|Gammaproteobacteria,1XSPK@135623|Vibrionales	Catalyzes the stereoinversion of LL-2,6- diaminoheptanedioate (L,L-DAP) to meso-diaminoheptanedioate (meso- DAP), a precursor of L-lysine and an essential component of the bacterial peptidoglycan	dapF	GO:0003674,GO:0003824,GO:0005575,GO:0005622,GO:0005623,GO:0005737,GO:0005829,GO:0006082,GO:0006520,GO:0006553,GO:0006807,GO:0008150,GO:0008152,GO:0008652,GO:0008837,GO:0009058,GO:0009066,GO:0009067,GO:0009085,GO:0009089,GO:0009987,GO:0016053,GO:0016853,GO:0016854,GO:0016855,GO:0019752,GO:0036361,GO:0043436,GO:0043648,GO:0044237,GO:0044238,GO:0044249,GO:0044281,GO:0044283,GO:0044424,GO:0044444,GO:0044464,GO:0046394,GO:0046451,GO:0047661,GO:0071704,GO:1901564,GO:1901566,GO:1901576,GO:1901605,GO:1901607	ko:K01778	ko00300,ko01100,ko01110,ko01120,ko01130,ko01230,map00300,map01100,map01110,map01120,map01130,map01230	ko00000,ko00001,ko00002,ko01000	DAP_epimerase
3225	GEA51212.1	1205908.AKXW01000023_gene795	3e-157	442.0	COG3159@1|root,COG3159@2|Bacteria,1R4BP@1224|Proteobacteria,1S1VU@1236|Gammaproteobacteria,1XTEJ@135623|Vibrionales	protein conserved in bacteria	-	-	ko:K09921	-	ko00000	DUF484
3225	GEA51213.1	1205908.AKXW01000023_gene796	8.79e-189	526.0	COG4973@1|root,COG4973@2|Bacteria,1MUJJ@1224|Proteobacteria,1RMJG@1236|Gammaproteobacteria,1XSJQ@135623|Vibrionales	Belongs to the 'phage' integrase family. XerC subfamily	xerC	GO:0000150,GO:0003674,GO:0003824,GO:0006139,GO:0006259,GO:0006310,GO:0006725,GO:0006807,GO:0008150,GO:0008152,GO:0009009,GO:0009987,GO:0034641,GO:0043170,GO:0044237,GO:0044238,GO:0044260,GO:0046483,GO:0071704,GO:0090304,GO:0140097,GO:1901360	ko:K03733	-	ko00000,ko03036	Phage_int_SAM_1,Phage_integrase
3225	GEA51214.1	1205908.AKXW01000023_gene797	2.85e-153	432.0	COG1011@1|root,COG1011@2|Bacteria,1N0I6@1224|Proteobacteria,1RQ41@1236|Gammaproteobacteria,1XTVY@135623|Vibrionales	hydrolase (HAD superfamily)	-	-	ko:K20862	ko00740,ko01100,ko01110,map00740,map01100,map01110	ko00000,ko00001,ko00002,ko01000	HAD_2
3225	GEA51215.1	1205908.AKXW01000023_gene798	2.84e-102	298.0	COG3148@1|root,COG3148@2|Bacteria,1N8XY@1224|Proteobacteria,1T1B9@1236|Gammaproteobacteria,1Y31G@135623|Vibrionales	DTW	-	-	-	-	-	DTW
3225	GEA51216.1	1205908.AKXW01000023_gene799	1.82e-214	595.0	COG3650@1|root,COG3650@2|Bacteria,1RIIM@1224|Proteobacteria,1S8NS@1236|Gammaproteobacteria,1XSAK@135623|Vibrionales	response to hydrogen peroxide	VP2977	-	ko:K08985	-	ko00000	-
3225	GEA51217.1	1205908.AKXW01000023_gene800	5.9e-194	538.0	COG0561@1|root,COG0561@2|Bacteria,1MV02@1224|Proteobacteria,1RP1D@1236|Gammaproteobacteria,1XTVR@135623|Vibrionales	hydrolases of the HAD superfamily	yigL	-	-	-	-	Hydrolase_3
3225	GEA51218.1	1205908.AKXW01000023_gene801	3.49e-189	528.0	COG2267@1|root,COG2267@2|Bacteria,1MWDA@1224|Proteobacteria,1RRJP@1236|Gammaproteobacteria,1XTME@135623|Vibrionales	Lysophospholipase	pldB	-	ko:K01048	ko00564,map00564	ko00000,ko00001,ko01000	Hydrolase_4
3225	GEA51219.1	1205908.AKXW01000023_gene802	6.41e-131	373.0	COG1280@1|root,COG1280@2|Bacteria,1MXAI@1224|Proteobacteria,1RPWN@1236|Gammaproteobacteria,1XT72@135623|Vibrionales	threonine efflux protein	rhtB	GO:0003333,GO:0003674,GO:0005215,GO:0005342,GO:0005575,GO:0005623,GO:0005886,GO:0006810,GO:0006811,GO:0006820,GO:0006865,GO:0008150,GO:0008509,GO:0008514,GO:0015075,GO:0015171,GO:0015175,GO:0015179,GO:0015318,GO:0015711,GO:0015804,GO:0015807,GO:0015849,GO:0016020,GO:0022857,GO:0034220,GO:0042968,GO:0042970,GO:0044464,GO:0046942,GO:0046943,GO:0051179,GO:0051234,GO:0055085,GO:0071702,GO:0071705,GO:0071944,GO:0098656,GO:1902475,GO:1903825,GO:1905039	ko:K05834	-	ko00000,ko02000	LysE
3225	GEA51220.1	1205908.AKXW01000023_gene803	1.22e-74	223.0	COG0640@1|root,COG0640@2|Bacteria,1MZT1@1224|Proteobacteria,1SAI5@1236|Gammaproteobacteria,1XXDF@135623|Vibrionales	transcriptional	arsR	-	ko:K03892	-	ko00000,ko03000	HTH_5
3225	GEA51221.1	1205908.AKXW01000023_gene804	4.7e-237	652.0	COG0057@1|root,COG0057@2|Bacteria,1MU93@1224|Proteobacteria,1RMBM@1236|Gammaproteobacteria,1XV8J@135623|Vibrionales	Belongs to the glyceraldehyde-3-phosphate dehydrogenase family	gap	-	ko:K00134	ko00010,ko00710,ko01100,ko01110,ko01120,ko01130,ko01200,ko01230,ko04066,ko05010,map00010,map00710,map01100,map01110,map01120,map01130,map01200,map01230,map04066,map05010	ko00000,ko00001,ko00002,ko01000,ko04131,ko04147	Gp_dh_C,Gp_dh_N
3225	GEA51222.1	1205908.AKXW01000023_gene805	1.87e-113	325.0	COG2453@1|root,COG2453@2|Bacteria,1N0H0@1224|Proteobacteria,1S9JV@1236|Gammaproteobacteria,1XWW6@135623|Vibrionales	phosphatase	-	-	-	-	-	CDKN3,DSPc
3225	GEA51223.1	1205908.AKXW01000023_gene806	2.57e-272	747.0	COG0477@1|root,COG2814@2|Bacteria,1MV8D@1224|Proteobacteria,1RNF0@1236|Gammaproteobacteria,1XTRW@135623|Vibrionales	of the major facilitator superfamily	-	-	-	-	-	MFS_1
3225	GEA51224.1	1205908.AKXW01000023_gene807	9.67e-237	651.0	COG3274@1|root,COG3274@2|Bacteria,1MUJ6@1224|Proteobacteria,1S09B@1236|Gammaproteobacteria,1XT5S@135623|Vibrionales	protein conserved in bacteria	-	-	-	-	-	Acyl_transf_3
3225	GEA51225.1	1205908.AKXW01000023_gene808	6.07e-69	209.0	293IY@1|root,2ZR0Z@2|Bacteria,1RFZ4@1224|Proteobacteria,1SF6E@1236|Gammaproteobacteria,1XXSZ@135623|Vibrionales	Protein of unknown function (DUF2500)	VP2965	-	-	-	-	DUF2500
3225	GEA51226.1	1205908.AKXW01000023_gene809	5.77e-81	240.0	2E6DG@1|root,33113@2|Bacteria,1QJRJ@1224|Proteobacteria,1THSU@1236|Gammaproteobacteria,1XXF8@135623|Vibrionales	-	VP2964	-	-	-	-	DUF4145
3225	GEA51227.1	1205908.AKXW01000023_gene810	1.5e-48	154.0	2E9BS@1|root,32TZH@2|Bacteria,1PCX5@1224|Proteobacteria,1SY2T@1236|Gammaproteobacteria,1XZ0N@135623|Vibrionales	Protein of unknown function (DUF2492)	-	-	-	-	-	DUF2492
3225	GEA51228.1	1205908.AKXW01000023_gene811	0.0	1106.0	COG1123@1|root,COG4172@2|Bacteria,1MU09@1224|Proteobacteria,1RMEI@1236|Gammaproteobacteria,1XTGQ@135623|Vibrionales	Belongs to the ABC transporter superfamily	dppD	-	ko:K02031,ko:K02032	ko02024,map02024	ko00000,ko00001,ko00002,ko02000	ABC_tran,oligo_HPY
3225	GEA51229.1	1205908.AKXW01000023_gene812	0.0	1013.0	COG0747@1|root,COG0747@2|Bacteria,1MUZH@1224|Proteobacteria,1RNES@1236|Gammaproteobacteria,1XTQI@135623|Vibrionales	COG0747 ABC-type dipeptide transport system, periplasmic component	dppA	-	ko:K02035	ko02024,map02024	ko00000,ko00001,ko00002,ko02000	SBP_bac_5
3225	GEA51230.1	1219080.VEZ01S_37_00290	9.92e-218	602.0	COG0601@1|root,COG0601@2|Bacteria,1MU8Z@1224|Proteobacteria,1RNJ1@1236|Gammaproteobacteria,1XTA1@135623|Vibrionales	COG0601 ABC-type dipeptide oligopeptide nickel transport systems, permease components	dppB	-	ko:K02033	ko02024,map02024	ko00000,ko00001,ko00002,ko02000	BPD_transp_1
3225	GEA51231.1	1205908.AKXW01000023_gene814	1.72e-216	598.0	COG1173@1|root,COG1173@2|Bacteria,1MUG0@1224|Proteobacteria,1RN08@1236|Gammaproteobacteria,1XTS5@135623|Vibrionales	COG1173 ABC-type dipeptide oligopeptide nickel transport systems, permease components	dppC	-	ko:K02034	ko02024,map02024	ko00000,ko00001,ko00002,ko02000	BPD_transp_1,OppC_N
3225	GEA51232.1	1205908.AKXW01000023_gene815	0.0	900.0	COG1249@1|root,COG1249@2|Bacteria,1MU2Z@1224|Proteobacteria,1RMC0@1236|Gammaproteobacteria,1XTC6@135623|Vibrionales	Belongs to the class-I pyridine nucleotide-disulfide oxidoreductase family	gor	-	ko:K00383	ko00480,ko04918,map00480,map04918	ko00000,ko00001,ko01000	Pyr_redox_2,Pyr_redox_dim
3225	GEA51233.1	1205908.AKXW01000023_gene816	4.04e-203	561.0	COG2961@1|root,COG2961@2|Bacteria,1MWGA@1224|Proteobacteria,1RNI1@1236|Gammaproteobacteria,1XSBI@135623|Vibrionales	Specifically methylates the adenine in position 2030 of 23S rRNA	rlmJ	-	ko:K07115	-	ko00000,ko01000,ko03009	RsmJ
3225	GEA51234.1	1205908.AKXW01000023_gene817	0.0	1336.0	COG0339@1|root,COG0339@2|Bacteria,1MU1K@1224|Proteobacteria,1RMAH@1236|Gammaproteobacteria,1XTEV@135623|Vibrionales	COG0339 Zn-dependent oligopeptidases	prlC	-	ko:K01414	-	ko00000,ko01000,ko01002	Peptidase_M3
3225	GEA51235.1	1205908.AKXW01000023_gene818	1.02e-102	297.0	COG1522@1|root,COG1522@2|Bacteria,1MWPX@1224|Proteobacteria,1RRPA@1236|Gammaproteobacteria,1XSDD@135623|Vibrionales	COG1522 Transcriptional regulators	asnC	-	ko:K03718	-	ko00000,ko03000	AsnC_trans_reg,HTH_AsnC-type
3225	GEA51236.1	1205908.AKXW01000023_gene819	1.8e-176	493.0	COG0742@1|root,COG0742@2|Bacteria,1MX8Z@1224|Proteobacteria,1RMIB@1236|Gammaproteobacteria,1XTAA@135623|Vibrionales	Specifically methylates the guanosine in position 1516 of 16S rRNA	rsmJ	-	ko:K15984	-	ko00000,ko01000,ko03009	SAM_MT
3225	GEA51237.1	1205908.AKXW01000023_gene820	4.15e-79	240.0	2ES0Z@1|root,33JK1@2|Bacteria,1NHKR@1224|Proteobacteria,1SI94@1236|Gammaproteobacteria,1XY8R@135623|Vibrionales	-	VC0074	-	-	-	-	-
3225	GEA51238.1	1205908.AKXW01000023_gene821	5.88e-94	274.0	COG0589@1|root,COG0589@2|Bacteria,1MV6Y@1224|Proteobacteria,1RQQ7@1236|Gammaproteobacteria,1XWVC@135623|Vibrionales	COG0589 Universal stress protein UspA and related nucleotide-binding proteins	uspA	-	ko:K06149	-	ko00000	Usp
3225	GEA51239.1	1219080.VEZ01S_37_00410	7.16e-116	332.0	COG1528@1|root,COG1528@2|Bacteria,1R9ZC@1224|Proteobacteria,1RYVB@1236|Gammaproteobacteria,1XTQA@135623|Vibrionales	Iron-storage protein	ftnA	-	ko:K02217	-	ko00000,ko01000	Ferritin
3225	GEA51240.1	1205908.AKXW01000023_gene823	7.81e-67	203.0	291H9@1|root,2ZP3V@2|Bacteria,1RDHD@1224|Proteobacteria,1S3P8@1236|Gammaproteobacteria,1XXMB@135623|Vibrionales	Universal stress protein B homolog	uspB	-	ko:K06144	-	ko00000,ko02000	UspB
3225	GEA51241.1	1205908.AKXW01000023_gene824	1.37e-289	790.0	COG2081@1|root,COG2081@2|Bacteria,1MUGC@1224|Proteobacteria,1RNCW@1236|Gammaproteobacteria,1XSRR@135623|Vibrionales	HI0933-like protein	yhiN	-	ko:K07007	-	ko00000	HI0933_like
3225	GEA51242.1	1219072.VHA01S_002_00110	1.5e-25	99.4	2BHBT@1|root,32BDE@2|Bacteria,1QJHZ@1224|Proteobacteria,1THHX@1236|Gammaproteobacteria,1Y171@135623|Vibrionales	-	-	-	-	-	-	-
3225	GEA51243.1	1205908.AKXW01000023_gene826	8.29e-150	424.0	COG0834@1|root,COG0834@2|Bacteria,1REKB@1224|Proteobacteria,1S5DG@1236|Gammaproteobacteria,1XXIT@135623|Vibrionales	Bacterial extracellular solute-binding proteins, family 3	-	-	-	-	-	SBP_bac_3
3225	GEA51244.1	1205908.AKXW01000023_gene827	0.0	2167.0	28HKI@1|root,2Z7VC@2|Bacteria,1MW0I@1224|Proteobacteria,1RQ5H@1236|Gammaproteobacteria,1XVWM@135623|Vibrionales	-	-	-	-	-	-	-
3225	GEA51245.1	1205908.AKXW01000023_gene828	8.26e-226	624.0	COG1609@1|root,COG1609@2|Bacteria,1MU1G@1224|Proteobacteria,1RMSP@1236|Gammaproteobacteria,1XTZQ@135623|Vibrionales	transcriptional regulators	-	-	ko:K02529	-	ko00000,ko03000	LacI,Peripla_BP_3
3225	GEA51246.1	1205908.AKXW01000023_gene829	1.98e-234	645.0	COG4608@1|root,COG4608@2|Bacteria,1QE80@1224|Proteobacteria,1S135@1236|Gammaproteobacteria,1XVJ0@135623|Vibrionales	Oligopeptide/dipeptide transporter, C-terminal region	-	-	-	-	-	ABC_tran,oligo_HPY
3225	GEA51247.1	1205908.AKXW01000023_gene830	1.05e-225	622.0	COG0444@1|root,COG0444@2|Bacteria,1MZF6@1224|Proteobacteria,1RPET@1236|Gammaproteobacteria,1XVHF@135623|Vibrionales	Oligopeptide/dipeptide transporter, C-terminal region	-	-	ko:K02031	ko02024,map02024	ko00000,ko00001,ko00002,ko02000	ABC_tran,oligo_HPY
3225	GEA51248.1	1205908.AKXW01000023_gene831	7.62e-223	615.0	COG1173@1|root,COG1173@2|Bacteria,1R4JX@1224|Proteobacteria,1RQUM@1236|Gammaproteobacteria,1XWCB@135623|Vibrionales	Binding-protein-dependent transport system inner membrane component	-	-	ko:K02034	ko02024,map02024	ko00000,ko00001,ko00002,ko02000	BPD_transp_1
3225	GEA51249.1	1205908.AKXW01000023_gene832	1.89e-201	560.0	COG0601@1|root,COG0601@2|Bacteria,1NH5E@1224|Proteobacteria,1RY03@1236|Gammaproteobacteria,1XVP0@135623|Vibrionales	Binding-protein-dependent transport system inner membrane component	-	-	ko:K02033	ko02024,map02024	ko00000,ko00001,ko00002,ko02000	BPD_transp_1
3225	GEA51250.1	1205908.AKXW01000023_gene833	0.0	1090.0	COG0747@1|root,COG0747@2|Bacteria,1N4PK@1224|Proteobacteria,1RZPY@1236|Gammaproteobacteria,1XVGT@135623|Vibrionales	Bacterial extracellular solute-binding proteins, family 5 Middle	-	-	ko:K02035	ko02024,map02024	ko00000,ko00001,ko00002,ko02000	SBP_bac_5
3225	GEA51251.1	1205908.AKXW01000023_gene834	1.25e-284	780.0	COG1257@1|root,COG1257@2|Bacteria,1Q6M1@1224|Proteobacteria,1RPEP@1236|Gammaproteobacteria,1XTS2@135623|Vibrionales	reductase	hmgA	-	ko:K00021	ko00900,ko01100,ko01110,ko01130,ko04152,ko04976,map00900,map01100,map01110,map01130,map04152,map04976	ko00000,ko00001,ko00002,ko01000	HMG-CoA_red
3225	GEA51252.1	1205908.AKXW01000023_gene835	1.86e-190	531.0	COG0697@1|root,COG0697@2|Bacteria,1QSKQ@1224|Proteobacteria,1RYG1@1236|Gammaproteobacteria,1XV0H@135623|Vibrionales	of the drug metabolite transporter (DMT) superfamily	-	-	-	-	-	EamA
3225	GEA51253.1	1205908.AKXW01000023_gene836	7.18e-187	519.0	COG0500@1|root,COG2226@2|Bacteria,1MX8I@1224|Proteobacteria,1RMAU@1236|Gammaproteobacteria,1XSR2@135623|Vibrionales	Methyltransferase required for the conversion of demethylmenaquinol (DMKH2) to menaquinol (MKH2) and the conversion of 2-polyprenyl-6-methoxy-1,4-benzoquinol (DDMQH2) to 2- polyprenyl-3-methyl-6-methoxy-1,4-benzoquinol (DMQH2)	ubiE	GO:0003674,GO:0003824,GO:0006732,GO:0006733,GO:0006743,GO:0006744,GO:0008150,GO:0008152,GO:0008168,GO:0009058,GO:0009108,GO:0009233,GO:0009234,GO:0009987,GO:0016740,GO:0016741,GO:0032259,GO:0042180,GO:0042181,GO:0044237,GO:0044249,GO:0044281,GO:0044283,GO:0051186,GO:0051188,GO:0071704,GO:1901576,GO:1901661,GO:1901663	ko:K03183	ko00130,ko01100,ko01110,map00130,map01100,map01110	ko00000,ko00001,ko00002,ko01000	Ubie_methyltran
3225	GEA51254.1	1205908.AKXW01000023_gene837	4.51e-134	380.0	COG3165@1|root,COG3165@2|Bacteria,1R1CM@1224|Proteobacteria,1S745@1236|Gammaproteobacteria,1XUNJ@135623|Vibrionales	protein conserved in bacteria	-	-	ko:K03690	-	ko00000	SCP2
3225	GEA51255.1	1205908.AKXW01000023_gene838	0.0	1088.0	COG0661@1|root,COG0661@2|Bacteria,1MU1Z@1224|Proteobacteria,1RNQM@1236|Gammaproteobacteria,1XSB2@135623|Vibrionales	Is probably a protein kinase regulator of UbiI activity which is involved in aerobic coenzyme Q (ubiquinone) biosynthesis	ubiB	GO:0003674,GO:0003824,GO:0006732,GO:0006733,GO:0006743,GO:0006744,GO:0008150,GO:0008152,GO:0009058,GO:0009108,GO:0009987,GO:0042180,GO:0042181,GO:0044237,GO:0044249,GO:0044281,GO:0044283,GO:0051186,GO:0051188,GO:0071704,GO:1901576,GO:1901661,GO:1901663	ko:K03688	-	ko00000	ABC1
3225	GEA51256.1	1219080.VEZ01S_37_00500	6.29e-36	123.0	COG1826@1|root,COG1826@2|Bacteria,1N6S4@1224|Proteobacteria,1SCC7@1236|Gammaproteobacteria,1XYC6@135623|Vibrionales	Part of the twin-arginine translocation (Tat) system that transports large folded proteins containing a characteristic twin-arginine motif in their signal peptide across membranes. TatA could form the protein-conducting channel of the Tat system	tatA	GO:0002790,GO:0006810,GO:0008104,GO:0008150,GO:0009306,GO:0009987,GO:0015031,GO:0015833,GO:0032940,GO:0033036,GO:0042886,GO:0045184,GO:0046903,GO:0051179,GO:0051234,GO:0071702,GO:0071705	ko:K03116	ko03060,ko03070,map03060,map03070	ko00000,ko00001,ko00002,ko02044	MttA_Hcf106
3225	GEA51257.1	1205908.AKXW01000023_gene840	1.54e-64	197.0	COG1826@1|root,COG1826@2|Bacteria,1N73F@1224|Proteobacteria,1SD9K@1236|Gammaproteobacteria,1XXXV@135623|Vibrionales	Part of the twin-arginine translocation (Tat) system that transports large folded proteins containing a characteristic twin-arginine motif in their signal peptide across membranes. Together with TatC, TatB is part of a receptor directly interacting with Tat signal peptides. TatB may form an oligomeric binding site that transiently accommodates folded Tat precursor proteins before their translocation	tatB	-	ko:K03117	ko03060,ko03070,map03060,map03070	ko00000,ko00001,ko00002,ko02044	MttA_Hcf106
3225	GEA51258.1	1205908.AKXW01000023_gene841	5.56e-165	462.0	COG0805@1|root,COG0805@2|Bacteria,1MVAY@1224|Proteobacteria,1RPRN@1236|Gammaproteobacteria,1XTQ1@135623|Vibrionales	Part of the twin-arginine translocation (Tat) system that transports large folded proteins containing a characteristic twin-arginine motif in their signal peptide across membranes. Together with TatB, TatC is part of a receptor directly interacting with Tat signal peptides	tatC	-	ko:K03118	ko03060,ko03070,map03060,map03070	ko00000,ko00001,ko00002,ko02044	TatC
3225	GEA51259.1	1205908.AKXW01000023_gene842	4.11e-174	486.0	COG0084@1|root,COG0084@2|Bacteria,1MUC0@1224|Proteobacteria,1SPRE@1236|Gammaproteobacteria,1XUSU@135623|Vibrionales	COG0084 Mg-dependent DNase	tatD	-	ko:K03424	-	ko00000,ko01000	TatD_DNase
3225	GEA51260.1	1205908.AKXW01000023_gene843	2.33e-238	655.0	COG0113@1|root,COG0113@2|Bacteria,1MWMW@1224|Proteobacteria,1RP6Q@1236|Gammaproteobacteria,1XSJ4@135623|Vibrionales	Belongs to the ALAD family	hemB	-	ko:K01698	ko00860,ko01100,ko01110,ko01120,map00860,map01100,map01110,map01120	ko00000,ko00001,ko00002,ko01000,ko04147	ALAD
3225	GEA51261.1	1205908.AKXW01000023_gene844	1.77e-87	258.0	COG0454@1|root,COG0456@2|Bacteria,1N0SD@1224|Proteobacteria,1S9IW@1236|Gammaproteobacteria,1XY0U@135623|Vibrionales	COG0454 Histone acetyltransferase HPA2 and related acetyltransferases	SO4716	-	-	-	-	Acetyltransf_1,Acetyltransf_10
3225	GEA51262.1	1205908.AKXW01000023_gene845	0.0	1779.0	COG0258@1|root,COG0749@1|root,COG0258@2|Bacteria,COG0749@2|Bacteria,1MU31@1224|Proteobacteria,1RNBG@1236|Gammaproteobacteria,1XUAZ@135623|Vibrionales	In addition to polymerase activity, this DNA polymerase exhibits 5'-3' exonuclease activity	polA	-	ko:K02335	ko00230,ko00240,ko01100,ko03030,ko03410,ko03420,ko03440,map00230,map00240,map01100,map03030,map03410,map03420,map03440	ko00000,ko00001,ko01000,ko03032,ko03400	5_3_exonuc,5_3_exonuc_N,DNA_pol_A,DNA_pol_A_exo1
3225	GEA51263.1	1205908.AKXW01000023_gene846	1.22e-148	419.0	COG0218@1|root,COG0218@2|Bacteria,1MY3Z@1224|Proteobacteria,1RNJP@1236|Gammaproteobacteria,1XTW5@135623|Vibrionales	Necessary for normal cell division and for the maintenance of normal septation	engB	GO:0005575,GO:0005622,GO:0005623,GO:0005737,GO:0005829,GO:0044424,GO:0044444,GO:0044464	ko:K03978	-	ko00000,ko03036	MMR_HSR1
3225	GEA51264.1	1205908.AKXW01000023_gene847	1.3e-144	407.0	COG2863@1|root,COG2863@2|Bacteria,1N2NB@1224|Proteobacteria,1RZFP@1236|Gammaproteobacteria,1XVQC@135623|Vibrionales	COG2863 Cytochrome c553	cc4	-	-	-	-	Cytochrom_C
3225	GEA51265.1	1205908.AKXW01000023_gene848	8.12e-158	442.0	COG4106@1|root,COG4106@2|Bacteria,1QUFH@1224|Proteobacteria,1T1X5@1236|Gammaproteobacteria,1XTG8@135623|Vibrionales	2-polyprenyl-3-methyl-5-hydroxy-6-metoxy-1, 4-benzoquinol methylase	-	-	-	-	-	Methyltransf_23
3225	GEA51266.1	1205908.AKXW01000023_gene849	2.74e-100	294.0	COG3078@1|root,COG3078@2|Bacteria,1N8HM@1224|Proteobacteria,1SDUG@1236|Gammaproteobacteria,1XWXD@135623|Vibrionales	A GTPase-activating protein (GAP) that modifies Der EngA GTPase function. May play a role in ribosome biogenesis	yihI	-	ko:K09894	-	ko00000	YihI
3225	GEA51267.1	1205908.AKXW01000023_gene850	5.32e-98	286.0	2E8BZ@1|root,332QM@2|Bacteria,1NAZY@1224|Proteobacteria,1SD7I@1236|Gammaproteobacteria,1XWXQ@135623|Vibrionales	Protein of unknown function (DUF2489)	HD1705	-	-	-	-	DUF2489
3225	GEA51268.1	1205908.AKXW01000023_gene851	0.0	889.0	COG0635@1|root,COG0635@2|Bacteria,1MV1I@1224|Proteobacteria,1RN1Y@1236|Gammaproteobacteria,1XT7M@135623|Vibrionales	Belongs to the anaerobic coproporphyrinogen-III oxidase family	hemN	-	ko:K02495	ko00860,ko01100,ko01110,map00860,map01100,map01110	ko00000,ko00001,ko00002,ko01000	HemN_C,Radical_SAM
3225	GEA51269.1	1205908.AKXW01000023_gene852	0.0	902.0	COG2204@1|root,COG2204@2|Bacteria,1MU0N@1224|Proteobacteria,1RMCK@1236|Gammaproteobacteria,1XUQI@135623|Vibrionales	COG2204 Response regulator containing CheY-like receiver, AAA-type ATPase, and DNA-binding domains	glnG	-	ko:K07712	ko02020,map02020	ko00000,ko00001,ko00002,ko02022	HTH_8,Response_reg,Sigma54_activat
3225	GEA51270.1	1205908.AKXW01000023_gene853	1.77e-240	662.0	COG3852@1|root,COG3852@2|Bacteria,1MVN6@1224|Proteobacteria,1RN15@1236|Gammaproteobacteria,1XTJP@135623|Vibrionales	nitrogen regulation protein	glnL	-	ko:K07708	ko02020,map02020	ko00000,ko00001,ko00002,ko01000,ko01001,ko02022	HATPase_c,HisKA,PAS
3225	GEA51271.1	1205908.AKXW01000023_gene854	0.0	920.0	COG0174@1|root,COG0174@2|Bacteria,1MUGQ@1224|Proteobacteria,1RMD1@1236|Gammaproteobacteria,1XTYT@135623|Vibrionales	glutamine synthetase	glnA	GO:0003674,GO:0003824,GO:0004356,GO:0006082,GO:0006520,GO:0006541,GO:0006542,GO:0006807,GO:0008150,GO:0008152,GO:0008652,GO:0009058,GO:0009064,GO:0009084,GO:0009987,GO:0016053,GO:0016211,GO:0016874,GO:0016879,GO:0016880,GO:0019752,GO:0043436,GO:0044237,GO:0044238,GO:0044249,GO:0044281,GO:0044283,GO:0046394,GO:0071704,GO:1901564,GO:1901566,GO:1901576,GO:1901605,GO:1901607	ko:K01915	ko00220,ko00250,ko00630,ko00910,ko01100,ko01120,ko01230,ko02020,ko04217,ko04724,ko04727,map00220,map00250,map00630,map00910,map01100,map01120,map01230,map02020,map04217,map04724,map04727	ko00000,ko00001,ko01000,ko04147	Gln-synt_C,Gln-synt_N
3225	GEA51272.1	1136163.M565_ctg4P404	0.0	1164.0	COG1217@1|root,COG1217@2|Bacteria,1MV5Q@1224|Proteobacteria,1RMJB@1236|Gammaproteobacteria,1XTQJ@135623|Vibrionales	membrane GTPase involved in stress response	typA	-	ko:K06207	-	ko00000	EFG_C,GTP_EFTU,GTP_EFTU_D2
3225	GEA51273.1	1205908.AKXW01000023_gene856	3.18e-208	577.0	COG1295@1|root,COG1295@2|Bacteria,1QICW@1224|Proteobacteria,1RMKI@1236|Gammaproteobacteria,1XUTA@135623|Vibrionales	membrane	rbn	-	ko:K07058	-	ko00000	Virul_fac_BrkB
3225	GEA51274.1	1219072.VHA01S_003_00040	7.07e-92	269.0	COG1490@1|root,COG1490@2|Bacteria,1RGTV@1224|Proteobacteria,1S61I@1236|Gammaproteobacteria,1XWX3@135623|Vibrionales	rejects L-amino acids rather than detecting D-amino acids in the active site. By recycling D-aminoacyl-tRNA to D-amino acids and free tRNA molecules, this enzyme counteracts the toxicity associated with the formation of D-aminoacyl-tRNA entities in vivo and helps enforce protein L-homochirality	dtd	GO:0002161,GO:0003674,GO:0003824,GO:0005575,GO:0005622,GO:0005623,GO:0005737,GO:0006139,GO:0006399,GO:0006450,GO:0006725,GO:0006807,GO:0008150,GO:0008152,GO:0009987,GO:0016070,GO:0016787,GO:0016788,GO:0034641,GO:0034660,GO:0043170,GO:0044237,GO:0044238,GO:0044424,GO:0044464,GO:0046483,GO:0051499,GO:0051500,GO:0052689,GO:0065007,GO:0065008,GO:0071704,GO:0090304,GO:0106074,GO:0140098,GO:0140101,GO:1901360	ko:K07560	-	ko00000,ko01000,ko03016	Tyr_Deacylase
3225	GEA51275.1	1205908.AKXW01000023_gene858	1.18e-225	621.0	COG0454@1|root,COG0456@2|Bacteria,1R407@1224|Proteobacteria,1RPJ2@1236|Gammaproteobacteria,1XSTQ@135623|Vibrionales	COG0454 Histone acetyltransferase HPA2 and related acetyltransferases	yiiD	-	-	-	-	Acetyltransf_1,Acetyltransf_10,YiiD_C
3225	GEA51276.1	1205908.AKXW01000023_gene859	0.0	1114.0	COG2911@1|root,COG2911@2|Bacteria,1QUFI@1224|Proteobacteria,1T1X6@1236|Gammaproteobacteria,1XU6R@135623|Vibrionales	AsmA family	-	-	-	-	-	AsmA
3225	GEA51277.1	1205908.AKXW01000023_gene860	0.0	1085.0	COG1866@1|root,COG1866@2|Bacteria,1MWXN@1224|Proteobacteria,1RPM0@1236|Gammaproteobacteria,1XT8R@135623|Vibrionales	Involved in the gluconeogenesis. Catalyzes the conversion of oxaloacetate (OAA) to phosphoenolpyruvate (PEP) through direct phosphoryl transfer between the nucleoside triphosphate and OAA	pckA	GO:0003674,GO:0003824,GO:0004611,GO:0004612,GO:0005575,GO:0005622,GO:0005623,GO:0005737,GO:0005829,GO:0005975,GO:0005996,GO:0006006,GO:0006094,GO:0008150,GO:0008152,GO:0009058,GO:0016051,GO:0016829,GO:0016830,GO:0016831,GO:0019318,GO:0019319,GO:0044238,GO:0044281,GO:0044283,GO:0044424,GO:0044444,GO:0044464,GO:0046364,GO:0071704,GO:1901576	ko:K01610	ko00010,ko00020,ko00620,ko00710,ko01100,ko01110,ko01120,ko01130,ko01200,map00010,map00020,map00620,map00710,map01100,map01110,map01120,map01130,map01200	ko00000,ko00001,ko00002,ko01000	PEPCK_ATP
3225	GEA51278.1	1205908.AKXW01000023_gene861	1.11e-201	559.0	COG1281@1|root,COG1281@2|Bacteria,1MUMU@1224|Proteobacteria,1RMP3@1236|Gammaproteobacteria,1XTZA@135623|Vibrionales	Redox regulated molecular chaperone. Protects both thermally unfolding and oxidatively damaged proteins from irreversible aggregation. Plays an important role in the bacterial defense system toward oxidative stress	hslO	-	ko:K04083	-	ko00000,ko03110	HSP33
3225	GEA51279.1	1205908.AKXW01000023_gene862	1.19e-80	239.0	COG1188@1|root,COG1188@2|Bacteria,1MZR6@1224|Proteobacteria,1S8VU@1236|Gammaproteobacteria,1XXB2@135623|Vibrionales	implicated in the recycling of the	hslR	-	ko:K04762	-	ko00000,ko03110	S4
3225	GEA51280.1	1205908.AKXW01000023_gene863	3.23e-169	476.0	COG3031@1|root,COG3031@2|Bacteria,1RD3I@1224|Proteobacteria,1RQKA@1236|Gammaproteobacteria,1XU1I@135623|Vibrionales	general secretion pathway protein	epsC	GO:0002790,GO:0006810,GO:0008104,GO:0008150,GO:0009306,GO:0009987,GO:0015031,GO:0015833,GO:0032940,GO:0033036,GO:0042886,GO:0045184,GO:0046903,GO:0051179,GO:0051234,GO:0071702,GO:0071705	ko:K02452	ko03070,ko05111,map03070,map05111	ko00000,ko00001,ko00002,ko02044	T2SSC
3225	GEA51281.1	1205908.AKXW01000023_gene864	0.0	1202.0	COG1450@1|root,COG1450@2|Bacteria,1MUUA@1224|Proteobacteria,1RPJS@1236|Gammaproteobacteria,1XSIA@135623|Vibrionales	General secretion pathway protein	gspD	-	ko:K02453	ko03070,ko05111,map03070,map05111	ko00000,ko00001,ko00002,ko02044	Secretin,Secretin_N
3225	GEA51282.1	1205908.AKXW01000023_gene865	0.0	951.0	COG2804@1|root,COG2804@2|Bacteria,1MU7V@1224|Proteobacteria,1RMBS@1236|Gammaproteobacteria,1XTS6@135623|Vibrionales	COG2804 Type II secretory pathway, ATPase PulE Tfp pilus assembly pathway, ATPase PilB	epsE	-	ko:K02454	ko03070,ko05111,map03070,map05111	ko00000,ko00001,ko00002,ko02044	T2SSE
3225	GEA51283.1	1205908.AKXW01000023_gene866	6.76e-270	741.0	COG1459@1|root,COG1459@2|Bacteria,1MV4U@1224|Proteobacteria,1RQ86@1236|Gammaproteobacteria,1XTCY@135623|Vibrionales	general secretion pathway protein	epsF	GO:0002790,GO:0005575,GO:0005623,GO:0005886,GO:0006810,GO:0008104,GO:0008150,GO:0009306,GO:0009987,GO:0015031,GO:0015628,GO:0015833,GO:0016020,GO:0032940,GO:0033036,GO:0042886,GO:0044464,GO:0045184,GO:0046903,GO:0051179,GO:0051234,GO:0055085,GO:0071702,GO:0071705,GO:0071806,GO:0071944,GO:0098776	ko:K02455	ko03070,ko05111,map03070,map05111	ko00000,ko00001,ko00002,ko02044	T2SSF
3225	GEA51284.1	1205908.AKXW01000023_gene867	1.63e-97	284.0	COG2165@1|root,COG2165@2|Bacteria,1RDX2@1224|Proteobacteria,1S3VS@1236|Gammaproteobacteria,1XWYF@135623|Vibrionales	general secretion pathway protein	epsG	GO:0002790,GO:0006810,GO:0008104,GO:0008150,GO:0009306,GO:0009987,GO:0015031,GO:0015833,GO:0032940,GO:0033036,GO:0042886,GO:0045184,GO:0046903,GO:0051179,GO:0051234,GO:0071702,GO:0071705	ko:K02456	ko03070,ko05111,map03070,map05111	ko00000,ko00001,ko00002,ko02044	N_methyl,T2SSG
3225	GEA51285.1	1205908.AKXW01000023_gene868	3.87e-134	380.0	COG2165@1|root,COG2165@2|Bacteria,1N7HZ@1224|Proteobacteria,1SCWD@1236|Gammaproteobacteria,1XWQW@135623|Vibrionales	COG2165 Type II secretory pathway, pseudopilin PulG	epsH	GO:0002790,GO:0006810,GO:0008104,GO:0008150,GO:0009306,GO:0009987,GO:0015031,GO:0015833,GO:0032940,GO:0033036,GO:0042886,GO:0045184,GO:0046903,GO:0051179,GO:0051234,GO:0071702,GO:0071705	ko:K02457	ko03070,ko05111,map03070,map05111	ko00000,ko00001,ko00002,ko02044	GspH,N_methyl
3225	GEA51286.1	1205908.AKXW01000023_gene869	9.39e-71	214.0	COG2165@1|root,COG2165@2|Bacteria,1N737@1224|Proteobacteria,1SC8X@1236|Gammaproteobacteria,1XXW2@135623|Vibrionales	COG2165 Type II secretory pathway, pseudopilin PulG	epsI	GO:0002790,GO:0006810,GO:0008104,GO:0008150,GO:0009306,GO:0009987,GO:0015031,GO:0015833,GO:0032940,GO:0033036,GO:0042886,GO:0045184,GO:0046903,GO:0051179,GO:0051234,GO:0071702,GO:0071705	ko:K02458	ko03070,ko05111,map03070,map05111	ko00000,ko00001,ko00002,ko02044	N_methyl,T2SSI
3225	GEA51287.1	1205908.AKXW01000023_gene870	6.14e-147	414.0	COG4795@1|root,COG4795@2|Bacteria,1RJAE@1224|Proteobacteria,1S5ZZ@1236|Gammaproteobacteria,1XU01@135623|Vibrionales	general secretion pathway protein	epsJ	GO:0002790,GO:0006810,GO:0008104,GO:0008150,GO:0009306,GO:0009987,GO:0015031,GO:0015628,GO:0015833,GO:0032940,GO:0033036,GO:0042886,GO:0045184,GO:0046903,GO:0051179,GO:0051234,GO:0055085,GO:0071702,GO:0071705,GO:0071806,GO:0098776	ko:K02459	ko03070,ko05111,map03070,map05111	ko00000,ko00001,ko00002,ko02044	N_methyl,T2SSJ
3225	GEA51288.1	1205908.AKXW01000023_gene871	5e-229	632.0	COG3156@1|root,COG3156@2|Bacteria,1RC9P@1224|Proteobacteria,1T072@1236|Gammaproteobacteria,1XT6W@135623|Vibrionales	COG3156 Type II secretory pathway, component PulK	epsK	-	ko:K02460	ko03070,ko05111,map03070,map05111	ko00000,ko00001,ko00002,ko02044	T2SSK
3225	GEA51289.1	1205908.AKXW01000023_gene872	2.34e-247	684.0	COG3297@1|root,COG3297@2|Bacteria,1NVVW@1224|Proteobacteria,1S01F@1236|Gammaproteobacteria,1XUFK@135623|Vibrionales	Involved in a type II secretion system (T2SS, formerly general secretion pathway, GSP) for the export of proteins	gspL	GO:0002790,GO:0006810,GO:0008104,GO:0008150,GO:0009306,GO:0009987,GO:0015031,GO:0015833,GO:0032940,GO:0033036,GO:0042886,GO:0045184,GO:0046903,GO:0051179,GO:0051234,GO:0071702,GO:0071705	ko:K02461	ko03070,ko05111,map03070,map05111	ko00000,ko00001,ko00002,ko02044	GspL_C,T2SSL
3225	GEA51290.1	1205908.AKXW01000023_gene873	3.34e-112	322.0	COG3149@1|root,COG3149@2|Bacteria,1N8VZ@1224|Proteobacteria,1S8X3@1236|Gammaproteobacteria,1XU6P@135623|Vibrionales	Involved in a type II secretion system (T2SS, formerly general secretion pathway, GSP) for the export of proteins	epsM	GO:0008150,GO:0009405,GO:0044419,GO:0051704	ko:K02462	ko03070,ko05111,map03070,map05111	ko00000,ko00001,ko00002,ko02044	T2SSM
3225	GEA51291.1	1205908.AKXW01000023_gene874	1.56e-180	503.0	2CBG9@1|root,32RTB@2|Bacteria,1R86M@1224|Proteobacteria,1RNNN@1236|Gammaproteobacteria,1XV6Z@135623|Vibrionales	Type II secretion system (T2SS), protein N	epsN	GO:0002790,GO:0006810,GO:0008104,GO:0008150,GO:0009306,GO:0009987,GO:0015031,GO:0015833,GO:0032940,GO:0033036,GO:0042886,GO:0045184,GO:0046903,GO:0051179,GO:0051234,GO:0071702,GO:0071705	ko:K02463	ko05111,map05111	ko00000,ko00001,ko00002,ko02044	T2SSN
3225	GEA51292.1	1205908.AKXW01000023_gene875	4.09e-123	352.0	COG0494@1|root,COG0494@2|Bacteria,1RCX7@1224|Proteobacteria,1S3ZE@1236|Gammaproteobacteria,1XSE9@135623|Vibrionales	COG0494 NTP pyrophosphohydrolases including oxidative damage repair enzymes	nudE	-	ko:K08312	ko00230,map00230	ko00000,ko00001,ko01000	NUDIX
3225	GEA51293.1	1205908.AKXW01000023_gene876	1.25e-198	550.0	COG1218@1|root,COG1218@2|Bacteria,1N0GY@1224|Proteobacteria,1RP5A@1236|Gammaproteobacteria,1XUIT@135623|Vibrionales	COG1218 3'-Phosphoadenosine 5'-phosphosulfate (PAPS) 3'-phosphatase	cysQ	-	ko:K01082	ko00920,ko01100,ko01120,ko01130,map00920,map01100,map01120,map01130	ko00000,ko00001,ko01000,ko03016	Inositol_P
3225	GEA51294.1	1205908.AKXW01000023_gene877	1.04e-166	468.0	COG0596@1|root,COG0596@2|Bacteria,1QUBR@1224|Proteobacteria,1RSF9@1236|Gammaproteobacteria,1XSHE@135623|Vibrionales	The physiological role of BioH is to remove the methyl group introduced by BioC when the pimeloyl moiety is complete. It allows to synthesize pimeloyl-ACP via the fatty acid synthetic pathway through the hydrolysis of the ester bonds of pimeloyl-ACP esters	bioH	GO:0003674,GO:0003824,GO:0006082,GO:0006732,GO:0006766,GO:0006767,GO:0006768,GO:0006790,GO:0006807,GO:0008150,GO:0008152,GO:0009058,GO:0009102,GO:0009108,GO:0009110,GO:0009987,GO:0016053,GO:0016787,GO:0017144,GO:0018130,GO:0019752,GO:0032787,GO:0034641,GO:0042364,GO:0043436,GO:0043603,GO:0043604,GO:0044237,GO:0044249,GO:0044271,GO:0044272,GO:0044281,GO:0044283,GO:0046394,GO:0046483,GO:0051186,GO:0051188,GO:0071704,GO:0072330,GO:1901360,GO:1901362,GO:1901564,GO:1901566,GO:1901576	ko:K02170	ko00780,ko01100,map00780,map01100	ko00000,ko00001,ko00002,ko01000	Abhydrolase_1
3225	GEA51295.1	1205908.AKXW01000023_gene879	2.17e-134	381.0	COG0316@1|root,COG0694@1|root,COG0316@2|Bacteria,COG0694@2|Bacteria,1MU8Y@1224|Proteobacteria,1RN7J@1236|Gammaproteobacteria,1XSGB@135623|Vibrionales	Involved in iron-sulfur cluster biogenesis. Binds a 4Fe- 4S cluster, can transfer this cluster to apoproteins, and thereby intervenes in the maturation of Fe S proteins. Could also act as a scaffold chaperone for damaged Fe S proteins	nfuA	-	ko:K07400	-	ko00000	Fe-S_biosyn,NifU
3225	GEA51296.1	1205908.AKXW01000023_gene880	0.0	875.0	COG0642@1|root,COG2205@2|Bacteria,1MUAK@1224|Proteobacteria,1RPP2@1236|Gammaproteobacteria,1XSMP@135623|Vibrionales	Osmolarity sensor protein	envZ	-	ko:K07638	ko02020,ko02026,map02020,map02026	ko00000,ko00001,ko00002,ko01000,ko01001,ko02022	HAMP,HATPase_c,HisKA
3225	GEA51297.1	1205908.AKXW01000023_gene881	8.33e-167	466.0	COG0745@1|root,COG0745@2|Bacteria,1MY3D@1224|Proteobacteria,1RPKN@1236|Gammaproteobacteria,1XUWU@135623|Vibrionales	COG0745 Response regulators consisting of a CheY-like receiver domain and a winged-helix DNA-binding domain	ompR	-	ko:K07659	ko02020,ko02026,map02020,map02026	ko00000,ko00001,ko00002,ko02022	Response_reg,Trans_reg_C
3225	GEA51298.1	1205908.AKXW01000023_gene882	4.75e-112	322.0	COG0782@1|root,COG0782@2|Bacteria,1RAP0@1224|Proteobacteria,1S40Q@1236|Gammaproteobacteria,1XV4E@135623|Vibrionales	Necessary for efficient RNA polymerase transcription elongation past template-encoded arresting sites. The arresting sites in DNA have the property of trapping a certain fraction of elongating RNA polymerases that pass through, resulting in locked ternary complexes. Cleavage of the nascent transcript by cleavage factors such as GreA or GreB allows the resumption of elongation from the new 3'terminus. GreB releases sequences of up to 9 nucleotides in length	greB	-	ko:K04760	-	ko00000,ko03021	GreA_GreB,GreA_GreB_N
3225	GEA51299.1	1205908.AKXW01000023_gene883	0.0	1142.0	COG4067@1|root,COG4067@2|Bacteria,1N7Y2@1224|Proteobacteria,1SZUG@1236|Gammaproteobacteria,1Y2X3@135623|Vibrionales	Putative ATP-dependant zinc protease	-	-	-	-	-	Zn_protease
3225	GEA51300.1	1205908.AKXW01000023_gene884	0.0	1412.0	COG2183@1|root,COG2183@2|Bacteria,1MUA7@1224|Proteobacteria,1RMNH@1236|Gammaproteobacteria,1XTBQ@135623|Vibrionales	accessory protein	yhgF	-	ko:K06959	-	ko00000	HHH_3,S1,Tex_N,Tex_YqgF
3225	GEA51301.1	1205908.AKXW01000023_gene885	0.0	1298.0	COG1200@1|root,COG1200@2|Bacteria,1MWN2@1224|Proteobacteria,1RMMQ@1236|Gammaproteobacteria,1XUQ6@135623|Vibrionales	Critical role in recombination and DNA repair. Helps process Holliday junction intermediates to mature products by catalyzing branch migration. Has a DNA unwinding activity characteristic of a DNA helicase with a 3'- to 5'- polarity. Unwinds branched duplex DNA (Y-DNA)	recG	-	ko:K03655	ko03440,map03440	ko00000,ko00001,ko01000,ko03400	DEAD,Helicase_C,RecG_wedge
3225	GEA51302.1	1136163.M565_ctg4P451	1.61e-48	154.0	COG0227@1|root,COG0227@2|Bacteria,1MZ57@1224|Proteobacteria,1S8UG@1236|Gammaproteobacteria,1XYCP@135623|Vibrionales	Belongs to the bacterial ribosomal protein bL28 family	rpmB	GO:0003674,GO:0003735,GO:0005198,GO:0005575,GO:0005622,GO:0005623,GO:0005737,GO:0005829,GO:0005840,GO:0006412,GO:0006518,GO:0006807,GO:0008150,GO:0008152,GO:0009058,GO:0009059,GO:0009987,GO:0010467,GO:0015934,GO:0019538,GO:0022625,GO:0022626,GO:0032991,GO:0034641,GO:0034645,GO:0043043,GO:0043170,GO:0043226,GO:0043228,GO:0043229,GO:0043232,GO:0043603,GO:0043604,GO:0044237,GO:0044238,GO:0044249,GO:0044260,GO:0044267,GO:0044271,GO:0044391,GO:0044422,GO:0044424,GO:0044444,GO:0044445,GO:0044446,GO:0044464,GO:0071704,GO:1901564,GO:1901566,GO:1901576,GO:1990904	ko:K02902	ko03010,map03010	br01610,ko00000,ko00001,ko00002,ko03011	Ribosomal_L28
3225	GEA51303.1	1205908.AKXW01000023_gene888	2.02e-32	112.0	COG0267@1|root,COG0267@2|Bacteria,1N6QV@1224|Proteobacteria,1SCEJ@1236|Gammaproteobacteria,1XYW1@135623|Vibrionales	Belongs to the bacterial ribosomal protein bL33 family	rpmG	GO:0003674,GO:0003735,GO:0005198,GO:0005575,GO:0005622,GO:0005623,GO:0005737,GO:0005829,GO:0005840,GO:0006412,GO:0006518,GO:0006807,GO:0008150,GO:0008152,GO:0009058,GO:0009059,GO:0009987,GO:0010467,GO:0015934,GO:0019538,GO:0022625,GO:0022626,GO:0032991,GO:0034641,GO:0034645,GO:0043043,GO:0043170,GO:0043226,GO:0043228,GO:0043229,GO:0043232,GO:0043603,GO:0043604,GO:0044237,GO:0044238,GO:0044249,GO:0044260,GO:0044267,GO:0044271,GO:0044391,GO:0044422,GO:0044424,GO:0044444,GO:0044445,GO:0044446,GO:0044464,GO:0071704,GO:1901564,GO:1901566,GO:1901576,GO:1990904	ko:K02913	ko03010,map03010	br01610,ko00000,ko00001,ko00002,ko03011	Ribosomal_L33
3225	GEA51304.1	1205908.AKXW01000023_gene889	3.99e-188	523.0	COG0266@1|root,COG0266@2|Bacteria,1MVM5@1224|Proteobacteria,1RP3J@1236|Gammaproteobacteria,1XSAC@135623|Vibrionales	Involved in base excision repair of DNA damaged by oxidation or by mutagenic agents. Acts as DNA glycosylase that recognizes and removes damaged bases. Has a preference for oxidized purines, such as 7,8-dihydro-8-oxoguanine (8-oxoG). Has AP (apurinic apyrimidinic) lyase activity and introduces nicks in the DNA strand. Cleaves the DNA backbone by beta-delta elimination to generate a single-strand break at the site of the removed base with both 3'- and 5'-phosphates	fpg	GO:0006139,GO:0006259,GO:0006281,GO:0006725,GO:0006807,GO:0006950,GO:0006974,GO:0008150,GO:0008152,GO:0009987,GO:0033554,GO:0034641,GO:0043170,GO:0044237,GO:0044238,GO:0044260,GO:0046483,GO:0050896,GO:0051716,GO:0071704,GO:0090304,GO:1901360	ko:K10563	ko03410,map03410	ko00000,ko00001,ko01000,ko03400	Fapy_DNA_glyco,H2TH,zf-FPG_IleRS
3225	GEA51305.1	1205908.AKXW01000023_gene891	1.16e-241	664.0	COG0451@1|root,COG0451@2|Bacteria,1MU7J@1224|Proteobacteria,1RPTA@1236|Gammaproteobacteria,1XTE0@135623|Vibrionales	COG0451 Nucleoside-diphosphate-sugar epimerases	-	-	ko:K08679	ko00520,ko01100,map00520,map01100	ko00000,ko00001,ko01000	GDP_Man_Dehyd
3225	GEA51306.1	1205908.AKXW01000023_gene893	2.21e-104	302.0	COG0669@1|root,COG0669@2|Bacteria,1RD9F@1224|Proteobacteria,1S41J@1236|Gammaproteobacteria,1XUJI@135623|Vibrionales	Reversibly transfers an adenylyl group from ATP to 4'- phosphopantetheine, yielding dephospho-CoA (dPCoA) and pyrophosphate	coaD	GO:0003674,GO:0003824,GO:0004595,GO:0006139,GO:0006163,GO:0006164,GO:0006725,GO:0006732,GO:0006753,GO:0006793,GO:0006796,GO:0006807,GO:0008150,GO:0008152,GO:0009058,GO:0009108,GO:0009117,GO:0009150,GO:0009152,GO:0009165,GO:0009259,GO:0009260,GO:0009987,GO:0015936,GO:0015937,GO:0016740,GO:0016772,GO:0016779,GO:0018130,GO:0019438,GO:0019637,GO:0019693,GO:0033865,GO:0033866,GO:0033875,GO:0034030,GO:0034032,GO:0034033,GO:0034641,GO:0034654,GO:0044237,GO:0044238,GO:0044249,GO:0044271,GO:0044281,GO:0046390,GO:0046483,GO:0051186,GO:0051188,GO:0055086,GO:0070566,GO:0071704,GO:0072521,GO:0072522,GO:0090407,GO:1901135,GO:1901137,GO:1901293,GO:1901360,GO:1901362,GO:1901564,GO:1901566,GO:1901576	ko:K00954	ko00770,ko01100,map00770,map01100	ko00000,ko00001,ko00002,ko01000	CTP_transf_like
3225	GEA51307.1	675814.VIC_005062	4.23e-173	492.0	COG0859@1|root,COG0859@2|Bacteria,1MYZA@1224|Proteobacteria,1RR6K@1236|Gammaproteobacteria,1XSR4@135623|Vibrionales	COG0859 ADP-heptose LPS heptosyltransferase	-	-	ko:K12982	-	ko00000,ko01000,ko01003,ko01005	Glyco_transf_9
3225	GEA51308.1	1205908.AKXW01000023_gene895	6.01e-153	431.0	COG3642@1|root,COG3642@2|Bacteria,1RDW7@1224|Proteobacteria,1S46R@1236|Gammaproteobacteria,1XT1W@135623|Vibrionales	Catalyzes the ATP-dependent phosphorylation of the 3- deoxy-D-manno-octulosonic acid (Kdo) residue in Kdo-lipid IV(A) at the 4-OH position	kdkA	-	ko:K11211	ko00540,map00540	ko00000,ko00001,ko01000	Kdo
3225	GEA51309.1	1205908.AKXW01000023_gene896	1.69e-241	671.0	COG1519@1|root,COG1519@2|Bacteria,1MU9F@1224|Proteobacteria,1RNBR@1236|Gammaproteobacteria,1XTJM@135623|Vibrionales	3-deoxy-D-manno-octulosonic-acid transferase	kdtA	-	ko:K02527	ko00540,ko01100,map00540,map01100	ko00000,ko00001,ko00002,ko01000,ko01003,ko01005	Glycos_transf_1,Glycos_transf_N
3225	GEA51310.1	1265503.KB905167_gene1597	7.99e-49	170.0	COG0463@1|root,COG0463@2|Bacteria	Glycosyl transferase, family 2	-	-	-	-	-	F5_F8_type_C,Glyco_tranf_2_4,Glycos_transf_2,RGP
3225	GEA51311.1	617140.AJZE01000062_gene2956	1.29e-188	532.0	COG0438@1|root,COG0438@2|Bacteria,1PDW1@1224|Proteobacteria,1RZIK@1236|Gammaproteobacteria,1XSYC@135623|Vibrionales	Glycosyl transferases group 1	-	-	-	-	-	Glyco_transf_4,Glycos_transf_1
3225	GEA51312.1	338966.Ppro_2756	5.12e-104	320.0	2AK27@1|root,31ARV@2|Bacteria,1NMHV@1224|Proteobacteria	-	-	-	-	-	-	-
3225	GEA51313.1	1136163.M565_ctg4P461	1.02e-114	337.0	COG0463@1|root,COG0463@2|Bacteria,1PVP4@1224|Proteobacteria,1RQUH@1236|Gammaproteobacteria,1XUS5@135623|Vibrionales	COG0463 Glycosyltransferases involved in cell wall biogenesis	-	-	ko:K12984	-	ko00000,ko01000,ko01003,ko01005,ko02000	Glycos_transf_2
3225	GEA51314.1	754436.JCM19237_4847	6.02e-140	408.0	COG1887@1|root,COG1887@2|Bacteria,1R4G5@1224|Proteobacteria,1RNVW@1236|Gammaproteobacteria,1XUDE@135623|Vibrionales	Glycosyl glycerophosphate transferases involved in teichoic acid biosynthesis TagF TagB EpsJ RodC	-	-	-	-	-	Epimerase_2,Glyphos_transf
3225	GEA51315.1	298386.PBPRA0214	2.97e-101	306.0	COG2327@1|root,COG2327@2|Bacteria,1RBBM@1224|Proteobacteria,1S4KJ@1236|Gammaproteobacteria,1XXI0@135623|Vibrionales	Polysaccharide pyruvyl transferase	-	-	-	-	-	PS_pyruv_trans
3225	GEA51316.1	637905.SVI_0100	3.58e-81	252.0	COG1215@1|root,COG1215@2|Bacteria,1R6YR@1224|Proteobacteria,1RRS4@1236|Gammaproteobacteria,2QB1S@267890|Shewanellaceae	N-terminal domain of galactosyltransferase	gt2F	-	-	-	-	Glyco_transf_7C,Glycos_transf_2
3225	GEA51317.1	1123008.KB905692_gene333	9.23e-41	151.0	COG0438@1|root,COG0438@2|Bacteria,4PM8B@976|Bacteroidetes,2FX0I@200643|Bacteroidia	Stealth protein CR1, conserved region 1	-	-	-	-	-	Stealth_CR1,Stealth_CR2
3225	GEA51318.1	754436.JCM19237_4852	1.27e-06	55.8	COG3307@1|root,COG3307@2|Bacteria,1R8PC@1224|Proteobacteria,1RYYV@1236|Gammaproteobacteria,1XWTS@135623|Vibrionales	COG3307 Lipid A core - O-antigen ligase and related enzymes	waaL	-	ko:K02847	ko00540,ko01100,map00540,map01100	ko00000,ko00001,ko00002,ko01000,ko01005,ko02000	Wzy_C
3225	GEA51320.1	1219072.VHA01S_003_00520	1.27e-191	536.0	COG1560@1|root,COG1560@2|Bacteria,1N9ZJ@1224|Proteobacteria,1RRI7@1236|Gammaproteobacteria,1XTMN@135623|Vibrionales	Catalyzes the transfer of myristate from myristoyl-acyl carrier protein (ACP) to Kdo(2)-(lauroyl)-lipid IV(A) to form Kdo(2)-lipid A	lpxM	-	ko:K02560	ko00540,ko01100,map00540,map01100	ko00000,ko00001,ko00002,ko01000,ko01005	Lip_A_acyltrans
3225	GEA51321.1	1205908.AKXW01000023_gene906	1.05e-222	614.0	COG0451@1|root,COG0451@2|Bacteria,1MVE4@1224|Proteobacteria,1RP2S@1236|Gammaproteobacteria,1XTH4@135623|Vibrionales	Catalyzes the interconversion between ADP-D-glycero- beta-D-manno-heptose and ADP-L-glycero-beta-D-manno-heptose via an epimerization at carbon 6 of the heptose	hldD	GO:0000271,GO:0003674,GO:0003824,GO:0005975,GO:0005976,GO:0006629,GO:0008150,GO:0008152,GO:0008610,GO:0008653,GO:0008712,GO:0009058,GO:0009059,GO:0009103,GO:0009244,GO:0009311,GO:0009312,GO:0009987,GO:0016051,GO:0016853,GO:0016854,GO:0016857,GO:0033692,GO:0034637,GO:0034645,GO:0043170,GO:0044237,GO:0044238,GO:0044249,GO:0044255,GO:0044260,GO:0044262,GO:0044264,GO:0046401,GO:0071704,GO:1901135,GO:1901137,GO:1901576,GO:1903509	ko:K03274	ko00540,ko01100,map00540,map01100	ko00000,ko00001,ko00002,ko01000,ko01005	Epimerase
3225	GEA51322.1	1205908.AKXW01000023_gene907	6.1e-230	638.0	COG3765@1|root,COG3765@2|Bacteria,1MXGW@1224|Proteobacteria,1RPE4@1236|Gammaproteobacteria,1XVU7@135623|Vibrionales	Chain length determinant protein	-	-	-	-	-	GNVR,Wzz
3225	GEA51323.1	1205908.AKXW01000019_gene1069	4.7e-299	818.0	COG1220@1|root,COG1220@2|Bacteria,1MVK9@1224|Proteobacteria,1RMYV@1236|Gammaproteobacteria,1XSGN@135623|Vibrionales	this subunit has chaperone activity. The binding of ATP and its subsequent hydrolysis by HslU are essential for unfolding of protein substrates subsequently hydrolyzed by HslV. HslU recognizes the N-terminal part of its protein substrates and unfolds these before they are guided to HslV for hydrolysis	hslU	GO:0003674,GO:0003824,GO:0006508,GO:0006807,GO:0008150,GO:0008152,GO:0008233,GO:0016787,GO:0019538,GO:0043170,GO:0044238,GO:0071704,GO:0140096,GO:1901564	ko:K03667	-	ko00000,ko03110	AAA_2,ClpB_D2-small
3225	GEA51324.1	1205908.AKXW01000019_gene1068	1.9e-115	331.0	COG5405@1|root,COG5405@2|Bacteria,1MVF2@1224|Proteobacteria,1RP7P@1236|Gammaproteobacteria,1XUBK@135623|Vibrionales	Protease subunit of a proteasome-like degradation complex believed to be a general protein degrading machinery	hslV	GO:0003674,GO:0003824,GO:0006508,GO:0006807,GO:0008150,GO:0008152,GO:0008233,GO:0016787,GO:0019538,GO:0043170,GO:0044238,GO:0071704,GO:0140096,GO:1901564	ko:K01419	-	ko00000,ko01000,ko01002	Proteasome
3225	GEA51325.1	1205908.AKXW01000019_gene1067	7.33e-115	330.0	COG3087@1|root,COG3087@2|Bacteria,1PWIT@1224|Proteobacteria,1RNC1@1236|Gammaproteobacteria,1XVV0@135623|Vibrionales	cell division protein	ftsN	-	ko:K03591	-	ko00000,ko03036	SPOR
3225	GEA51326.1	1205908.AKXW01000019_gene1066	3.42e-234	645.0	COG1609@1|root,COG1609@2|Bacteria,1MVUR@1224|Proteobacteria,1RN8T@1236|Gammaproteobacteria,1XTP1@135623|Vibrionales	transcriptional	cytR	-	ko:K05499	-	ko00000,ko03000	LacI,Peripla_BP_3
3225	GEA51327.1	1205908.AKXW01000019_gene1065	0.0	1428.0	COG1198@1|root,COG1198@2|Bacteria,1MUUZ@1224|Proteobacteria,1RPZ7@1236|Gammaproteobacteria,1XT0R@135623|Vibrionales	Involved in the restart of stalled replication forks. Recognizes and binds the arrested nascent DNA chain at stalled replication forks. It can open the DNA duplex, via its helicase activity, and promote assembly of the primosome and loading of the major replicative helicase DnaB onto DNA	priA	-	ko:K04066	ko03440,map03440	ko00000,ko00001,ko01000,ko03400	DEAD,Helicase_C
3225	GEA51328.1	1136163.M565_ctg4P164	9e-50	157.0	COG0254@1|root,COG0254@2|Bacteria,1MZ69@1224|Proteobacteria,1SCMH@1236|Gammaproteobacteria,1XYA1@135623|Vibrionales	Binds the 23S rRNA	rpmE	GO:0003674,GO:0003735,GO:0005198,GO:0005575,GO:0005622,GO:0005623,GO:0005737,GO:0005829,GO:0005840,GO:0006412,GO:0006518,GO:0006807,GO:0008150,GO:0008152,GO:0009058,GO:0009059,GO:0009987,GO:0010467,GO:0015934,GO:0019538,GO:0022625,GO:0022626,GO:0032991,GO:0034641,GO:0034645,GO:0043043,GO:0043170,GO:0043226,GO:0043228,GO:0043229,GO:0043232,GO:0043603,GO:0043604,GO:0044237,GO:0044238,GO:0044249,GO:0044260,GO:0044267,GO:0044271,GO:0044391,GO:0044422,GO:0044424,GO:0044444,GO:0044445,GO:0044446,GO:0044464,GO:0071704,GO:1901564,GO:1901566,GO:1901576,GO:1990904	ko:K02909	ko03010,map03010	br01610,ko00000,ko00001,ko00002,ko03011	Ribosomal_L31
3225	GEA51329.1	1205908.AKXW01000019_gene1063	5.93e-299	816.0	COG0281@1|root,COG0281@2|Bacteria,1MU0A@1224|Proteobacteria,1RN5F@1236|Gammaproteobacteria,1XSB5@135623|Vibrionales	malic enzyme	maeB	-	ko:K00029	ko00620,ko00710,ko01100,ko01120,ko01200,map00620,map00710,map01100,map01120,map01200	ko00000,ko00001,ko00002,ko01000	Malic_M,malic
3225	GEA51330.1	1205908.AKXW01000019_gene1062	4.22e-70	211.0	COG3060@1|root,COG3060@2|Bacteria,1RH3B@1224|Proteobacteria,1S5ZV@1236|Gammaproteobacteria,1XX9T@135623|Vibrionales	This regulatory protein, when combined with SAM (S- adenosylmethionine) represses the expression of the methionine regulon and of enzymes involved in SAM synthesis	metJ	GO:0000096,GO:0003674,GO:0003700,GO:0006082,GO:0006355,GO:0006520,GO:0006555,GO:0006790,GO:0006807,GO:0008150,GO:0008152,GO:0009066,GO:0009889,GO:0009987,GO:0010468,GO:0010556,GO:0019219,GO:0019222,GO:0019752,GO:0031323,GO:0031326,GO:0043436,GO:0044237,GO:0044238,GO:0044281,GO:0050789,GO:0050794,GO:0051171,GO:0051252,GO:0060255,GO:0065007,GO:0071704,GO:0080090,GO:0140110,GO:1901564,GO:1901605,GO:1903506,GO:2000112,GO:2001141	ko:K03764	-	ko00000,ko03000	MetJ
3225	GEA51331.1	1205908.AKXW01000019_gene1061	5.91e-280	765.0	COG0626@1|root,COG0626@2|Bacteria,1MU57@1224|Proteobacteria,1RMCV@1236|Gammaproteobacteria,1XSFT@135623|Vibrionales	COG0626 Cystathionine beta-lyases cystathionine gamma-synthases	metB	-	ko:K01739	ko00270,ko00450,ko00920,ko01100,ko01110,ko01130,ko01230,map00270,map00450,map00920,map01100,map01110,map01130,map01230	ko00000,ko00001,ko00002,ko01000	Cys_Met_Meta_PP
3225	GEA51332.1	1205908.AKXW01000019_gene1060	0.0	1513.0	COG0460@1|root,COG0527@1|root,COG0460@2|Bacteria,COG0527@2|Bacteria,1MW3H@1224|Proteobacteria,1RN1G@1236|Gammaproteobacteria,1XSVP@135623|Vibrionales	Bifunctional aspartate kinase II homoserine dehydrogenase II	metL	-	ko:K12525	ko00260,ko00261,ko00270,ko00300,ko01100,ko01110,ko01120,ko01130,ko01230,map00260,map00261,map00270,map00300,map01100,map01110,map01120,map01130,map01230	ko00000,ko00001,ko00002,ko01000	AA_kinase,Homoserine_dh,NAD_binding_3
3225	GEA51333.1	1205908.AKXW01000019_gene1059	1.08e-217	600.0	COG0685@1|root,COG0685@2|Bacteria,1MUC9@1224|Proteobacteria,1RMXS@1236|Gammaproteobacteria,1XSQ3@135623|Vibrionales	reductase	metF	-	ko:K00297	ko00670,ko00720,ko01100,ko01120,ko01200,ko01523,map00670,map00720,map01100,map01120,map01200,map01523	ko00000,ko00001,ko00002,ko01000	MTHFR
3225	GEA51334.1	1205908.AKXW01000019_gene1058	3.7e-123	351.0	COG1695@1|root,COG1695@2|Bacteria,1MZYS@1224|Proteobacteria,1S9RS@1236|Gammaproteobacteria,1XV2U@135623|Vibrionales	transcriptional regulators	aphA	-	ko:K10917	ko02024,ko05111,map02024,map05111	ko00000,ko00001,ko03000	PadR,Vir_act_alpha_C
3225	GEA51335.1	1205908.AKXW01000019_gene1057	0.0	1713.0	COG2352@1|root,COG2352@2|Bacteria,1MUD5@1224|Proteobacteria,1RPTP@1236|Gammaproteobacteria,1XUG5@135623|Vibrionales	Forms oxaloacetate, a four-carbon dicarboxylic acid source for the tricarboxylic acid cycle	ppc	GO:0003674,GO:0003824,GO:0004611,GO:0005575,GO:0005622,GO:0005623,GO:0005737,GO:0005829,GO:0006082,GO:0006091,GO:0006099,GO:0006101,GO:0008150,GO:0008152,GO:0008964,GO:0009060,GO:0009987,GO:0015980,GO:0016829,GO:0016830,GO:0016831,GO:0016999,GO:0017144,GO:0019752,GO:0043436,GO:0044237,GO:0044238,GO:0044281,GO:0044424,GO:0044444,GO:0044464,GO:0045333,GO:0055114,GO:0071704,GO:0072350	ko:K01595	ko00620,ko00680,ko00710,ko00720,ko01100,ko01120,ko01200,map00620,map00680,map00710,map00720,map01100,map01120,map01200	ko00000,ko00001,ko00002,ko01000	PEPcase
3225	GEA51336.1	1205908.AKXW01000019_gene1056	2.73e-285	778.0	COG0624@1|root,COG0624@2|Bacteria,1MVBR@1224|Proteobacteria,1RNDG@1236|Gammaproteobacteria,1XVA2@135623|Vibrionales	Belongs to the peptidase M20A family. ArgE subfamily	argE	GO:0003674,GO:0003824,GO:0006082,GO:0006520,GO:0006525,GO:0006526,GO:0006807,GO:0008150,GO:0008152,GO:0008652,GO:0008777,GO:0009058,GO:0009064,GO:0009084,GO:0009987,GO:0016053,GO:0016787,GO:0016810,GO:0016811,GO:0019213,GO:0019752,GO:0043436,GO:0044237,GO:0044238,GO:0044249,GO:0044281,GO:0044283,GO:0046394,GO:0071704,GO:1901564,GO:1901566,GO:1901576,GO:1901605,GO:1901607	ko:K01438	ko00220,ko01100,ko01110,ko01130,ko01210,ko01230,map00220,map01100,map01110,map01130,map01210,map01230	ko00000,ko00001,ko00002,ko01000	M20_dimer,Peptidase_M20
3225	GEA51337.1	1205908.AKXW01000019_gene1055	6.14e-235	647.0	COG0002@1|root,COG0002@2|Bacteria,1MVJ6@1224|Proteobacteria,1RNMX@1236|Gammaproteobacteria,1XSZ0@135623|Vibrionales	Catalyzes the NADPH-dependent reduction of N-acetyl-5- glutamyl phosphate to yield N-acetyl-L-glutamate 5-semialdehyde	argC	GO:0003674,GO:0003824,GO:0003942,GO:0006082,GO:0006520,GO:0006525,GO:0006526,GO:0006807,GO:0008150,GO:0008152,GO:0008652,GO:0009058,GO:0009064,GO:0009084,GO:0009987,GO:0016053,GO:0016491,GO:0016620,GO:0016903,GO:0019752,GO:0043436,GO:0044237,GO:0044238,GO:0044249,GO:0044281,GO:0044283,GO:0046394,GO:0055114,GO:0071704,GO:1901564,GO:1901566,GO:1901576,GO:1901605,GO:1901607	ko:K00145	ko00220,ko01100,ko01110,ko01130,ko01210,ko01230,map00220,map01100,map01110,map01130,map01210,map01230	ko00000,ko00001,ko00002,ko01000	Semialdhyde_dh,Semialdhyde_dhC
3225	GEA51338.1	1205908.AKXW01000019_gene1054	5.66e-170	476.0	COG0548@1|root,COG0548@2|Bacteria,1MU17@1224|Proteobacteria,1RNKK@1236|Gammaproteobacteria,1XSF2@135623|Vibrionales	Belongs to the acetylglutamate kinase family. ArgB subfamily	argB	GO:0003674,GO:0003824,GO:0003991,GO:0005488,GO:0006082,GO:0006520,GO:0006525,GO:0006526,GO:0006793,GO:0006796,GO:0006807,GO:0008150,GO:0008152,GO:0008652,GO:0009058,GO:0009064,GO:0009084,GO:0009987,GO:0016053,GO:0016301,GO:0016310,GO:0016597,GO:0016740,GO:0016772,GO:0016774,GO:0019752,GO:0031406,GO:0034618,GO:0036094,GO:0043167,GO:0043168,GO:0043169,GO:0043177,GO:0043436,GO:0044237,GO:0044238,GO:0044249,GO:0044281,GO:0044283,GO:0046394,GO:0071704,GO:1901564,GO:1901566,GO:1901576,GO:1901605,GO:1901607	ko:K00930	ko00220,ko01100,ko01110,ko01130,ko01210,ko01230,map00220,map01100,map01110,map01130,map01210,map01230	ko00000,ko00001,ko00002,ko01000	AA_kinase
3225	GEA51339.1	1205908.AKXW01000019_gene1053	2.47e-292	798.0	COG0137@1|root,COG0137@2|Bacteria,1MV0Y@1224|Proteobacteria,1RMEC@1236|Gammaproteobacteria,1XU2D@135623|Vibrionales	Belongs to the argininosuccinate synthase family. Type 1 subfamily	argG	GO:0000050,GO:0000053,GO:0003674,GO:0003824,GO:0004055,GO:0005575,GO:0005622,GO:0005623,GO:0005737,GO:0006082,GO:0006520,GO:0006525,GO:0006526,GO:0006575,GO:0006807,GO:0008150,GO:0008152,GO:0008652,GO:0009058,GO:0009064,GO:0009084,GO:0009987,GO:0016053,GO:0016874,GO:0016879,GO:0019627,GO:0019752,GO:0034641,GO:0043436,GO:0043603,GO:0043604,GO:0044237,GO:0044238,GO:0044249,GO:0044271,GO:0044281,GO:0044283,GO:0044424,GO:0044464,GO:0046394,GO:0071704,GO:0071941,GO:0072350,GO:1901564,GO:1901566,GO:1901576,GO:1901605,GO:1901607	ko:K01940	ko00220,ko00250,ko01100,ko01110,ko01130,ko01230,ko05418,map00220,map00250,map01100,map01110,map01130,map01230,map05418	ko00000,ko00001,ko00002,ko01000,ko04147	Arginosuc_synth
3225	GEA51340.1	1205908.AKXW01000019_gene1052	0.0	1224.0	COG0165@1|root,COG1246@1|root,COG0165@2|Bacteria,COG1246@2|Bacteria,1MUTU@1224|Proteobacteria,1RMA3@1236|Gammaproteobacteria,1XSAT@135623|Vibrionales	belongs to the lyase 1 family. Argininosuccinate lyase subfamily	argH	GO:0003674,GO:0003824,GO:0004056,GO:0005575,GO:0005622,GO:0005623,GO:0005737,GO:0006082,GO:0006520,GO:0006525,GO:0006526,GO:0006591,GO:0006807,GO:0008150,GO:0008152,GO:0008652,GO:0009058,GO:0009064,GO:0009084,GO:0009987,GO:0016053,GO:0016829,GO:0016840,GO:0016842,GO:0019752,GO:0042450,GO:0043436,GO:0044237,GO:0044238,GO:0044249,GO:0044281,GO:0044283,GO:0044424,GO:0044464,GO:0046394,GO:0071704,GO:1901564,GO:1901566,GO:1901576,GO:1901605,GO:1901607	ko:K14681	ko00220,ko00250,ko01100,ko01110,ko01130,ko01210,ko01230,map00220,map00250,map01100,map01110,map01130,map01210,map01230	ko00000,ko00001,ko00002,ko01000	ASL_C2,Acetyltransf_1,Lyase_1
3225	GEA51341.1	1205908.AKXW01000019_gene1051	6.44e-72	216.0	COG0251@1|root,COG0251@2|Bacteria,1MZ5K@1224|Proteobacteria,1S5WM@1236|Gammaproteobacteria,1XXB5@135623|Vibrionales	translation initiation inhibitor, yjgF family	-	-	-	-	-	Ribonuc_L-PSP
3225	GEA51342.1	1205908.AKXW01000019_gene1050	0.0	949.0	COG1249@1|root,COG1249@2|Bacteria,1MXQ3@1224|Proteobacteria,1RQ44@1236|Gammaproteobacteria,1XUDY@135623|Vibrionales	COG1249 Pyruvate 2-oxoglutarate dehydrogenase complex, dihydrolipoamide dehydrogenase (E3) component, and related enzymes	-	-	ko:K00382	ko00010,ko00020,ko00260,ko00280,ko00620,ko00630,ko00640,ko01100,ko01110,ko01120,ko01130,ko01200,map00010,map00020,map00260,map00280,map00620,map00630,map00640,map01100,map01110,map01120,map01130,map01200	br01601,ko00000,ko00001,ko00002,ko01000,ko04147	Pyr_redox_2,Pyr_redox_dim
3225	GEA51343.1	1205908.AKXW01000019_gene1049	4.14e-173	483.0	COG0678@1|root,COG0695@1|root,COG0678@2|Bacteria,COG0695@2|Bacteria,1MU0H@1224|Proteobacteria,1RRFB@1236|Gammaproteobacteria,1XSPT@135623|Vibrionales	Peroxiredoxin family protein glutaredoxin	-	-	-	-	-	Glutaredoxin,Redoxin
3225	GEA51344.1	1205908.AKXW01000019_gene1048	2.33e-205	568.0	COG0583@1|root,COG0583@2|Bacteria,1MVA1@1224|Proteobacteria,1RPAJ@1236|Gammaproteobacteria,1XSJB@135623|Vibrionales	COG0583 Transcriptional regulator	oxyR	-	ko:K04761	ko02026,map02026	ko00000,ko00001,ko03000	HTH_1,LysR_substrate
3225	GEA51345.1	1205908.AKXW01000019_gene1047	0.0	1691.0	COG5009@1|root,COG5009@2|Bacteria,1MU5A@1224|Proteobacteria,1RM7J@1236|Gammaproteobacteria,1XT2B@135623|Vibrionales	COG5009 Membrane carboxypeptidase penicillin-binding protein	mrcA	GO:0000270,GO:0003674,GO:0003824,GO:0006022,GO:0006023,GO:0006024,GO:0006807,GO:0008150,GO:0008152,GO:0009058,GO:0009059,GO:0009252,GO:0009273,GO:0009987,GO:0030203,GO:0034645,GO:0042546,GO:0043170,GO:0044036,GO:0044038,GO:0044085,GO:0044237,GO:0044249,GO:0044260,GO:0070589,GO:0071554,GO:0071704,GO:0071840,GO:1901135,GO:1901137,GO:1901564,GO:1901566,GO:1901576	ko:K05366	ko00550,ko01100,ko01501,map00550,map01100,map01501	ko00000,ko00001,ko01000,ko01003,ko01011	PCB_OB,Transgly,Transpeptidase
3225	GEA51346.1	1205908.AKXW01000019_gene1046	6.82e-73	229.0	2BHF6@1|root,32BH8@2|Bacteria,1QKC3@1224|Proteobacteria,1TIFM@1236|Gammaproteobacteria,1XZ1H@135623|Vibrionales	-	-	-	-	-	-	-
3225	GEA51347.1	1205908.AKXW01000019_gene1045	4.49e-90	268.0	2AWIC@1|root,31NEX@2|Bacteria,1QK61@1224|Proteobacteria,1TI98@1236|Gammaproteobacteria,1XYPC@135623|Vibrionales	-	-	-	ko:K02663	-	ko00000,ko02035,ko02044	-
3225	GEA51348.1	1205908.AKXW01000019_gene1044	1.48e-65	205.0	2AWNW@1|root,31NJP@2|Bacteria,1QKAD@1224|Proteobacteria,1TIDX@1236|Gammaproteobacteria,1XYYC@135623|Vibrionales	-	-	-	-	-	-	-
3225	GEA51349.1	1205908.AKXW01000019_gene1043	1.68e-228	634.0	COG4796@1|root,COG4796@2|Bacteria,1QTT6@1224|Proteobacteria,1RN3Z@1236|Gammaproteobacteria,1XSBC@135623|Vibrionales	COG4796 Type II secretory pathway, component HofQ	pilQ	-	ko:K02666	-	ko00000,ko02035,ko02044	STN,Secretin,Secretin_N
3225	GEA51350.1	1219072.VHA01S_003_00900	9.09e-113	324.0	COG0703@1|root,COG0703@2|Bacteria,1MUFJ@1224|Proteobacteria,1RPF6@1236|Gammaproteobacteria,1XTR6@135623|Vibrionales	Catalyzes the specific phosphorylation of the 3-hydroxyl group of shikimic acid using ATP as a cosubstrate	aroK	GO:0000287,GO:0003674,GO:0003824,GO:0004765,GO:0005488,GO:0006082,GO:0006520,GO:0006725,GO:0006793,GO:0006796,GO:0006807,GO:0008150,GO:0008152,GO:0008652,GO:0009058,GO:0009072,GO:0009073,GO:0009423,GO:0009987,GO:0016053,GO:0016301,GO:0016310,GO:0016740,GO:0016772,GO:0016773,GO:0019438,GO:0019632,GO:0019752,GO:0032787,GO:0043167,GO:0043169,GO:0043436,GO:0043648,GO:0043650,GO:0044237,GO:0044238,GO:0044249,GO:0044281,GO:0044283,GO:0046394,GO:0046417,GO:0046872,GO:0071704,GO:1901360,GO:1901362,GO:1901564,GO:1901566,GO:1901576,GO:1901615	ko:K00891	ko00400,ko01100,ko01110,ko01130,ko01230,map00400,map01100,map01110,map01130,map01230	ko00000,ko00001,ko00002,ko01000	SKI
3225	GEA51351.1	1205908.AKXW01000019_gene1041	1.57e-258	709.0	COG0337@1|root,COG0337@2|Bacteria,1MUBK@1224|Proteobacteria,1RN4I@1236|Gammaproteobacteria,1XU0D@135623|Vibrionales	Catalyzes the conversion of 3-deoxy-D-arabino- heptulosonate 7-phosphate (DAHP) to dehydroquinate (DHQ)	aroB	GO:0003674,GO:0003824,GO:0003856,GO:0006082,GO:0008150,GO:0008152,GO:0009058,GO:0009423,GO:0009987,GO:0016053,GO:0016829,GO:0016835,GO:0016838,GO:0019752,GO:0043436,GO:0043648,GO:0043650,GO:0044237,GO:0044249,GO:0044281,GO:0044283,GO:0046394,GO:0046417,GO:0071704,GO:1901576	ko:K01735	ko00400,ko01100,ko01110,ko01130,ko01230,map00400,map01100,map01110,map01130,map01230	ko00000,ko00001,ko00002,ko01000	DHQ_synthase
3225	GEA51352.1	1205908.AKXW01000019_gene1040	2.39e-288	793.0	COG3266@1|root,COG3267@1|root,COG3266@2|Bacteria,COG3267@2|Bacteria,1Q1YI@1224|Proteobacteria,1S965@1236|Gammaproteobacteria,1XSV9@135623|Vibrionales	AAA domain	VP2743	-	ko:K03112	-	ko00000	AAA_22,SPOR
3225	GEA51353.1	1205908.AKXW01000019_gene1039	1.76e-194	539.0	COG0338@1|root,COG0338@2|Bacteria,1P85S@1224|Proteobacteria,1RMNW@1236|Gammaproteobacteria,1XV7I@135623|Vibrionales	Site-specific DNA-methyltransferase (adenine-specific)	dam	-	ko:K06223	ko03430,map03430	ko00000,ko00001,ko01000,ko02048,ko03032,ko03400	MethyltransfD12
3225	GEA51354.1	1205908.AKXW01000019_gene1038	8.05e-157	440.0	COG0036@1|root,COG0036@2|Bacteria,1MUZM@1224|Proteobacteria,1RN3K@1236|Gammaproteobacteria,1XU07@135623|Vibrionales	Belongs to the ribulose-phosphate 3-epimerase family	rpe	-	ko:K01783	ko00030,ko00040,ko00710,ko01100,ko01110,ko01120,ko01130,ko01200,ko01230,map00030,map00040,map00710,map01100,map01110,map01120,map01130,map01200,map01230	ko00000,ko00001,ko00002,ko01000	Ribul_P_3_epim
3225	GEA51355.1	1205908.AKXW01000019_gene1037	1.44e-136	389.0	COG0546@1|root,COG0546@2|Bacteria,1RDDY@1224|Proteobacteria,1S3QD@1236|Gammaproteobacteria,1XUKY@135623|Vibrionales	Specifically catalyzes the dephosphorylation of 2- phosphoglycolate. Is involved in the dissimilation of the intracellular 2-phosphoglycolate formed during the DNA repair of 3'-phosphoglycolate ends, a major class of DNA lesions induced by oxidative stress	gph	GO:0003674,GO:0003824,GO:0005575,GO:0005622,GO:0005623,GO:0005737,GO:0005829,GO:0005975,GO:0006139,GO:0006259,GO:0006281,GO:0006725,GO:0006793,GO:0006796,GO:0006807,GO:0006950,GO:0006974,GO:0008150,GO:0008152,GO:0008967,GO:0009987,GO:0016311,GO:0016787,GO:0016788,GO:0016791,GO:0033554,GO:0034641,GO:0042578,GO:0043170,GO:0044237,GO:0044238,GO:0044260,GO:0044424,GO:0044444,GO:0044464,GO:0046483,GO:0050896,GO:0051716,GO:0071704,GO:0090304,GO:1901360	ko:K01091	ko00630,ko01100,ko01110,ko01130,map00630,map01100,map01110,map01130	ko00000,ko00001,ko01000	HAD_2
3225	GEA51356.1	1205908.AKXW01000019_gene1036	4.4e-245	673.0	COG0180@1|root,COG0180@2|Bacteria,1MV4T@1224|Proteobacteria,1RNDC@1236|Gammaproteobacteria,1XUUG@135623|Vibrionales	Tryptophanyl-tRNA synthetase	trpS	GO:0003674,GO:0003824,GO:0004812,GO:0004830,GO:0006082,GO:0006139,GO:0006399,GO:0006412,GO:0006418,GO:0006436,GO:0006518,GO:0006520,GO:0006725,GO:0006807,GO:0008150,GO:0008152,GO:0009058,GO:0009059,GO:0009987,GO:0010467,GO:0016070,GO:0016874,GO:0016875,GO:0019538,GO:0019752,GO:0034641,GO:0034645,GO:0034660,GO:0043038,GO:0043039,GO:0043043,GO:0043170,GO:0043436,GO:0043603,GO:0043604,GO:0044237,GO:0044238,GO:0044249,GO:0044260,GO:0044267,GO:0044271,GO:0044281,GO:0046483,GO:0071704,GO:0090304,GO:0140098,GO:0140101,GO:1901360,GO:1901564,GO:1901566,GO:1901576	ko:K01867	ko00970,map00970	ko00000,ko00001,ko00002,ko01000,ko01007,ko03016	tRNA-synt_1b
3225	GEA51357.1	1205908.AKXW01000019_gene1035	5.07e-151	424.0	COG0512@1|root,COG0512@2|Bacteria,1MV5Y@1224|Proteobacteria,1RMQW@1236|Gammaproteobacteria,1XUV5@135623|Vibrionales	COG0512 Anthranilate para-aminobenzoate synthases component II	pabA	-	ko:K01664	ko00790,map00790	ko00000,ko00001,ko01000	GATase
3225	GEA51358.1	1205908.AKXW01000019_gene1034	4.77e-289	789.0	COG4992@1|root,COG4992@2|Bacteria,1MV3C@1224|Proteobacteria,1RMV1@1236|Gammaproteobacteria,1XSTJ@135623|Vibrionales	acetylornithine aminotransferase	argD	GO:0003674,GO:0003824,GO:0003992,GO:0005488,GO:0005515,GO:0006082,GO:0006520,GO:0006525,GO:0006526,GO:0006807,GO:0008144,GO:0008150,GO:0008152,GO:0008483,GO:0008652,GO:0009058,GO:0009064,GO:0009084,GO:0009987,GO:0016053,GO:0016740,GO:0016769,GO:0019752,GO:0019842,GO:0030170,GO:0036094,GO:0042802,GO:0043167,GO:0043168,GO:0043436,GO:0044237,GO:0044238,GO:0044249,GO:0044281,GO:0044283,GO:0046394,GO:0048037,GO:0050662,GO:0070279,GO:0071704,GO:0097159,GO:1901363,GO:1901564,GO:1901566,GO:1901576,GO:1901605,GO:1901607	ko:K00821	ko00220,ko00300,ko01100,ko01110,ko01120,ko01130,ko01210,ko01230,map00220,map00300,map01100,map01110,map01120,map01130,map01210,map01230	ko00000,ko00001,ko00002,ko01000,ko01007	Aminotran_3
3225	GEA51359.1	1205908.AKXW01000019_gene1033	3.76e-245	673.0	COG3138@1|root,COG3138@2|Bacteria,1MWHC@1224|Proteobacteria,1RMXG@1236|Gammaproteobacteria,1XSR5@135623|Vibrionales	COG3138 Arginine ornithine N-succinyltransferase beta subunit	astA	-	ko:K00673	ko00330,ko01100,map00330,map01100	ko00000,ko00001,ko01000	AstA
3225	GEA51360.1	1205908.AKXW01000019_gene1032	0.0	931.0	COG1012@1|root,COG1012@2|Bacteria,1MV2I@1224|Proteobacteria,1RPQW@1236|Gammaproteobacteria,1XTD0@135623|Vibrionales	Catalyzes the NAD-dependent reduction of succinylglutamate semialdehyde into succinylglutamate	astD	GO:0003674,GO:0003824,GO:0006082,GO:0006520,GO:0006525,GO:0006527,GO:0006807,GO:0008150,GO:0008152,GO:0009056,GO:0009063,GO:0009064,GO:0009065,GO:0009987,GO:0016054,GO:0016491,GO:0016620,GO:0016903,GO:0019752,GO:0043436,GO:0044237,GO:0044238,GO:0044248,GO:0044281,GO:0044282,GO:0046395,GO:0055114,GO:0071704,GO:1901564,GO:1901565,GO:1901575,GO:1901605,GO:1901606	ko:K06447	ko00330,ko01100,map00330,map01100	ko00000,ko00001,ko01000	Aldedh
3225	GEA51361.1	1205908.AKXW01000019_gene1031	8.87e-174	486.0	COG5383@1|root,COG5383@2|Bacteria,1MWTV@1224|Proteobacteria,1RNJF@1236|Gammaproteobacteria,1XTHF@135623|Vibrionales	DUF1338	-	-	-	-	-	DUF1338
3225	GEA51362.1	1205908.AKXW01000019_gene1029	3.58e-149	419.0	COG0664@1|root,COG0664@2|Bacteria,1MXID@1224|Proteobacteria,1RMIZ@1236|Gammaproteobacteria,1XT4N@135623|Vibrionales	COG0664 cAMP-binding proteins - catabolite gene activator and regulatory subunit of cAMP-dependent protein kinases	crp	-	ko:K10914	ko02020,ko02024,ko02025,ko02026,ko05111,map02020,map02024,map02025,map02026,map05111	ko00000,ko00001,ko03000	Crp,cNMP_binding
3225	GEA51363.1	1205908.AKXW01000019_gene1028	6.51e-214	590.0	COG3954@1|root,COG3954@2|Bacteria,1MWN9@1224|Proteobacteria,1RMS7@1236|Gammaproteobacteria,1XSST@135623|Vibrionales	Phosphoribulokinase	prkB	-	ko:K00855	ko00710,ko01100,ko01120,ko01200,map00710,map01100,map01120,map01200	ko00000,ko00001,ko00002,ko01000	PRK
3225	GEA51364.1	1205908.AKXW01000019_gene1027	1.5e-44	144.0	COG3089@1|root,COG3089@2|Bacteria,1N6TM@1224|Proteobacteria,1SCDE@1236|Gammaproteobacteria,1XYYU@135623|Vibrionales	Belongs to the UPF0270 family	-	-	ko:K09898	-	ko00000	UPF0270
3225	GEA51365.1	1205908.AKXW01000019_gene1026	1.3e-239	658.0	COG0429@1|root,COG0429@2|Bacteria,1MWV1@1224|Proteobacteria,1RN39@1236|Gammaproteobacteria,1XT1I@135623|Vibrionales	hydrolase of the alpha beta-hydrolase fold	yheT	-	ko:K07019	-	ko00000	Abhydrolase_1
3225	GEA51366.1	1205908.AKXW01000019_gene1025	2.23e-102	296.0	COG5589@1|root,COG5589@2|Bacteria,1NGHI@1224|Proteobacteria,1SGFT@1236|Gammaproteobacteria,1XT79@135623|Vibrionales	Protein of unknown function (DUF2390)	-	-	-	-	-	DUF2390
3225	GEA51367.1	1205908.AKXW01000019_gene1024	0.0	1207.0	COG0488@1|root,COG0488@2|Bacteria,1MU37@1224|Proteobacteria,1RPES@1236|Gammaproteobacteria,1XU1H@135623|Vibrionales	COG0488 ATPase components of ABC transporters with duplicated ATPase domains	yheS	-	ko:K06158	-	ko00000,ko03012	ABC_tran,ABC_tran_CTD,ABC_tran_Xtn,CENP-O
3225	GEA51368.1	1205908.AKXW01000019_gene1023	1.08e-144	407.0	COG2249@1|root,COG2249@2|Bacteria,1MXFT@1224|Proteobacteria,1RMVS@1236|Gammaproteobacteria,1XTQK@135623|Vibrionales	Regulatory subunit of a potassium efflux system that confers protection against electrophiles. Required for full activity of KefB	kefG	-	ko:K11748	-	ko00000,ko02000	Flavodoxin_2
3225	GEA51369.1	1205908.AKXW01000019_gene1022	0.0	1095.0	COG0475@1|root,COG1226@1|root,COG0475@2|Bacteria,COG1226@2|Bacteria,1MV34@1224|Proteobacteria,1RNVR@1236|Gammaproteobacteria,1XSSX@135623|Vibrionales	Pore-forming subunit of a potassium efflux system that confers protection against electrophiles. Catalyzes K( ) H( ) antiport	kefB	-	ko:K11747	-	ko00000,ko02000	Na_H_Exchanger,TrkA_N
3225	GEA51370.1	1205908.AKXW01000019_gene1021	1.42e-43	141.0	COG3529@1|root,COG3529@2|Bacteria,1N6RJ@1224|Proteobacteria,1SC9Y@1236|Gammaproteobacteria,1XZ08@135623|Vibrionales	nucleic-acid-binding protein containing a Zn-ribbon domain	-	-	ko:K07070	-	ko00000	DUF2387
3225	GEA51371.1	1205908.AKXW01000019_gene1020	3.93e-128	364.0	COG1047@1|root,COG1047@2|Bacteria,1RD35@1224|Proteobacteria,1S3QR@1236|Gammaproteobacteria,1XSRK@135623|Vibrionales	COG1047 FKBP-type peptidyl-prolyl cis-trans isomerases 2	slyD	GO:0000413,GO:0003674,GO:0003755,GO:0003824,GO:0006457,GO:0006464,GO:0006807,GO:0008150,GO:0008152,GO:0009987,GO:0016853,GO:0016859,GO:0018193,GO:0018208,GO:0019538,GO:0036211,GO:0042026,GO:0043170,GO:0043412,GO:0044237,GO:0044238,GO:0044260,GO:0044267,GO:0071704,GO:0140096,GO:1901564	ko:K03775	-	ko00000,ko01000,ko03110	FKBP_C
3225	GEA51372.1	1205908.AKXW01000019_gene1019	6.66e-210	582.0	COG1446@1|root,COG1446@2|Bacteria,1MWFC@1224|Proteobacteria,1RNUR@1236|Gammaproteobacteria,1XU9Z@135623|Vibrionales	Enzyme with broad specificity	iaaA	-	ko:K13051	-	ko00000,ko01000,ko01002	Asparaginase_2
3225	GEA51373.1	1205908.AKXW01000019_gene1018	2.55e-46	149.0	COG2900@1|root,COG2900@2|Bacteria,1NGFM@1224|Proteobacteria,1SGAM@1236|Gammaproteobacteria,1XYDM@135623|Vibrionales	Belongs to the SlyX family	slyX	-	ko:K03745	-	ko00000	SlyX
3225	GEA51374.1	1205908.AKXW01000019_gene1017	2.08e-166	467.0	COG0545@1|root,COG0545@2|Bacteria,1RDA1@1224|Proteobacteria,1RRKU@1236|Gammaproteobacteria,1XSY6@135623|Vibrionales	COG0545 FKBP-type peptidyl-prolyl cis-trans isomerases 1	fkpA	-	ko:K03772	-	ko00000,ko01000,ko03110	FKBP_C,FKBP_N
3225	GEA51375.1	1205908.AKXW01000019_gene1016	1.8e-162	456.0	COG2964@1|root,COG2964@2|Bacteria,1MU5K@1224|Proteobacteria,1RPDQ@1236|Gammaproteobacteria,1XT3M@135623|Vibrionales	protein conserved in bacteria	yheO	-	-	-	-	HTH_22,PAS_6
3225	GEA51376.1	1205908.AKXW01000019_gene1015	4.45e-80	238.0	COG1553@1|root,COG1553@2|Bacteria,1N021@1224|Proteobacteria,1S99J@1236|Gammaproteobacteria,1XXDD@135623|Vibrionales	conserved protein involved in intracellular sulfur reduction	tusD	-	ko:K07235	ko04122,map04122	ko00000,ko00001,ko01000,ko03016	DrsE
3225	GEA51377.1	1205908.AKXW01000019_gene1014	9.02e-69	209.0	COG2923@1|root,COG2923@2|Bacteria,1N8RV@1224|Proteobacteria,1SD0S@1236|Gammaproteobacteria,1XXV7@135623|Vibrionales	Belongs to the DsrF TusC family	tusC	-	ko:K07236	ko04122,map04122	ko00000,ko00001,ko03016	DrsE
3225	GEA51378.1	1205908.AKXW01000019_gene1013	5.62e-50	159.0	COG2168@1|root,COG2168@2|Bacteria,1NGF3@1224|Proteobacteria,1SGPI@1236|Gammaproteobacteria,1XYYQ@135623|Vibrionales	conserved protein involved in oxidation of intracellular sulfur	tusB	-	ko:K07237	ko04122,map04122	ko00000,ko00001,ko03016	DsrH
3225	GEA51379.1	1001530.BACE01000018_gene2839	2.34e-85	251.0	COG0048@1|root,COG0048@2|Bacteria,1RCWY@1224|Proteobacteria,1S3WB@1236|Gammaproteobacteria,1XWXF@135623|Vibrionales	Interacts with and stabilizes bases of the 16S rRNA that are involved in tRNA selection in the A site and with the mRNA backbone. Located at the interface of the 30S and 50S subunits, it traverses the body of the 30S subunit contacting proteins on the other side and probably holding the rRNA structure together. The combined cluster of proteins S8, S12 and S17 appears to hold together the shoulder and platform of the 30S subunit	rpsL	GO:0003674,GO:0003735,GO:0005198,GO:0005575,GO:0005622,GO:0005623,GO:0005737,GO:0005829,GO:0005840,GO:0006412,GO:0006518,GO:0006807,GO:0008150,GO:0008152,GO:0009058,GO:0009059,GO:0009987,GO:0010467,GO:0015935,GO:0019538,GO:0022626,GO:0022627,GO:0032991,GO:0034641,GO:0034645,GO:0043043,GO:0043170,GO:0043226,GO:0043228,GO:0043229,GO:0043232,GO:0043603,GO:0043604,GO:0044237,GO:0044238,GO:0044249,GO:0044260,GO:0044267,GO:0044271,GO:0044391,GO:0044422,GO:0044424,GO:0044444,GO:0044445,GO:0044446,GO:0044464,GO:0071704,GO:1901564,GO:1901566,GO:1901576,GO:1990904	ko:K02950	ko03010,map03010	br01610,ko00000,ko00001,ko00002,ko03011	Ribosom_S12_S23
3225	GEA51380.1	1205908.AKXW01000019_gene1011	1.23e-100	292.0	COG0049@1|root,COG0049@2|Bacteria,1MXC8@1224|Proteobacteria,1RN77@1236|Gammaproteobacteria,1XT47@135623|Vibrionales	One of the primary rRNA binding proteins, it binds directly to 16S rRNA where it nucleates assembly of the head domain of the 30S subunit. Is located at the subunit interface close to the decoding center, probably blocks exit of the E-site tRNA	rpsG	GO:0000028,GO:0003674,GO:0003676,GO:0003723,GO:0003729,GO:0003735,GO:0005198,GO:0005488,GO:0005575,GO:0005622,GO:0005623,GO:0005737,GO:0005829,GO:0005840,GO:0006412,GO:0006518,GO:0006807,GO:0006996,GO:0008150,GO:0008152,GO:0009058,GO:0009059,GO:0009987,GO:0010467,GO:0015935,GO:0016043,GO:0019538,GO:0019843,GO:0022607,GO:0022613,GO:0022618,GO:0022626,GO:0022627,GO:0032991,GO:0034622,GO:0034641,GO:0034645,GO:0042254,GO:0042255,GO:0042274,GO:0043043,GO:0043170,GO:0043226,GO:0043228,GO:0043229,GO:0043232,GO:0043603,GO:0043604,GO:0043933,GO:0044085,GO:0044237,GO:0044238,GO:0044249,GO:0044260,GO:0044267,GO:0044271,GO:0044391,GO:0044422,GO:0044424,GO:0044444,GO:0044445,GO:0044446,GO:0044464,GO:0065003,GO:0070925,GO:0071704,GO:0071826,GO:0071840,GO:0097159,GO:1901363,GO:1901564,GO:1901566,GO:1901576,GO:1990904	ko:K02992	ko03010,map03010	br01610,ko00000,ko00001,ko00002,ko03011	Ribosomal_S7
3225	GEA51381.1	1205908.AKXW01000019_gene1010	0.0	1353.0	COG0480@1|root,COG0480@2|Bacteria,1MUCV@1224|Proteobacteria,1RNSZ@1236|Gammaproteobacteria,1XSMB@135623|Vibrionales	Catalyzes the GTP-dependent ribosomal translocation step during translation elongation. During this step, the ribosome changes from the pre-translocational (PRE) to the post- translocational (POST) state as the newly formed A-site-bound peptidyl-tRNA and P-site-bound deacylated tRNA move to the P and E sites, respectively. Catalyzes the coordinated movement of the two tRNA molecules, the mRNA and conformational changes in the ribosome	fusA1	GO:0003674,GO:0003676,GO:0003723,GO:0003746,GO:0005488,GO:0006412,GO:0006414,GO:0006518,GO:0006807,GO:0008135,GO:0008150,GO:0008152,GO:0009058,GO:0009059,GO:0009987,GO:0010467,GO:0019538,GO:0034641,GO:0034645,GO:0043043,GO:0043170,GO:0043603,GO:0043604,GO:0044237,GO:0044238,GO:0044249,GO:0044260,GO:0044267,GO:0044271,GO:0071704,GO:0097159,GO:1901363,GO:1901564,GO:1901566,GO:1901576	ko:K02355	-	ko00000,ko03012,ko03029	EFG_C,EFG_II,EFG_IV,GTP_EFTU,GTP_EFTU_D2
3225	GEA51382.1	1205908.AKXW01000177_gene3035	0.0	1046.0	COG1524@1|root,COG1524@2|Bacteria,1R5V5@1224|Proteobacteria,1S06C@1236|Gammaproteobacteria,1XUEX@135623|Vibrionales	Type I phosphodiesterase / nucleotide pyrophosphatase	-	-	-	-	-	Phosphodiest
3225	GEA51383.1	1205908.AKXW01000177_gene3034	6.8e-177	494.0	COG1262@1|root,COG1262@2|Bacteria,1NQ5K@1224|Proteobacteria,1S2PN@1236|Gammaproteobacteria	PFAM Sulphatase-modifying factor	-	-	-	-	-	FGE-sulfatase
3225	GEA51384.1	1205908.AKXW01000177_gene3033	0.0	914.0	COG0641@1|root,COG0641@2|Bacteria,1MX3M@1224|Proteobacteria,1RN4R@1236|Gammaproteobacteria,1XSAW@135623|Vibrionales	Iron-sulfur cluster-binding domain	-	-	ko:K06871	-	ko00000	Fer4_12,Radical_SAM,SPASM
3225	GEA51385.1	1205908.AKXW01000177_gene3032	2.12e-179	506.0	COG0457@1|root,COG0457@2|Bacteria,1MX2U@1224|Proteobacteria,1RPD2@1236|Gammaproteobacteria,1XTK8@135623|Vibrionales	COG0457 FOG TPR repeat	-	-	-	-	-	TPR_16
3225	GEA51386.1	1205908.AKXW01000177_gene3031	2.74e-65	198.0	2DQRC@1|root,32UPM@2|Bacteria,1N3E5@1224|Proteobacteria,1S9S7@1236|Gammaproteobacteria,1XYIN@135623|Vibrionales	-	VPA0120	-	-	-	-	-
3225	GEA51388.1	1205908.AKXW01000098_gene2286	3.94e-163	457.0	COG4221@1|root,COG4221@2|Bacteria,1MUF8@1224|Proteobacteria,1RMKM@1236|Gammaproteobacteria,1XUEP@135623|Vibrionales	Belongs to the short-chain dehydrogenases reductases (SDR) family	-	-	-	-	-	adh_short
3225	GEA51389.1	1205908.AKXW01000098_gene2287	2.91e-70	214.0	COG2020@1|root,COG2020@2|Bacteria,1MZ7S@1224|Proteobacteria,1S8Y4@1236|Gammaproteobacteria,1XX3I@135623|Vibrionales	Phospholipid methyltransferase	-	-	-	-	-	PEMT
3225	GEA51390.1	1205908.AKXW01000098_gene2288	3.16e-205	569.0	COG0583@1|root,COG0583@2|Bacteria,1R9S6@1224|Proteobacteria,1S1M9@1236|Gammaproteobacteria,1XUII@135623|Vibrionales	Transcriptional regulator	-	-	-	-	-	HTH_1,LysR_substrate
3225	GEA51391.1	1205908.AKXW01000098_gene2289	4.37e-107	310.0	2AWC0@1|root,31N7T@2|Bacteria,1QJZ4@1224|Proteobacteria,1TI1F@1236|Gammaproteobacteria,1XY5G@135623|Vibrionales	-	-	-	-	-	-	-
3225	GEA51392.1	1219072.VHA01S_016_00240	1.24e-34	119.0	2BQJP@1|root,32JFQ@2|Bacteria,1PD33@1224|Proteobacteria,1TJDH@1236|Gammaproteobacteria,1Y12D@135623|Vibrionales	-	-	-	-	-	-	-
3225	GEA51393.1	1191299.AJYX01000097_gene1589	4.02e-121	359.0	COG1835@1|root,COG1835@2|Bacteria,1RJ7V@1224|Proteobacteria,1T109@1236|Gammaproteobacteria,1XTI5@135623|Vibrionales	protein conserved in bacteria	-	-	-	-	-	Acyl_transf_3
3225	GEA51394.1	1205908.AKXW01000133_gene544	9.13e-282	771.0	COG2223@1|root,COG2223@2|Bacteria,1MWC7@1224|Proteobacteria,1S1CV@1236|Gammaproteobacteria,1XU0C@135623|Vibrionales	oxalate formate antiporter	-	-	-	-	-	MFS_1
3225	GEA51395.1	1205908.AKXW01000133_gene545	1.33e-70	213.0	2AW9Z@1|root,31N5F@2|Bacteria,1QJWV@1224|Proteobacteria,1THYP@1236|Gammaproteobacteria,1XXXD@135623|Vibrionales	-	VVA0676	-	-	-	-	-
3225	GEA51396.1	1205908.AKXW01000133_gene546	1.35e-295	814.0	COG0062@1|root,COG0063@1|root,COG0062@2|Bacteria,COG0063@2|Bacteria,1MU1Q@1224|Proteobacteria,1RMPS@1236|Gammaproteobacteria,1XTWB@135623|Vibrionales	Bifunctional enzyme that catalyzes the epimerization of the S- and R-forms of NAD(P)HX and the dehydration of the S-form of NAD(P)HX at the expense of ADP, which is converted to AMP. This allows the repair of both epimers of NAD(P)HX, a damaged form of NAD(P)H that is a result of enzymatic or heat-dependent hydration	nnrD	-	ko:K17758,ko:K17759	-	ko00000,ko01000	Carb_kinase,YjeF_N
3225	GEA51397.1	1205908.AKXW01000133_gene547	0.0	1068.0	COG0405@1|root,COG0405@2|Bacteria,1MUV6@1224|Proteobacteria,1RMIT@1236|Gammaproteobacteria,1XV2H@135623|Vibrionales	Gamma-glutamyltranspeptidase	-	-	ko:K00681	ko00430,ko00460,ko00480,ko01100,map00430,map00460,map00480,map01100	ko00000,ko00001,ko01000,ko01002	G_glu_transpept
3225	GEA51398.1	1219072.VHA01S_016_00280	5.07e-238	655.0	COG0516@1|root,COG0516@2|Bacteria,1MUJM@1224|Proteobacteria,1RPZY@1236|Gammaproteobacteria,1XUGZ@135623|Vibrionales	Catalyzes the irreversible NADPH-dependent deamination of GMP to IMP. It functions in the conversion of nucleobase, nucleoside and nucleotide derivatives of G to A nucleotides, and in maintaining the intracellular balance of A and G nucleotides	guaC	GO:0003674,GO:0003824,GO:0003920,GO:0006139,GO:0006725,GO:0006807,GO:0008150,GO:0008152,GO:0009987,GO:0015949,GO:0016491,GO:0016651,GO:0016657,GO:0034641,GO:0044237,GO:0044238,GO:0044281,GO:0046483,GO:0055086,GO:0055114,GO:0071704,GO:1901360	ko:K00364	ko00230,map00230	ko00000,ko00001,ko01000	IMPDH
3225	GEA51399.1	1136163.M565_ctg5P0967	1.49e-142	414.0	COG0582@1|root,COG0582@2|Bacteria,1N45B@1224|Proteobacteria,1RNDM@1236|Gammaproteobacteria,1XUBJ@135623|Vibrionales	Phage integrase family	int	-	-	-	-	Phage_integrase
3225	GEA51400.1	345073.VC395_A0193	1.61e-17	76.3	2AWX2@1|root,31NUK@2|Bacteria,1QKI8@1224|Proteobacteria,1TINF@1236|Gammaproteobacteria,1XZDC@135623|Vibrionales	-	-	-	-	-	-	-
3225	GEA51401.1	1249975.JQLP01000005_gene1510	2e-49	168.0	28N7Y@1|root,2ZBCJ@2|Bacteria,4NHUN@976|Bacteroidetes,1I09E@117743|Flavobacteriia,2P7EI@244698|Gillisia	-	-	-	-	-	-	-
3225	GEA51403.1	29495.EA26_02875	2.68e-66	211.0	COG3039@1|root,COG3039@2|Bacteria,1MXTN@1224|Proteobacteria,1RM94@1236|Gammaproteobacteria,1XVGA@135623|Vibrionales	User locus_tag	-	-	-	-	-	DDE_Tnp_1_5
3225	GEA51404.1	211586.SO_0764	7.23e-24	100.0	2C1D2@1|root,2ZBTY@2|Bacteria,1R9FA@1224|Proteobacteria,1RQHR@1236|Gammaproteobacteria,2QBIP@267890|Shewanellaceae	-	-	-	-	-	-	-
3225	GEA51406.1	351016.RAZWK3B_05002	1.05e-06	49.7	2A4X9@1|root,30TJ3@2|Bacteria,1PDEX@1224|Proteobacteria,2VBVY@28211|Alphaproteobacteria,2P56U@2433|Roseobacter	Peptidase inhibitor I78 family	-	-	-	-	-	Inhibitor_I78
3225	GEA51408.1	1307437.J139_07917	2.42e-05	46.2	2EP42@1|root,33GQT@2|Bacteria,1NIAU@1224|Proteobacteria,1SHUN@1236|Gammaproteobacteria,2Q3U2@267888|Pseudoalteromonadaceae	-	-	-	-	-	-	-
3225	GEA51409.1	1248232.BANQ01000172_gene3279	1.58e-75	240.0	COG0582@1|root,COG0582@2|Bacteria,1R99F@1224|Proteobacteria,1RY22@1236|Gammaproteobacteria,1Y0XM@135623|Vibrionales	Belongs to the 'phage' integrase family	-	-	-	-	-	-
3225	GEA51410.1	675813.VIB_000140	5.31e-159	476.0	COG0811@1|root,COG1196@1|root,COG0811@2|Bacteria,COG1196@2|Bacteria,1QUXN@1224|Proteobacteria,1T252@1236|Gammaproteobacteria,1XU5Q@135623|Vibrionales	peptide transport	-	-	-	-	-	-
3225	GEA51411.1	1219077.VAZ01S_040_00440	2.21e-119	346.0	COG2885@1|root,COG2885@2|Bacteria,1R9HA@1224|Proteobacteria,1RYNB@1236|Gammaproteobacteria,1XT76@135623|Vibrionales	OmpA family	-	-	-	-	-	OmpA
3225	GEA51412.1	575788.VS_1370	2.4e-195	549.0	COG1403@1|root,COG1403@2|Bacteria,1PN22@1224|Proteobacteria,1S1IW@1236|Gammaproteobacteria,1XVMP@135623|Vibrionales	HNH nucleases	-	-	-	-	-	-
3225	GEA51413.1	575788.VS_1371	6.26e-47	153.0	2BZ79@1|root,31NWZ@2|Bacteria,1QKKF@1224|Proteobacteria,1TIQR@1236|Gammaproteobacteria,1XZGV@135623|Vibrionales	-	-	-	-	-	-	-
3225	GEA51414.1	575788.VS_1372	1.49e-214	625.0	COG0811@1|root,COG0811@2|Bacteria,1R11Z@1224|Proteobacteria,1T4TN@1236|Gammaproteobacteria,1Y38A@135623|Vibrionales	peptide transport	-	-	-	-	-	-
3225	GEA51415.1	575788.VS_1373	6.74e-103	303.0	COG2885@1|root,COG2885@2|Bacteria,1QZBX@1224|Proteobacteria,1T455@1236|Gammaproteobacteria,1XX39@135623|Vibrionales	OmpA family	-	-	-	-	-	OmpA
3225	GEA51416.1	1056512.D515_03996	2.63e-183	540.0	28JKQ@1|root,2Z9DF@2|Bacteria,1QKAV@1224|Proteobacteria,1TIEC@1236|Gammaproteobacteria,1XYZ7@135623|Vibrionales	EH_Signature domain	-	-	-	-	-	EH_Signature
3225	GEA51419.1	754436.JCM19237_2145	7.45e-27	102.0	2AXRS@1|root,31PSR@2|Bacteria,1QMFP@1224|Proteobacteria,1TJQU@1236|Gammaproteobacteria,1Y1J9@135623|Vibrionales	-	-	-	-	-	-	-
3225	GEA51420.1	1219080.VEZ01S_20_00030	1.42e-61	191.0	2BZ79@1|root,31NWZ@2|Bacteria,1QKKF@1224|Proteobacteria,1TIQR@1236|Gammaproteobacteria,1XZGV@135623|Vibrionales	-	-	-	-	-	-	-
3225	GEA51421.1	1219080.VEZ01S_20_00040	9.91e-247	717.0	COG0811@1|root,COG0811@2|Bacteria,1R11Z@1224|Proteobacteria,1T4TN@1236|Gammaproteobacteria,1Y38A@135623|Vibrionales	peptide transport	-	-	-	-	-	-
3225	GEA51422.1	1219080.VEZ01S_20_00050	2.72e-104	306.0	COG2885@1|root,COG2885@2|Bacteria,1QZBX@1224|Proteobacteria,1T455@1236|Gammaproteobacteria,1XX39@135623|Vibrionales	OmpA family	-	-	-	-	-	OmpA
3225	GEA51423.1	1219080.VEZ01S_20_00060	5.88e-212	600.0	28JKQ@1|root,2Z9DF@2|Bacteria,1QKAV@1224|Proteobacteria,1TIEC@1236|Gammaproteobacteria,1XYZ7@135623|Vibrionales	EH_Signature domain	-	-	-	-	-	EH_Signature
3225	GEA51424.1	1219080.VEZ01S_20_00070	0.0	918.0	COG2959@1|root,COG2959@2|Bacteria,1QZXN@1224|Proteobacteria,1T4C4@1236|Gammaproteobacteria,1Y3CH@135623|Vibrionales	enzyme of heme biosynthesis	-	-	-	-	-	-
3225	GEA51425.1	1219080.VEZ01S_20_00080	3.5e-167	468.0	COG1360@1|root,COG1360@2|Bacteria,1RAGU@1224|Proteobacteria,1S5S7@1236|Gammaproteobacteria,1Y2HD@135623|Vibrionales	OmpA family	-	-	-	-	-	OmpA
3225	GEA51427.1	1219080.VEZ01S_20_00100	1.78e-151	435.0	COG1360@1|root,COG1360@2|Bacteria,1RAGU@1224|Proteobacteria,1S5S7@1236|Gammaproteobacteria,1Y0IJ@135623|Vibrionales	OmpA family	-	-	-	-	-	OmpA
3225	GEA51431.1	1219080.VEZ01S_20_00140	0.0	2145.0	COG4096@1|root,COG4096@2|Bacteria,1QTS7@1224|Proteobacteria,1RN63@1236|Gammaproteobacteria,1XUXP@135623|Vibrionales	COG4096 Type I site-specific restriction-modification system, R (restriction) subunit and related helicases	-	-	ko:K01153	-	ko00000,ko01000,ko02048	DUF4145,EcoEI_R_C,HSDR_N,Helicase_C,ResIII
3225	GEA51432.1	1056512.D515_03992	0.0	946.0	COG0286@1|root,COG0286@2|Bacteria,1MW3A@1224|Proteobacteria,1RRVF@1236|Gammaproteobacteria,1Y2E1@135623|Vibrionales	HsdM N-terminal domain	-	-	ko:K03427	-	ko00000,ko01000,ko02048	HsdM_N,N6_Mtase
3225	GEA51433.1	1217656.F964_00510	2.53e-107	332.0	COG0732@1|root,COG0732@2|Bacteria,1PDZ0@1224|Proteobacteria,1T6EP@1236|Gammaproteobacteria,3NPYD@468|Moraxellaceae	Type I restriction modification DNA specificity domain	-	-	ko:K01154	-	ko00000,ko01000,ko02048	Methylase_S
3225	GEA51434.1	1219080.VEZ01S_20_00170	5.18e-283	797.0	COG1401@1|root,COG1401@2|Bacteria,1MYQM@1224|Proteobacteria,1RSU7@1236|Gammaproteobacteria,1XVBW@135623|Vibrionales	AAA domain (dynein-related subfamily)	-	-	ko:K07452	-	ko00000,ko01000,ko02048	AAA_5
3225	GEA51435.1	1219080.VEZ01S_20_00180	4.75e-274	754.0	COG4268@1|root,COG4268@2|Bacteria,1MW1B@1224|Proteobacteria,1RQC0@1236|Gammaproteobacteria,1XWBU@135623|Vibrionales	McrBC 5-methylcytosine restriction system component	-	-	ko:K19147	-	ko00000,ko02048	McrBC
3225	GEA51436.1	1219080.VEZ01S_20_00190	0.0	2176.0	28ICC@1|root,2Z8ER@2|Bacteria,1MWES@1224|Proteobacteria,1RSKN@1236|Gammaproteobacteria,1XYZ0@135623|Vibrionales	-	-	-	-	-	-	-
3225	GEA51437.1	1219080.VEZ01S_20_00200	0.0	4083.0	COG1201@1|root,COG1205@1|root,COG1201@2|Bacteria,COG1205@2|Bacteria,1MVGH@1224|Proteobacteria,1RYMK@1236|Gammaproteobacteria,1Y25X@135623|Vibrionales	Domain of unknown function (DUF1998)	-	-	-	-	-	DEAD,DUF1998,Helicase_C
3225	GEA51438.1	1219080.VEZ01S_20_00210	0.0	1873.0	COG0610@1|root,COG1205@1|root,COG0610@2|Bacteria,COG1205@2|Bacteria,1R18A@1224|Proteobacteria,1T4WD@1236|Gammaproteobacteria	Helicase conserved C-terminal domain	-	-	-	-	-	Helicase_C
3225	GEA51439.1	1219080.VEZ01S_20_00220	0.0	1199.0	28HBW@1|root,2Z7NV@2|Bacteria,1N8Z2@1224|Proteobacteria,1RN8C@1236|Gammaproteobacteria,1XYNU@135623|Vibrionales	Domain of unknown function (DUF1998)	-	-	-	-	-	DUF1998
3225	GEA51440.1	1219080.VEZ01S_20_00230	8.53e-217	603.0	COG0210@1|root,COG0210@2|Bacteria,1R18B@1224|Proteobacteria,1T4WE@1236|Gammaproteobacteria	DNA helicase	-	-	-	-	-	AAA_19,UvrD_C_2
3225	GEA51442.1	1219080.VEZ01S_20_00250	0.0	1117.0	COG0507@1|root,COG0507@2|Bacteria,1QV63@1224|Proteobacteria,1S8HG@1236|Gammaproteobacteria	Nuclease-related domain	-	-	-	-	-	AAA_30,NERD
3225	GEA51443.1	1219080.VEZ01S_20_00260	0.0	1305.0	COG0210@1|root,COG0210@2|Bacteria,1MWW6@1224|Proteobacteria,1RZP9@1236|Gammaproteobacteria,1XZNN@135623|Vibrionales	UvrD-like helicase C-terminal domain	-	-	-	-	-	AAA_19,UvrD-helicase,UvrD_C
3225	GEA51444.1	1232428.CAVO010000060_gene1919	4.36e-44	165.0	2E20K@1|root,32X8M@2|Bacteria,1VGAP@1239|Firmicutes	-	-	-	-	-	-	-
3225	GEA51445.1	471874.PROSTU_00912	1.8e-15	85.5	COG4085@1|root,COG4085@2|Bacteria,1NRDD@1224|Proteobacteria,1SKSK@1236|Gammaproteobacteria	PFAM nucleic acid binding, OB-fold, tRNA	-	-	-	-	-	-
3225	GEA51446.1	1187848.AJYQ01000055_gene932	2.66e-56	181.0	COG0629@1|root,COG0629@2|Bacteria,1RCWT@1224|Proteobacteria,1S3WP@1236|Gammaproteobacteria,1XSPW@135623|Vibrionales	Plays an important role in DNA replication, recombination and repair. Binds to ssDNA and to an array of partner proteins to recruit them to their sites of action during DNA metabolism	ssb	GO:0003674,GO:0003676,GO:0003677,GO:0003697,GO:0005488,GO:0006139,GO:0006259,GO:0006260,GO:0006281,GO:0006310,GO:0006725,GO:0006807,GO:0006950,GO:0006974,GO:0008150,GO:0008152,GO:0009058,GO:0009059,GO:0009987,GO:0033554,GO:0034641,GO:0034645,GO:0043170,GO:0044237,GO:0044238,GO:0044249,GO:0044260,GO:0046483,GO:0050896,GO:0051716,GO:0071704,GO:0090304,GO:0097159,GO:1901360,GO:1901363,GO:1901576	ko:K03111	ko03030,ko03430,ko03440,map03030,map03430,map03440	ko00000,ko00001,ko03029,ko03032,ko03400	SSB
3225	GEA51448.1	595494.Tola_1164	1.15e-156	452.0	COG0745@1|root,COG0745@2|Bacteria,1QIP8@1224|Proteobacteria,1S31X@1236|Gammaproteobacteria	TIGRFAM CRISPR-associated protein, NE0113	-	-	-	-	-	Cas_NE0113
3225	GEA51449.1	1219080.VEZ01S_20_00340	0.0	2137.0	COG2373@1|root,COG2373@2|Bacteria,1MV7J@1224|Proteobacteria,1RNRY@1236|Gammaproteobacteria,1XTPU@135623|Vibrionales	Large extracellular alpha-helical protein	-	-	ko:K06894	-	ko00000	A2M,A2M_N,A2M_N_2,Thiol-ester_cl
3225	GEA51450.1	1219080.VEZ01S_20_00350	0.0	985.0	COG4953@1|root,COG4953@2|Bacteria,1MUA9@1224|Proteobacteria,1RMBV@1236|Gammaproteobacteria,1XTVC@135623|Vibrionales	Penicillin binding protein transpeptidase domain	-	-	ko:K05367	ko00550,map00550	ko00000,ko00001,ko01000,ko01003,ko01011	Transgly,Transpeptidase
3225	GEA51452.1	575788.VS_1380	5.5e-27	114.0	2DBTR@1|root,2ZB0I@2|Bacteria,1MY7T@1224|Proteobacteria,1RY1R@1236|Gammaproteobacteria,1Y1F2@135623|Vibrionales	-	-	-	-	-	-	-
3225	GEA51453.1	85643.Tmz1t_2128	3.21e-28	108.0	COG0789@1|root,COG0789@2|Bacteria,1N4Q1@1224|Proteobacteria,2VUX9@28216|Betaproteobacteria,2KZ2H@206389|Rhodocyclales	helix_turn_helix, mercury resistance	-	-	-	-	-	MerR_1
3225	GEA51454.1	637905.SVI_2114	1.74e-52	201.0	COG2304@1|root,COG2304@2|Bacteria,1MW8K@1224|Proteobacteria,1RNU3@1236|Gammaproteobacteria,2QDFV@267890|Shewanellaceae	Von willebrand factor, type a	-	-	ko:K07114	-	ko00000,ko02000	VIT,VWA_3
3225	GEA51456.1	701176.VIBRN418_17318	7.65e-40	151.0	COG0741@1|root,COG0741@2|Bacteria,1MW2T@1224|Proteobacteria,1RM9N@1236|Gammaproteobacteria,1XSTN@135623|Vibrionales	COG0741 Soluble lytic murein transglycosylase and related regulatory proteins (some contain LysM invasin domains)	-	-	ko:K08306	-	ko00000,ko01000,ko01011	SLT
3225	GEA51459.1	550540.Fbal_2705	1.41e-06	54.3	2BN8J@1|root,32GW0@2|Bacteria,1RH74@1224|Proteobacteria,1S7A4@1236|Gammaproteobacteria	LPP20 lipoprotein	-	-	-	-	-	LPP20
3225	GEA51462.1	500633.CLOHIR_01519	9.48e-07	56.6	arCOG05209@1|root,31PIN@2|Bacteria,1V5G2@1239|Firmicutes,248EN@186801|Clostridia	-	-	-	-	-	-	Peptidase_M50B
3225	GEA51463.1	504728.K649_02525	1.8e-72	224.0	29PB5@1|root,30A9B@2|Bacteria	-	-	-	-	-	-	-
3225	GEA51464.1	1116375.VEJY3_05105	9.65e-223	621.0	29PJW@1|root,30AI1@2|Bacteria,1RD86@1224|Proteobacteria,1S5B8@1236|Gammaproteobacteria,1XU7H@135623|Vibrionales	-	-	-	-	-	-	-
3225	GEA51465.1	1205908.AKXW01000133_gene548	1.11e-40	142.0	COG0516@1|root,COG0516@2|Bacteria,1MUJM@1224|Proteobacteria,1RPZY@1236|Gammaproteobacteria,1XUGZ@135623|Vibrionales	Catalyzes the irreversible NADPH-dependent deamination of GMP to IMP. It functions in the conversion of nucleobase, nucleoside and nucleotide derivatives of G to A nucleotides, and in maintaining the intracellular balance of A and G nucleotides	guaC	GO:0003674,GO:0003824,GO:0003920,GO:0006139,GO:0006725,GO:0006807,GO:0008150,GO:0008152,GO:0009987,GO:0015949,GO:0016491,GO:0016651,GO:0016657,GO:0034641,GO:0044237,GO:0044238,GO:0044281,GO:0046483,GO:0055086,GO:0055114,GO:0071704,GO:1901360	ko:K00364	ko00230,map00230	ko00000,ko00001,ko01000	IMPDH
3225	GEA51466.1	1298865.H978DRAFT_0266	3.53e-192	539.0	COG0451@1|root,COG0451@2|Bacteria,1RKZT@1224|Proteobacteria,1S4B4@1236|Gammaproteobacteria,468WR@72275|Alteromonadaceae	NmrA-like family	-	-	ko:K00091	-	ko00000,ko01000	Abhydrolase_6,Epimerase,NAD_binding_4
3225	GEA51467.1	1298865.H978DRAFT_0265	1.75e-99	293.0	COG1309@1|root,COG1309@2|Bacteria	transcriptional regulator	-	-	ko:K16137,ko:K22041	-	ko00000,ko03000	TetR_C_13,TetR_N
3225	GEA51468.1	1280001.BAOA01000013_gene1020	7.12e-51	170.0	COG1278@1|root,COG3326@1|root,COG1278@2|Bacteria,COG3326@2|Bacteria,1N6YM@1224|Proteobacteria,1SCMX@1236|Gammaproteobacteria,1XX3Z@135623|Vibrionales	Protein of unknown function (DUF1294)	-	-	-	-	-	CSD,DUF1294
3225	GEA51469.1	1219072.VHA01S_003_01550	1.3e-44	151.0	COG3495@1|root,COG3495@2|Bacteria,1RB8H@1224|Proteobacteria,1S8DT@1236|Gammaproteobacteria,1XX0Z@135623|Vibrionales	protein conserved in bacteria	-	-	ko:K09950	-	ko00000	DUF3299
3225	GEA51470.1	1403313.AXBR01000002_gene4154	2.26e-92	298.0	COG0613@1|root,COG0613@2|Bacteria	PHP domain protein	-	-	-	-	-	DUF5011,SLH
3225	GEA51471.1	1122207.MUS1_11930	3.65e-159	459.0	COG1473@1|root,COG1473@2|Bacteria,1MUIV@1224|Proteobacteria,1RQAM@1236|Gammaproteobacteria,1XNVK@135619|Oceanospirillales	Peptidase dimerisation domain	-	-	-	-	-	M20_dimer,Peptidase_M20
3225	GEA51472.1	1122207.MUS1_11935	1.37e-267	744.0	COG2978@1|root,COG2978@2|Bacteria,1MUJ1@1224|Proteobacteria,1RMAI@1236|Gammaproteobacteria,1XHHG@135619|Oceanospirillales	transporter	ydaH	-	ko:K12942	-	ko00000	ABG_transport
3225	GEA51473.1	1205908.AKXW01000108_gene1202	1.52e-94	280.0	COG3212@1|root,COG3212@2|Bacteria,1N82S@1224|Proteobacteria,1THNC@1236|Gammaproteobacteria,1XWVU@135623|Vibrionales	peptidase	-	-	-	-	-	-
3225	GEA51474.1	617140.AJZE01000072_gene841	2.7e-152	435.0	COG0583@1|root,COG0583@2|Bacteria,1N663@1224|Proteobacteria,1RZH0@1236|Gammaproteobacteria,1XW7V@135623|Vibrionales	Bacterial regulatory helix-turn-helix protein, lysR family	-	-	-	-	-	HTH_1,LysR_substrate
3225	GEA51475.1	617140.AJZE01000072_gene842	2.81e-210	585.0	COG5361@1|root,COG5361@2|Bacteria,1NZZJ@1224|Proteobacteria,1RSI3@1236|Gammaproteobacteria,1XY1P@135623|Vibrionales	Protein of unknown function (DUF1254)	-	-	-	-	-	DUF1214,DUF1254
3225	GEA51476.1	312309.VF_1070	4.54e-12	68.2	COG5361@1|root,COG5361@2|Bacteria,1NX2A@1224|Proteobacteria,1SM5A@1236|Gammaproteobacteria,1XVNU@135623|Vibrionales	Protein of unknown function (DUF1214)	-	-	-	-	-	DUF1214,DUF1254
3225	GEA51477.1	1120968.AUBX01000014_gene2485	1.67e-98	302.0	COG5361@1|root,COG5361@2|Bacteria	Conserved Protein	-	-	-	-	-	DUF1214,DUF1254
3225	GEA51478.1	118161.KB235922_gene397	4.2e-71	231.0	COG5361@1|root,COG5361@2|Bacteria	Conserved Protein	-	-	-	-	-	DUF1214,DUF1254
3225	GEA51479.1	398579.Spea_3428	2.28e-55	188.0	COG0583@1|root,COG0583@2|Bacteria,1QNGC@1224|Proteobacteria,1SXDG@1236|Gammaproteobacteria,2QCPW@267890|Shewanellaceae	LysR substrate binding domain	-	-	-	-	-	HTH_1,LysR_substrate
3225	GEA51480.1	674977.VMC_32890	1.5e-54	185.0	COG0583@1|root,COG0583@2|Bacteria,1NR7K@1224|Proteobacteria,1SK5V@1236|Gammaproteobacteria,1Y2QK@135623|Vibrionales	Bacterial regulatory helix-turn-helix protein, lysR family	-	-	-	-	-	HTH_1,LysR_substrate
3225	GEA51481.1	1348635.BBJY01000010_gene1359	3.26e-10	62.4	2EJ24@1|root,33CTA@2|Bacteria,1NQ65@1224|Proteobacteria,1SIVK@1236|Gammaproteobacteria,1XY80@135623|Vibrionales	-	-	-	-	-	-	-
3225	GEA51483.1	439235.Dalk_0128	2.8e-50	190.0	COG2015@1|root,COG2015@2|Bacteria,1MU82@1224|Proteobacteria,42NWA@68525|delta/epsilon subdivisions,2WK2Q@28221|Deltaproteobacteria,2MPQW@213118|Desulfobacterales	PFAM beta-lactamase domain protein	-	-	-	-	-	Alkyl_sulf_C,Alkyl_sulf_dimr,HTH_11,Lactamase_B
3225	GEA51484.1	672.VV93_v1c42800	1.63e-99	302.0	COG0583@1|root,COG0583@2|Bacteria,1QNG5@1224|Proteobacteria,1SXDB@1236|Gammaproteobacteria,1XXYK@135623|Vibrionales	Bacterial regulatory helix-turn-helix protein, lysR family	-	-	-	-	-	HTH_1,LysR_substrate
3225	GEA51485.1	672.VV93_v1c42790	1.63e-165	473.0	COG5361@1|root,COG5361@2|Bacteria,1NZZJ@1224|Proteobacteria,1RSI3@1236|Gammaproteobacteria,1XYHR@135623|Vibrionales	Protein of unknown function (DUF1214)	-	-	-	-	-	DUF1214,DUF1254
3225	GEA51486.1	675816.VIA_002563	1.59e-27	122.0	COG2199@1|root,COG2199@2|Bacteria,1P3SE@1224|Proteobacteria,1SSZV@1236|Gammaproteobacteria,1XV3A@135623|Vibrionales	diguanylate cyclase	-	-	-	-	-	GGDEF
3225	GEA51487.1	1227349.C170_27538	1.1e-07	64.3	COG5492@1|root,COG5492@2|Bacteria,1UFP5@1239|Firmicutes,4HFJH@91061|Bacilli,26RD3@186822|Paenibacillaceae	Bacterial Ig-like domain 2	ligA1	-	-	-	-	Big_2
3225	GEA51488.1	1265503.KB905164_gene2009	1.8e-136	448.0	COG0642@1|root,COG2205@2|Bacteria,1NRP8@1224|Proteobacteria,1SKTW@1236|Gammaproteobacteria,2Q7IW@267889|Colwelliaceae	PFAM ATP-binding region ATPase domain protein, response regulator receiver, histidine kinase A domain protein	-	-	-	-	-	GAF,GAF_3,HATPase_c,HisKA,Hpt,PAS_3,Response_reg
3225	GEA51490.1	345073.VC395_1769	3.51e-64	222.0	COG0784@1|root,COG2197@1|root,COG2200@1|root,COG0784@2|Bacteria,COG2197@2|Bacteria,COG2200@2|Bacteria,1NC9X@1224|Proteobacteria,1T1M2@1236|Gammaproteobacteria,1Y331@135623|Vibrionales	Putative diguanylate phosphodiesterase	-	-	ko:K13246	ko05111,map05111	ko00000,ko00001,ko01000	EAL,GerE,Response_reg
3225	GEA51491.1	1136163.M565_ctg5P0469	6.27e-27	110.0	2BU0T@1|root,32P9E@2|Bacteria,1RKJI@1224|Proteobacteria,1S760@1236|Gammaproteobacteria,1XYUW@135623|Vibrionales	Crp-like helix-turn-helix domain	-	-	-	-	-	HTH_Crp_2
3225	GEA51492.1	1219072.VHA01S_004_00830	2.64e-44	147.0	2E0KP@1|root,32W5Z@2|Bacteria,1N1JH@1224|Proteobacteria,1SA3K@1236|Gammaproteobacteria,1XY21@135623|Vibrionales	-	-	-	-	-	-	-
3225	GEA51494.1	1280001.BAOA01000045_gene1668	1.28e-283	783.0	COG5361@1|root,COG5361@2|Bacteria,1NX2A@1224|Proteobacteria,1SM5A@1236|Gammaproteobacteria,1XVNU@135623|Vibrionales	Protein of unknown function (DUF1214)	-	-	-	-	-	DUF1214,DUF1254
3225	GEA51495.1	617140.AJZE01000072_gene839	3.1e-145	414.0	28PXN@1|root,2ZCHK@2|Bacteria,1R71P@1224|Proteobacteria,1S2DY@1236|Gammaproteobacteria,1XUGY@135623|Vibrionales	-	-	-	-	-	-	-
3225	GEA51496.1	1136163.M565_ctg5P1107	2.27e-121	357.0	COG0583@1|root,COG0583@2|Bacteria,1R9DV@1224|Proteobacteria,1S1G5@1236|Gammaproteobacteria,1XW4Q@135623|Vibrionales	Bacterial regulatory helix-turn-helix protein, lysR family	-	-	-	-	-	HTH_1,LysR_substrate
3225	GEA51499.1	1190606.AJYG01000077_gene4159	3.91e-18	84.3	28V67@1|root,2ZH9E@2|Bacteria,1P66A@1224|Proteobacteria,1SUV2@1236|Gammaproteobacteria,1XYK7@135623|Vibrionales	Outer membrane protein beta-barrel domain	-	-	ko:K16078	-	ko00000,ko02000	OMP_b-brl
3225	GEA51500.1	1006000.GKAS_01111	2.97e-78	238.0	COG0163@1|root,COG0163@2|Bacteria,1RA0P@1224|Proteobacteria,1RPN1@1236|Gammaproteobacteria	Flavin prenyltransferase that catalyzes the synthesis of the prenylated FMN cofactor (prenyl-FMN) for 4-hydroxy-3- polyprenylbenzoic acid decarboxylase UbiD. The prenyltransferase is metal-independent and links a dimethylallyl moiety from dimethylallyl monophosphate (DMAP) to the flavin N5 and C6 atoms of FMN	ubiX	GO:0006732,GO:0006733,GO:0006743,GO:0006744,GO:0008150,GO:0008152,GO:0009058,GO:0009108,GO:0009987,GO:0042180,GO:0042181,GO:0044237,GO:0044249,GO:0044281,GO:0044283,GO:0051186,GO:0051188,GO:0071704,GO:1901576,GO:1901661,GO:1901663	ko:K03186	ko00130,ko00627,ko00940,ko01100,ko01110,ko01120,ko01220,map00130,map00627,map00940,map01100,map01110,map01120,map01220	ko00000,ko00001,ko00002,ko01000	Flavoprotein
3225	GEA51501.1	1038860.AXAP01000002_gene4721	3.46e-08	64.3	COG3659@1|root,COG3659@2|Bacteria,1QIBX@1224|Proteobacteria,2VFW6@28211|Alphaproteobacteria	Carbohydrate-selective porin, OprB family	-	-	-	-	-	OprB
3225	GEA51502.1	1321778.HMPREF1982_03363	1.3e-14	71.6	arCOG04966@1|root,33EHA@2|Bacteria,1VN4X@1239|Firmicutes	-	-	-	-	-	-	-
3225	GEA51503.1	1332071.L581_3718	1.39e-164	484.0	COG0043@1|root,COG0043@2|Bacteria,1PZMY@1224|Proteobacteria,1S199@1236|Gammaproteobacteria,404PN@613|Serratia	Catalyzes the reversible decarboxylation of aromatic carboxylic acids	-	-	ko:K03182	ko00130,ko01100,ko01110,map00130,map01100,map01110	ko00000,ko00001,ko00002,ko01000	UbiD
3225	GEA51504.1	1205908.AKXW01000133_gene563	1.47e-196	548.0	COG0583@1|root,COG0583@2|Bacteria,1RI6D@1224|Proteobacteria,1S7GN@1236|Gammaproteobacteria,1XZZV@135623|Vibrionales	Bacterial regulatory helix-turn-helix protein, lysR family	-	-	-	-	-	HTH_1,LysR_substrate
3225	GEA51505.1	1205908.AKXW01000133_gene564	0.0	915.0	COG5361@1|root,COG5361@2|Bacteria,1NX2A@1224|Proteobacteria,1RZYZ@1236|Gammaproteobacteria,1XVFC@135623|Vibrionales	Protein of unknown function (DUF1214)	-	-	-	-	-	DUF1214,DUF1254
3225	GEA51506.1	1205908.AKXW01000133_gene565	0.0	977.0	COG0729@1|root,COG0729@2|Bacteria,1MUKM@1224|Proteobacteria,1RNQ3@1236|Gammaproteobacteria,1XV6M@135623|Vibrionales	POTRA domain TamA domain 1	-	-	ko:K07278	-	ko00000,ko02000	Bac_surface_Ag,POTRA_TamA_1
3225	GEA51507.1	1205908.AKXW01000133_gene566	3.53e-221	616.0	COG3214@1|root,COG3214@2|Bacteria,1N40B@1224|Proteobacteria,1RPYB@1236|Gammaproteobacteria,1XTPZ@135623|Vibrionales	Winged helix DNA-binding domain	-	-	ko:K09927	-	ko00000	HTH_42
3225	GEA51508.1	1205908.AKXW01000133_gene567	5.74e-88	259.0	COG0782@1|root,COG0782@2|Bacteria,1MZNI@1224|Proteobacteria,1SED1@1236|Gammaproteobacteria,1XXMF@135623|Vibrionales	COG0782 Transcription elongation factor	-	-	-	-	-	GreA_GreB
3225	GEA51509.1	1205908.AKXW01000133_gene568	1.77e-173	486.0	COG3637@1|root,COG3637@2|Bacteria,1N7AR@1224|Proteobacteria,1SG7N@1236|Gammaproteobacteria,1XXFP@135623|Vibrionales	Has lipid A 3-O-deacylase activity. Hydrolyzes the ester bond at the 3 position of lipid A, a bioactive component of lipopolysaccharide (LPS), thereby releasing the primary fatty acyl moiety	-	-	-	-	-	DUF481
3225	GEA51510.1	1205908.AKXW01000133_gene569	1.37e-306	840.0	COG1502@1|root,COG1502@2|Bacteria,1MUDJ@1224|Proteobacteria,1RMIF@1236|Gammaproteobacteria,1XW8Q@135623|Vibrionales	Phospholipase D. Active site motifs.	-	-	ko:K06132	ko00564,ko01100,map00564,map01100	ko00000,ko00001,ko01000	PLDc_2
3225	GEA51511.1	1136163.M565_ctg5P0575	0.0	1104.0	COG2272@1|root,COG2272@2|Bacteria,1MVQZ@1224|Proteobacteria,1RPFW@1236|Gammaproteobacteria,1XW2R@135623|Vibrionales	Carboxylesterase family	-	-	ko:K03929	-	ko00000,ko01000	COesterase
3225	GEA51513.1	1205908.AKXW01000133_gene571	0.0	906.0	2DBU9@1|root,2ZB4W@2|Bacteria,1N79G@1224|Proteobacteria,1S152@1236|Gammaproteobacteria,1XSBW@135623|Vibrionales	-	-	-	-	-	-	-
3225	GEA51514.1	1205908.AKXW01000133_gene572	1.63e-247	683.0	COG1752@1|root,COG1752@2|Bacteria,1NT1Q@1224|Proteobacteria,1RP9M@1236|Gammaproteobacteria,1XU4W@135623|Vibrionales	Patatin-like phospholipase	-	-	-	-	-	Patatin
3225	GEA51515.1	1205908.AKXW01000133_gene573	8.44e-282	771.0	COG0004@1|root,COG0004@2|Bacteria,1NR9F@1224|Proteobacteria,1RMKD@1236|Gammaproteobacteria,1XSE7@135623|Vibrionales	ammonium transporter	-	-	ko:K03320	-	ko00000,ko02000	Ammonium_transp
3225	GEA51516.1	1205908.AKXW01000133_gene574	0.0	1122.0	COG0591@1|root,COG0591@2|Bacteria,1MW6E@1224|Proteobacteria,1RXYK@1236|Gammaproteobacteria,1XU6V@135623|Vibrionales	Belongs to the sodium solute symporter (SSF) (TC 2.A.21) family	-	-	-	-	-	SSF
3225	GEA51517.1	1219080.VEZ01S_32_00010	1.43e-252	694.0	COG0012@1|root,COG0012@2|Bacteria,1MVM4@1224|Proteobacteria,1RMBI@1236|Gammaproteobacteria,1XTPY@135623|Vibrionales	ATPase that binds to both the 70S ribosome and the 50S ribosomal subunit in a nucleotide-independent manner	ychF	-	ko:K06942	-	ko00000,ko03009	MMR_HSR1,YchF-GTPase_C
3225	GEA51518.1	1205908.AKXW01000029_gene1419	9.98e-140	394.0	COG0193@1|root,COG0193@2|Bacteria,1MX1P@1224|Proteobacteria,1RPK3@1236|Gammaproteobacteria,1XT46@135623|Vibrionales	The natural substrate for this enzyme may be peptidyl- tRNAs which drop off the ribosome during protein synthesis	pth	GO:0003674,GO:0003824,GO:0004045,GO:0016787,GO:0016788,GO:0052689,GO:0140098,GO:0140101	ko:K01056	-	ko00000,ko01000,ko03012	Pept_tRNA_hydro
3225	GEA51519.1	1517681.HW45_22340	3.07e-214	593.0	COG0462@1|root,COG0462@2|Bacteria,1MW21@1224|Proteobacteria,1RMUC@1236|Gammaproteobacteria,1XSZQ@135623|Vibrionales	Involved in the biosynthesis of the central metabolite phospho-alpha-D-ribosyl-1-pyrophosphate (PRPP) via the transfer of pyrophosphoryl group from ATP to 1-hydroxyl of ribose-5-phosphate (Rib-5-P)	prs	GO:0003674,GO:0003824,GO:0004749,GO:0006139,GO:0006163,GO:0006164,GO:0006725,GO:0006753,GO:0006793,GO:0006796,GO:0006807,GO:0008150,GO:0008152,GO:0009058,GO:0009117,GO:0009150,GO:0009152,GO:0009165,GO:0009259,GO:0009260,GO:0009987,GO:0016740,GO:0016772,GO:0016778,GO:0018130,GO:0019438,GO:0019637,GO:0019693,GO:0034641,GO:0034654,GO:0044237,GO:0044238,GO:0044249,GO:0044271,GO:0044281,GO:0046390,GO:0046483,GO:0055086,GO:0071704,GO:0072521,GO:0072522,GO:0090407,GO:1901135,GO:1901137,GO:1901293,GO:1901360,GO:1901362,GO:1901564,GO:1901566,GO:1901576	ko:K00948	ko00030,ko00230,ko01100,ko01110,ko01120,ko01130,ko01200,ko01230,map00030,map00230,map01100,map01110,map01120,map01130,map01200,map01230	ko00000,ko00001,ko00002,ko01000	Pribosyl_synth,Pribosyltran_N
3225	GEA51520.1	1205908.AKXW01000029_gene1421	1.98e-199	553.0	COG1947@1|root,COG1947@2|Bacteria,1MVU3@1224|Proteobacteria,1RP23@1236|Gammaproteobacteria,1XUCF@135623|Vibrionales	Catalyzes the phosphorylation of the position 2 hydroxy group of 4-diphosphocytidyl-2C-methyl-D-erythritol	ispE	GO:0003674,GO:0003824,GO:0006629,GO:0006720,GO:0006793,GO:0006796,GO:0008150,GO:0008152,GO:0008299,GO:0008610,GO:0009058,GO:0009987,GO:0016301,GO:0016310,GO:0016740,GO:0016772,GO:0016773,GO:0044237,GO:0044238,GO:0044249,GO:0044255,GO:0050515,GO:0071704,GO:1901576	ko:K00919	ko00900,ko01100,ko01110,ko01130,map00900,map01100,map01110,map01130	ko00000,ko00001,ko00002,ko01000	GHMP_kinases_C,GHMP_kinases_N
3225	GEA51521.1	1205908.AKXW01000029_gene1422	6.07e-123	351.0	COG3017@1|root,COG3017@2|Bacteria,1N02T@1224|Proteobacteria,1S91E@1236|Gammaproteobacteria,1XX2S@135623|Vibrionales	Plays a critical role in the incorporation of lipoproteins in the outer membrane after they are released by the LolA protein	lolB	GO:0005575,GO:0005623,GO:0009279,GO:0016020,GO:0019867,GO:0030312,GO:0030313,GO:0031975,GO:0044462,GO:0044464,GO:0071944	ko:K02494	-	ko00000	LolB
3225	GEA51522.1	1205908.AKXW01000029_gene1423	5.94e-282	773.0	COG0373@1|root,COG0373@2|Bacteria,1MU41@1224|Proteobacteria,1RNQ8@1236|Gammaproteobacteria,1XTUS@135623|Vibrionales	Catalyzes the NADPH-dependent reduction of glutamyl- tRNA(Glu) to glutamate 1-semialdehyde (GSA)	hemA	GO:0003674,GO:0003824,GO:0006725,GO:0006778,GO:0006779,GO:0006807,GO:0008150,GO:0008152,GO:0008883,GO:0009058,GO:0009987,GO:0016491,GO:0016620,GO:0016903,GO:0018130,GO:0019438,GO:0033013,GO:0033014,GO:0034641,GO:0044237,GO:0044249,GO:0044271,GO:0046483,GO:0051186,GO:0051188,GO:0055114,GO:0071704,GO:0140098,GO:0140101,GO:1901360,GO:1901362,GO:1901564,GO:1901566,GO:1901576	ko:K02492	ko00860,ko01100,ko01110,ko01120,map00860,map01100,map01110,map01120	ko00000,ko00001,ko00002,ko01000	GlutR_N,GlutR_dimer,Shikimate_DH
3225	GEA51523.1	1205908.AKXW01000029_gene1424	2.68e-252	693.0	COG0216@1|root,COG0216@2|Bacteria,1MV28@1224|Proteobacteria,1RM7Q@1236|Gammaproteobacteria,1XTF3@135623|Vibrionales	Peptide chain release factor 1 directs the termination of translation in response to the peptide chain termination codons UAG and UAA	prfA	GO:0003674,GO:0003676,GO:0003723,GO:0003747,GO:0005488,GO:0006412,GO:0006415,GO:0006518,GO:0006807,GO:0008079,GO:0008135,GO:0008150,GO:0008152,GO:0009058,GO:0009059,GO:0009987,GO:0010467,GO:0016043,GO:0019538,GO:0022411,GO:0032984,GO:0034641,GO:0034645,GO:0043043,GO:0043170,GO:0043603,GO:0043604,GO:0043624,GO:0043933,GO:0044237,GO:0044238,GO:0044249,GO:0044260,GO:0044267,GO:0044271,GO:0071704,GO:0071840,GO:0097159,GO:1901363,GO:1901564,GO:1901566,GO:1901576	ko:K02835	-	ko00000,ko03012	PCRF,RF-1
3225	GEA51524.1	1205908.AKXW01000029_gene1425	1.4e-181	508.0	COG2890@1|root,COG2890@2|Bacteria,1MXCQ@1224|Proteobacteria,1RNGK@1236|Gammaproteobacteria,1XTR8@135623|Vibrionales	Methylates the class 1 translation termination release factors RF1 PrfA and RF2 PrfB on the glutamine residue of the universally conserved GGQ motif	prmC	GO:0003674,GO:0003824,GO:0005575,GO:0005622,GO:0005623,GO:0005737,GO:0005829,GO:0006464,GO:0006479,GO:0006807,GO:0008150,GO:0008152,GO:0008168,GO:0008170,GO:0008213,GO:0008276,GO:0008757,GO:0009987,GO:0016740,GO:0016741,GO:0018364,GO:0019538,GO:0032259,GO:0036009,GO:0036211,GO:0043170,GO:0043412,GO:0043414,GO:0044237,GO:0044238,GO:0044260,GO:0044267,GO:0044424,GO:0044444,GO:0044464,GO:0071704,GO:0140096,GO:1901564	ko:K02493	-	ko00000,ko01000,ko03012	Methyltransf_31
3225	GEA51525.1	1205908.AKXW01000029_gene1426	9.44e-82	242.0	COG3094@1|root,COG3094@2|Bacteria,1N50P@1224|Proteobacteria,1SAX6@1236|Gammaproteobacteria,1XXDI@135623|Vibrionales	protein conserved in bacteria	sirB	-	-	-	-	SirB
3225	GEA51526.1	1205908.AKXW01000029_gene1427	6.15e-193	535.0	COG2912@1|root,COG2912@2|Bacteria,1MVJQ@1224|Proteobacteria,1RQ7V@1236|Gammaproteobacteria,1XSET@135623|Vibrionales	Transglutaminase-like superfamily	ychA	-	-	-	-	TPR_9,Transglut_core2
3225	GEA51527.1	1205908.AKXW01000029_gene1428	8.4e-198	548.0	COG2877@1|root,COG2877@2|Bacteria,1MV91@1224|Proteobacteria,1RMGQ@1236|Gammaproteobacteria,1XSUC@135623|Vibrionales	Belongs to the KdsA family	kdsA	GO:0000271,GO:0003674,GO:0003824,GO:0005975,GO:0005976,GO:0005996,GO:0006082,GO:0006629,GO:0008150,GO:0008152,GO:0008610,GO:0008653,GO:0008676,GO:0009058,GO:0009059,GO:0009103,GO:0009987,GO:0016051,GO:0016053,GO:0016740,GO:0016765,GO:0019294,GO:0019752,GO:0033692,GO:0034637,GO:0034645,GO:0043170,GO:0043436,GO:0044237,GO:0044238,GO:0044249,GO:0044255,GO:0044260,GO:0044262,GO:0044264,GO:0044281,GO:0044283,GO:0046364,GO:0046394,GO:0046400,GO:0071704,GO:1901135,GO:1901137,GO:1901576,GO:1903509	ko:K01627	ko00540,ko01100,map00540,map01100	ko00000,ko00001,ko00002,ko01000,ko01005	DAHP_synth_1
3225	GEA51528.1	1205908.AKXW01000029_gene1429	0.0	1059.0	COG0737@1|root,COG0737@2|Bacteria,1MX03@1224|Proteobacteria,1RPX3@1236|Gammaproteobacteria,1XUQ9@135623|Vibrionales	Belongs to the 5'-nucleotidase family	ushA	GO:0003674,GO:0003824,GO:0006139,GO:0006725,GO:0006793,GO:0006796,GO:0006807,GO:0008150,GO:0008152,GO:0008252,GO:0008253,GO:0009225,GO:0009987,GO:0016311,GO:0016787,GO:0016788,GO:0016791,GO:0034641,GO:0042578,GO:0044237,GO:0044238,GO:0044281,GO:0046483,GO:0055086,GO:0071704,GO:1901135,GO:1901360	ko:K11751	ko00230,ko00240,ko00760,ko01100,ko01110,map00230,map00240,map00760,map01100,map01110	ko00000,ko00001,ko01000	5_nucleotid_C,Metallophos
3225	GEA51529.1	1205908.AKXW01000029_gene1430	4.45e-99	288.0	COG2606@1|root,COG2606@2|Bacteria,1RGX5@1224|Proteobacteria,1S6S0@1236|Gammaproteobacteria,1XX0H@135623|Vibrionales	Belongs to the prolyl-tRNA editing family. YbaK EbsC subfamily	ybaK	-	ko:K03976	-	ko00000,ko01000,ko03016	tRNA_edit
3225	GEA51530.1	1205908.AKXW01000029_gene1431	1.74e-114	330.0	COG1280@1|root,COG1280@2|Bacteria,1RET0@1224|Proteobacteria,1S322@1236|Gammaproteobacteria,1XW5A@135623|Vibrionales	threonine efflux protein	-	-	-	-	-	LysE
3225	GEA51531.1	1205908.AKXW01000029_gene1432	6.89e-91	268.0	COG1522@1|root,COG1522@2|Bacteria,1MX7R@1224|Proteobacteria,1S61U@1236|Gammaproteobacteria,1XX50@135623|Vibrionales	COG1522 Transcriptional regulators	-	-	-	-	-	AsnC_trans_reg,HTH_24
3225	GEA51532.1	1205908.AKXW01000029_gene1433	1.85e-220	610.0	COG1187@1|root,COG1187@2|Bacteria,1MXQE@1224|Proteobacteria,1RMC7@1236|Gammaproteobacteria,1XTHG@135623|Vibrionales	Belongs to the pseudouridine synthase RsuA family	rluF	-	ko:K06182	-	ko00000,ko01000,ko03009	PseudoU_synth_2,S4
3225	GEA51533.1	1205908.AKXW01000029_gene1434	2.02e-123	352.0	COG2840@1|root,COG2840@2|Bacteria,1RH34@1224|Proteobacteria,1S6B5@1236|Gammaproteobacteria,1XT93@135623|Vibrionales	protein conserved in bacteria	-	-	-	-	-	Smr
3225	GEA51534.1	1205908.AKXW01000029_gene1435	4.44e-212	588.0	COG2885@1|root,COG2885@2|Bacteria,1QV56@1224|Proteobacteria,1RQ4Y@1236|Gammaproteobacteria,1XSNF@135623|Vibrionales	Putative MetA-pathway of phenol degradation	-	-	-	-	-	Phenol_MetA_deg
3225	GEA51535.1	1205908.AKXW01000029_gene1436	2.71e-84	253.0	2AWC1@1|root,31N7U@2|Bacteria,1QJZ6@1224|Proteobacteria,1TI1K@1236|Gammaproteobacteria,1XY5W@135623|Vibrionales	-	-	-	-	-	-	-
3225	GEA51536.1	1205908.AKXW01000029_gene1437	5.41e-118	341.0	COG3271@1|root,COG3271@2|Bacteria,1RHAJ@1224|Proteobacteria,1S6IC@1236|Gammaproteobacteria,1XVPM@135623|Vibrionales	Papain-like cysteine protease AvrRpt2	-	-	ko:K06992	-	ko00000	Peptidase_C39
3225	GEA51537.1	1219072.VHA01S_005_01650	3.21e-41	138.0	2EGYY@1|root,33AR2@2|Bacteria,1NGMM@1224|Proteobacteria,1SJCX@1236|Gammaproteobacteria,1XYMN@135623|Vibrionales	-	-	-	-	-	-	-
3225	GEA51538.1	1219072.VHA01S_005_01640	1.57e-22	100.0	2DBVZ@1|root,2ZBDU@2|Bacteria,1R8P2@1224|Proteobacteria,1TIDH@1236|Gammaproteobacteria,1XYXI@135623|Vibrionales	-	-	-	-	-	-	-
3225	GEA51539.1	1205908.AKXW01000029_gene1440	2.12e-138	392.0	COG2197@1|root,COG2197@2|Bacteria,1NXKF@1224|Proteobacteria,1RWZE@1236|Gammaproteobacteria,1XW9X@135623|Vibrionales	COG2197 Response regulator containing a CheY-like receiver domain and an HTH DNA-binding domain	-	-	ko:K20918	ko05111,map05111	ko00000,ko00001,ko03000	GerE
3225	GEA51540.1	1205908.AKXW01000065_gene2902	1.08e-122	350.0	COG3637@1|root,COG3637@2|Bacteria,1QJG2@1224|Proteobacteria,1THFN@1236|Gammaproteobacteria,1XVFN@135623|Vibrionales	OmpA-like transmembrane domain	-	-	ko:K03286	-	ko00000,ko02000	OmpA_membrane
3225	GEA51541.1	1205908.AKXW01000065_gene2903	1.04e-222	615.0	COG1226@1|root,COG1226@2|Bacteria,1NT9G@1224|Proteobacteria,1RZME@1236|Gammaproteobacteria,1XTBJ@135623|Vibrionales	COG1226 Kef-type K transport systems	VP1064	-	ko:K10716	-	ko00000,ko02000	Ion_trans_2,TrkA_N
3225	GEA51542.1	617140.AJZE01000076_gene1242	1.22e-129	370.0	COG0110@1|root,COG0110@2|Bacteria,1MUCJ@1224|Proteobacteria,1RPPT@1236|Gammaproteobacteria,1XU90@135623|Vibrionales	COG0110 Acetyltransferase (isoleucine patch superfamily)	-	-	ko:K00638	-	br01600,ko00000,ko01000,ko01504	Hexapep
3225	GEA51543.1	1205908.AKXW01000108_gene1265	5.88e-110	316.0	COG0346@1|root,COG0346@2|Bacteria,1QEI0@1224|Proteobacteria,1RRJ9@1236|Gammaproteobacteria,1XUJU@135623|Vibrionales	COG0346 Lactoylglutathione lyase and related lyases	-	-	-	-	-	Glyoxalase
3225	GEA51544.1	1517681.HW45_26630	2.75e-32	117.0	2DMKI@1|root,32S70@2|Bacteria,1N1FV@1224|Proteobacteria,1S778@1236|Gammaproteobacteria,1XXPS@135623|Vibrionales	SpoIIAA-like	VVA0543	-	-	-	-	SpoIIAA-like
3225	GEA51545.1	1517681.HW45_26575	1.07e-22	89.4	2AWR7@1|root,31NN5@2|Bacteria,1QKCR@1224|Proteobacteria,1TIG8@1236|Gammaproteobacteria,1XZ2S@135623|Vibrionales	-	-	-	-	-	-	-
3225	GEA51546.1	1219072.VHA01S_005_01610	0.0	1472.0	COG3525@1|root,COG3525@2|Bacteria,1MVDE@1224|Proteobacteria,1RMNI@1236|Gammaproteobacteria,1XTQZ@135623|Vibrionales	COG3525 N-acetyl-beta-hexosaminidase	chb	-	ko:K12373	ko00511,ko00513,ko00520,ko00531,ko00603,ko00604,ko01100,ko04142,map00511,map00513,map00520,map00531,map00603,map00604,map01100,map04142	ko00000,ko00001,ko00002,ko01000,ko03110	CHB_HEX,CHB_HEX_C,Glyco_hydro_20,Glyco_hydro_20b
3225	GEA51547.1	223926.28805746	1.04e-197	556.0	COG3203@1|root,COG3203@2|Bacteria,1MWUN@1224|Proteobacteria,1S8I8@1236|Gammaproteobacteria,1XSXE@135623|Vibrionales	COG3203 Outer membrane protein (porin)	-	-	-	-	-	Porin_4
3225	GEA51548.1	1280001.BAOA01000107_gene4693	9.36e-49	166.0	COG3110@1|root,COG3110@2|Bacteria,1QJKG@1224|Proteobacteria,1THM4@1236|Gammaproteobacteria,1XWN3@135623|Vibrionales	Belongs to the UPF0319 family	-	-	ko:K09909	-	ko00000	DUF2057
3225	GEA51549.1	1027273.GZ77_00400	2.41e-11	65.9	2E3UE@1|root,32YRS@2|Bacteria,1N75A@1224|Proteobacteria,1S9W5@1236|Gammaproteobacteria,1XM11@135619|Oceanospirillales	Protein of unknown function (DUF2799)	-	-	-	-	-	DUF2799
3225	GEA51550.1	1205908.AKXW01000107_gene1131	1.01e-158	445.0	2AVQI@1|root,31MHR@2|Bacteria,1QJD1@1224|Proteobacteria,1THC6@1236|Gammaproteobacteria,1XTM5@135623|Vibrionales	Oligogalacturonate-specific porin protein (KdgM)	-	-	-	-	-	KdgM
3225	GEA51551.1	1205908.AKXW01000107_gene1132	4.01e-196	543.0	2BVTQ@1|root,2Z7J9@2|Bacteria,1P01Z@1224|Proteobacteria,1RNNB@1236|Gammaproteobacteria,1XT57@135623|Vibrionales	Protein of unknown function (DUF2797)	-	-	-	-	-	DUF2797
3225	GEA51552.1	1205908.AKXW01000107_gene1133	0.0	934.0	COG0008@1|root,COG0008@2|Bacteria,1MUCR@1224|Proteobacteria,1RN3R@1236|Gammaproteobacteria,1XTNZ@135623|Vibrionales	Catalyzes the attachment of glutamate to tRNA(Glu) in a two-step reaction glutamate is first activated by ATP to form Glu-AMP and then transferred to the acceptor end of tRNA(Glu)	gltX	-	ko:K01885	ko00860,ko00970,ko01100,ko01110,ko01120,map00860,map00970,map01100,map01110,map01120	ko00000,ko00001,ko00002,ko01000,ko01007,ko02048,ko03016	tRNA-synt_1c
3225	GEA51553.1	1205908.AKXW01000107_gene1134	0.0	2872.0	COG5002@1|root,COG5002@2|Bacteria,1R5EN@1224|Proteobacteria,1T1JE@1236|Gammaproteobacteria,1Y33J@135623|Vibrionales	PAS domain	-	-	-	-	-	CHASE,HATPase_c,HisKA,Hpt,PAS,PAS_9,Response_reg
3225	GEA51554.1	1205908.AKXW01000107_gene1135	1.92e-224	622.0	COG3437@1|root,COG3437@2|Bacteria,1MUB8@1224|Proteobacteria,1RPH3@1236|Gammaproteobacteria,1XT5R@135623|Vibrionales	COG3437 Response regulator containing a CheY-like receiver domain and an HD-GYP domain	-	-	ko:K07814	-	ko00000,ko02022	HD,HD_5,Response_reg
3225	GEA51555.1	1205908.AKXW01000107_gene1136	6.97e-270	744.0	COG2199@1|root,COG2199@2|Bacteria,1R4NG@1224|Proteobacteria,1S0XZ@1236|Gammaproteobacteria,1XU79@135623|Vibrionales	periplasmic ligand-binding sensor domain	-	-	-	-	-	CHASE,GGDEF
3225	GEA51556.1	1205908.AKXW01000107_gene1137	3.23e-289	792.0	COG0544@1|root,COG0544@2|Bacteria,1MUJP@1224|Proteobacteria,1RNZE@1236|Gammaproteobacteria,1XUKH@135623|Vibrionales	Involved in protein export. Acts as a chaperone by maintaining the newly synthesized protein in an open conformation. Functions as a peptidyl-prolyl cis-trans isomerase	tig	GO:0000413,GO:0003674,GO:0003755,GO:0003824,GO:0005575,GO:0005622,GO:0005623,GO:0005737,GO:0006457,GO:0006464,GO:0006807,GO:0008150,GO:0008152,GO:0009987,GO:0016853,GO:0016859,GO:0018193,GO:0018208,GO:0019538,GO:0036211,GO:0043170,GO:0043412,GO:0044237,GO:0044238,GO:0044260,GO:0044267,GO:0044424,GO:0044464,GO:0071704,GO:0140096,GO:1901564	ko:K03545	-	ko00000	FKBP_C,Trigger_C,Trigger_N
3225	GEA51557.1	1205908.AKXW01000107_gene1138	3.06e-144	407.0	COG0740@1|root,COG0740@2|Bacteria,1MV46@1224|Proteobacteria,1RNR6@1236|Gammaproteobacteria,1XU75@135623|Vibrionales	Cleaves peptides in various proteins in a process that requires ATP hydrolysis. Has a chymotrypsin-like activity. Plays a major role in the degradation of misfolded proteins	clpP	-	ko:K01358	ko04112,ko04212,map04112,map04212	ko00000,ko00001,ko01000,ko01002	CLP_protease
3225	GEA51558.1	1205908.AKXW01000107_gene1139	1.42e-304	830.0	COG1219@1|root,COG1219@2|Bacteria,1MVQK@1224|Proteobacteria,1RN9N@1236|Gammaproteobacteria,1XUMV@135623|Vibrionales	ATP-dependent specificity component of the Clp protease. It directs the protease to specific substrates. Can perform chaperone functions in the absence of ClpP	clpX	GO:0000166,GO:0003674,GO:0003824,GO:0004176,GO:0005488,GO:0005524,GO:0006508,GO:0006807,GO:0008144,GO:0008150,GO:0008152,GO:0008233,GO:0009056,GO:0009057,GO:0009987,GO:0016462,GO:0016787,GO:0016817,GO:0016818,GO:0016887,GO:0017076,GO:0017111,GO:0019538,GO:0030163,GO:0030554,GO:0032553,GO:0032555,GO:0032559,GO:0035639,GO:0036094,GO:0042623,GO:0043167,GO:0043168,GO:0043170,GO:0044238,GO:0051301,GO:0070011,GO:0071704,GO:0097159,GO:0097367,GO:0140096,GO:1901265,GO:1901363,GO:1901564,GO:1901565,GO:1901575	ko:K03544	ko04112,map04112	ko00000,ko00001,ko03110	AAA_2,ClpB_D2-small,zf-C4_ClpX
3225	GEA51559.1	1205908.AKXW01000107_gene1140	0.0	1475.0	COG0466@1|root,COG0466@2|Bacteria,1MUV2@1224|Proteobacteria,1RPCB@1236|Gammaproteobacteria,1XU6N@135623|Vibrionales	ATP-dependent serine protease that mediates the selective degradation of mutant and abnormal proteins as well as certain short-lived regulatory proteins. Required for cellular homeostasis and for survival from DNA damage and developmental changes induced by stress. Degrades polypeptides processively to yield small peptide fragments that are 5 to 10 amino acids long. Binds to DNA in a double-stranded, site-specific manner	lon	-	ko:K01338	ko04112,map04112	ko00000,ko00001,ko01000,ko01002	AAA,LON_substr_bdg,Lon_C
3225	GEA51560.1	1205908.AKXW01000107_gene1141	2.47e-53	167.0	COG0776@1|root,COG0776@2|Bacteria,1MZ5B@1224|Proteobacteria,1S8VH@1236|Gammaproteobacteria,1XXU2@135623|Vibrionales	Histone-like DNA-binding protein which is capable of wrapping DNA to stabilize it, and thus to prevent its denaturation under extreme environmental conditions	hupB	GO:0003674,GO:0003676,GO:0003677,GO:0005488,GO:0005575,GO:0005622,GO:0005623,GO:0005694,GO:0005737,GO:0005829,GO:0006323,GO:0006996,GO:0008150,GO:0009889,GO:0009987,GO:0010556,GO:0016043,GO:0019219,GO:0019222,GO:0031323,GO:0031326,GO:0043226,GO:0043228,GO:0043229,GO:0043232,GO:0044424,GO:0044444,GO:0044464,GO:0050789,GO:0050794,GO:0051171,GO:0051252,GO:0051276,GO:0060255,GO:0065007,GO:0071103,GO:0071840,GO:0080090,GO:0097159,GO:1901363,GO:1903506,GO:2001141	ko:K03530	-	ko00000,ko03032,ko03036,ko03400	Bac_DNA_binding
3225	GEA51561.1	1205908.AKXW01000107_gene1142	0.0	998.0	COG0760@1|root,COG0760@2|Bacteria,1MWV0@1224|Proteobacteria,1RMT5@1236|Gammaproteobacteria,1XT2A@135623|Vibrionales	Peptidylprolyl isomerase	ppiD	-	ko:K03770	-	ko00000,ko01000,ko03110	Rotamase_2,Rotamase_3,SurA_N_3
3225	GEA51562.1	1205908.AKXW01000107_gene1143	1.96e-52	166.0	COG1555@1|root,COG1555@2|Bacteria,1N6Q3@1224|Proteobacteria,1SC7U@1236|Gammaproteobacteria,1XYXQ@135623|Vibrionales	COG1555 DNA uptake protein and related DNA-binding proteins	-	-	ko:K02237	-	ko00000,ko00002,ko02044	HHH_3
3225	GEA51563.1	1205908.AKXW01000107_gene1145	1.97e-121	348.0	COG3148@1|root,COG3148@2|Bacteria,1MZCN@1224|Proteobacteria,1S977@1236|Gammaproteobacteria,1XUVF@135623|Vibrionales	DTW	-	-	-	-	-	DTW
3225	GEA51564.1	1205908.AKXW01000107_gene1146	2.59e-313	853.0	COG0232@1|root,COG0232@2|Bacteria,1MVQ2@1224|Proteobacteria,1RPVJ@1236|Gammaproteobacteria,1XTWV@135623|Vibrionales	Belongs to the dGTPase family. Type 2 subfamily	dgt	GO:0003674,GO:0003824,GO:0006139,GO:0006163,GO:0006195,GO:0006203,GO:0006725,GO:0006753,GO:0006793,GO:0006796,GO:0006807,GO:0008150,GO:0008152,GO:0008832,GO:0009056,GO:0009058,GO:0009117,GO:0009141,GO:0009143,GO:0009144,GO:0009146,GO:0009151,GO:0009155,GO:0009166,GO:0009200,GO:0009204,GO:0009215,GO:0009217,GO:0009262,GO:0009264,GO:0009394,GO:0009987,GO:0015949,GO:0016787,GO:0016788,GO:0016793,GO:0018130,GO:0019438,GO:0019439,GO:0019637,GO:0019692,GO:0034404,GO:0034641,GO:0034654,GO:0034655,GO:0042578,GO:0044237,GO:0044238,GO:0044248,GO:0044249,GO:0044270,GO:0044271,GO:0044281,GO:0044283,GO:0046070,GO:0046386,GO:0046434,GO:0046483,GO:0046700,GO:0055086,GO:0071704,GO:0072521,GO:0072523,GO:1901135,GO:1901136,GO:1901292,GO:1901360,GO:1901361,GO:1901362,GO:1901564,GO:1901565,GO:1901575,GO:1901576	ko:K01129	ko00230,map00230	ko00000,ko00001,ko01000	HD,HD_assoc
3225	GEA51565.1	1219080.VEZ01S_33_00280	1.85e-130	371.0	COG1896@1|root,COG1896@2|Bacteria,1MVGJ@1224|Proteobacteria,1RSED@1236|Gammaproteobacteria,1XTZK@135623|Vibrionales	Catalyzes the strictly specific dephosphorylation of 2'- deoxyribonucleoside 5'-monophosphates	yfbR	-	ko:K08722	ko00240,ko01100,map00240,map01100	ko00000,ko00001,ko01000	HD_3
3225	GEA51566.1	1205908.AKXW01000107_gene1148	5.66e-298	812.0	COG0436@1|root,COG0436@2|Bacteria,1MW0Z@1224|Proteobacteria,1RN5B@1236|Gammaproteobacteria,1XSWC@135623|Vibrionales	COG0436 Aspartate tyrosine aromatic aminotransferase	alaA	-	ko:K14260	ko00220,ko00250,ko00290,ko01100,ko01110,ko01130,ko01210,ko01230,map00220,map00250,map00290,map01100,map01110,map01130,map01210,map01230	ko00000,ko00001,ko01000,ko01007	Aminotran_1_2
3225	GEA51567.1	1205908.AKXW01000107_gene1149	7.2e-298	814.0	COG1169@1|root,COG1169@2|Bacteria,1MVB7@1224|Proteobacteria,1RNSR@1236|Gammaproteobacteria,1XTAT@135623|Vibrionales	Catalyzes the conversion of chorismate to isochorismate	menF	-	ko:K02552	ko00130,ko01053,ko01100,ko01110,ko01130,map00130,map01053,map01100,map01110,map01130	ko00000,ko00001,ko00002,ko01000	Chorismate_bind
3225	GEA51568.1	1205908.AKXW01000107_gene1150	0.0	951.0	COG1165@1|root,COG1165@2|Bacteria,1MVMZ@1224|Proteobacteria,1RNRS@1236|Gammaproteobacteria,1XSZF@135623|Vibrionales	Catalyzes the thiamine diphosphate-dependent decarboxylation of 2-oxoglutarate and the subsequent addition of the resulting succinic semialdehyde-thiamine pyrophosphate anion to isochorismate to yield 2-succinyl-5-enolpyruvyl-6-hydroxy-3- cyclohexene-1-carboxylate (SEPHCHC)	menD	GO:0003674,GO:0003824,GO:0006732,GO:0008150,GO:0008152,GO:0008683,GO:0009058,GO:0009108,GO:0009233,GO:0009234,GO:0009987,GO:0016829,GO:0016830,GO:0016831,GO:0016833,GO:0042180,GO:0042181,GO:0044237,GO:0044249,GO:0044281,GO:0044283,GO:0051186,GO:0051188,GO:0071704,GO:1901576,GO:1901661,GO:1901663	ko:K02551	ko00130,ko01100,ko01110,map00130,map01100,map01110	ko00000,ko00001,ko00002,ko01000	TPP_enzyme_C,TPP_enzyme_M_2,TPP_enzyme_N
3225	GEA51569.1	1205908.AKXW01000107_gene1151	1.83e-160	452.0	COG2267@1|root,COG2267@2|Bacteria,1QUFU@1224|Proteobacteria,1T1XG@1236|Gammaproteobacteria,1XSP9@135623|Vibrionales	Catalyzes a proton abstraction reaction that results in 2,5-elimination of pyruvate from 2-succinyl-5-enolpyruvyl-6- hydroxy-3-cyclohexene-1-carboxylate (SEPHCHC) and the formation of 2-succinyl-6-hydroxy-2,4-cyclohexadiene-1-carboxylate (SHCHC)	menH	-	ko:K08680	ko00130,ko01100,ko01110,map00130,map01100,map01110	ko00000,ko00001,ko00002,ko01000	Abhydrolase_1,Abhydrolase_6
3225	GEA51570.1	1205908.AKXW01000107_gene1152	3.78e-225	622.0	COG1441@1|root,COG1441@2|Bacteria,1MV33@1224|Proteobacteria,1RRC0@1236|Gammaproteobacteria,1XTPS@135623|Vibrionales	Converts 2-succinyl-6-hydroxy-2,4-cyclohexadiene-1- carboxylate (SHCHC) to 2-succinylbenzoate (OSB)	menC	GO:0003674,GO:0003824,GO:0006732,GO:0008150,GO:0008152,GO:0009058,GO:0009108,GO:0009233,GO:0009234,GO:0009987,GO:0042180,GO:0042181,GO:0044237,GO:0044249,GO:0044281,GO:0044283,GO:0051186,GO:0051188,GO:0071704,GO:1901576,GO:1901661,GO:1901663	ko:K02549	ko00130,ko01100,ko01110,map00130,map01100,map01110	ko00000,ko00001,ko00002,ko01000	MR_MLE_C
3225	GEA51571.1	1205908.AKXW01000107_gene1153	1.09e-262	728.0	COG0318@1|root,COG0318@2|Bacteria,1MW0Y@1224|Proteobacteria,1RN35@1236|Gammaproteobacteria,1XTBP@135623|Vibrionales	O-succinylbenzoic acid--CoA ligase	menE	-	ko:K01911	ko00130,ko01100,ko01110,map00130,map01100,map01110	ko00000,ko00001,ko00002,ko01000	AMP-binding,AMP-binding_C
3225	GEA51572.1	1205908.AKXW01000107_gene1154	3.16e-25	95.1	2BN5C@1|root,32GSG@2|Bacteria,1QKPD@1224|Proteobacteria,1TITR@1236|Gammaproteobacteria,1XZMY@135623|Vibrionales	-	-	-	-	-	-	-
3225	GEA51573.1	1205908.AKXW01000107_gene1155	1.99e-208	577.0	COG2855@1|root,COG2855@2|Bacteria,1MVIP@1224|Proteobacteria,1RPSG@1236|Gammaproteobacteria,1XTQB@135623|Vibrionales	membrane	-	-	-	-	-	Cons_hypoth698
3225	GEA51574.1	1205908.AKXW01000107_gene1156	2.03e-183	513.0	COG4395@1|root,COG4395@2|Bacteria,1NSUG@1224|Proteobacteria,1RZ3S@1236|Gammaproteobacteria,1XTTA@135623|Vibrionales	protein conserved in bacteria	-	-	-	-	-	DUF1517,Tim44
3225	GEA51575.1	1205908.AKXW01000107_gene1159	2.86e-19	81.3	COG2261@1|root,COG2261@2|Bacteria,1N72Y@1224|Proteobacteria,1SCD4@1236|Gammaproteobacteria,1XZ82@135623|Vibrionales	Transglycosylase associated protein	-	-	-	-	-	Transgly_assoc
3225	GEA51576.1	1205908.AKXW01000107_gene1160	1.31e-67	204.0	COG0727@1|root,COG0727@2|Bacteria,1MZPF@1224|Proteobacteria,1S8T7@1236|Gammaproteobacteria,1XYQM@135623|Vibrionales	Putative zinc- or iron-chelating domain	-	-	-	-	-	CxxCxxCC
3225	GEA51577.1	1219072.VHA01S_005_01270	0.0	1289.0	COG0280@1|root,COG0857@1|root,COG0280@2|Bacteria,COG0857@2|Bacteria,1QTS5@1224|Proteobacteria,1RMJS@1236|Gammaproteobacteria,1XT1N@135623|Vibrionales	belongs to the CobB CobQ family	pta	GO:0003674,GO:0003824,GO:0006091,GO:0006113,GO:0008150,GO:0008152,GO:0008959,GO:0009987,GO:0015980,GO:0016407,GO:0016740,GO:0016746,GO:0016747,GO:0044237,GO:0055114	ko:K13788	ko00430,ko00620,ko00640,ko00680,ko00720,ko01100,ko01120,ko01200,map00430,map00620,map00640,map00680,map00720,map01100,map01120,map01200	ko00000,ko00001,ko00002,ko01000	AAA_26,DRTGG,PTA_PTB
3225	GEA51578.1	1219080.VEZ01S_33_00410	2.58e-275	754.0	COG0282@1|root,COG0282@2|Bacteria,1MW61@1224|Proteobacteria,1RMKB@1236|Gammaproteobacteria,1XSVG@135623|Vibrionales	Catalyzes the formation of acetyl phosphate from acetate and ATP. Can also catalyze the reverse reaction	ackA1	GO:0003674,GO:0003824,GO:0006091,GO:0006113,GO:0006793,GO:0006796,GO:0008150,GO:0008152,GO:0008776,GO:0009987,GO:0015980,GO:0016301,GO:0016310,GO:0016740,GO:0016772,GO:0016774,GO:0044237,GO:0055114	ko:K00925	ko00430,ko00620,ko00640,ko00680,ko00720,ko01100,ko01120,ko01200,map00430,map00620,map00640,map00680,map00720,map01100,map01120,map01200	ko00000,ko00001,ko00002,ko01000	Acetate_kinase
3225	GEA51579.1	1205908.AKXW01000107_gene1163	5.75e-103	298.0	COG3092@1|root,COG3092@2|Bacteria,1N172@1224|Proteobacteria,1S495@1236|Gammaproteobacteria,1XWYB@135623|Vibrionales	UPF0208 membrane protein	-	-	ko:K09899	-	ko00000	DUF412
3225	GEA51580.1	1205908.AKXW01000107_gene1164	8.32e-208	577.0	COG2984@1|root,COG2984@2|Bacteria,1MW5D@1224|Proteobacteria,1RR1N@1236|Gammaproteobacteria,1XSVW@135623|Vibrionales	ABC transporter substrate-binding protein	-	-	ko:K01989	-	ko00000,ko00002,ko02000	ABC_sub_bind
3225	GEA51581.1	1205908.AKXW01000107_gene1165	1.99e-191	534.0	COG4120@1|root,COG4120@2|Bacteria,1MXGE@1224|Proteobacteria,1RY3E@1236|Gammaproteobacteria,1XUY5@135623|Vibrionales	Belongs to the binding-protein-dependent transport system permease family	-	-	ko:K05832	-	ko00000,ko00002,ko02000	BPD_transp_2
3225	GEA51582.1	1219072.VHA01S_005_01220	4.95e-176	492.0	COG1101@1|root,COG1101@2|Bacteria,1MVDM@1224|Proteobacteria,1RSNT@1236|Gammaproteobacteria,1XUIF@135623|Vibrionales	abc transporter atp-binding protein	-	-	ko:K05833	-	ko00000,ko00002,ko02000	ABC_tran
3225	GEA51583.1	1205908.AKXW01000107_gene1167	0.0	1187.0	COG0366@1|root,COG0366@2|Bacteria,1MVKX@1224|Proteobacteria,1RQHM@1236|Gammaproteobacteria,1XT2H@135623|Vibrionales	Belongs to the glycosyl hydrolase 13 family	malZ	-	ko:K01187	ko00052,ko00500,ko01100,map00052,map00500,map01100	ko00000,ko00001,ko01000	Alpha-amylase,Alpha-amylase_N,DUF3459,Malt_amylase_C
3225	GEA51584.1	1205908.AKXW01000172_gene2976	1.77e-212	588.0	COG0042@1|root,COG0042@2|Bacteria,1MUSM@1224|Proteobacteria,1RMMM@1236|Gammaproteobacteria,1XTYF@135623|Vibrionales	Catalyzes the synthesis of 5,6-dihydrouridine (D), a modified base found in the D-loop of most tRNAs, via the reduction of the C5-C6 double bond in target uridines. Specifically modifies U16 in tRNAs	dusC	-	ko:K05541	-	ko00000,ko01000,ko03016	Dus
3225	GEA51585.1	1205908.AKXW01000172_gene2977	3.16e-129	368.0	COG3012@1|root,COG3012@2|Bacteria,1QN8B@1224|Proteobacteria,1T25E@1236|Gammaproteobacteria,1XWAD@135623|Vibrionales	metal-binding protein related to the C-terminal domain of SecA	-	-	ko:K07039	-	ko00000	SEC-C,UPF0149
3225	GEA51586.1	1205908.AKXW01000172_gene2978	4.16e-112	323.0	COG1495@1|root,COG1495@2|Bacteria,1RIJE@1224|Proteobacteria,1S6WD@1236|Gammaproteobacteria,1XV2K@135623|Vibrionales	Required for disulfide bond formation in some periplasmic proteins. Acts by oxidizing the DsbA protein	dsbB	GO:0006457,GO:0008150,GO:0009987	ko:K03611	-	ko00000,ko03110	DsbB
3225	GEA51587.1	1205908.AKXW01000172_gene2979	0.0	934.0	COG3067@1|root,COG3067@2|Bacteria,1MV0F@1224|Proteobacteria,1RPE3@1236|Gammaproteobacteria,1XT42@135623|Vibrionales	) H( ) antiporter that extrudes sodium in exchange for external protons	nhaB	GO:0003674,GO:0005215,GO:0005451,GO:0005575,GO:0005623,GO:0005886,GO:0006810,GO:0006811,GO:0006812,GO:0006814,GO:0008150,GO:0008324,GO:0015075,GO:0015077,GO:0015078,GO:0015081,GO:0015291,GO:0015297,GO:0015298,GO:0015299,GO:0015318,GO:0015385,GO:0015491,GO:0015672,GO:0016020,GO:0022804,GO:0022857,GO:0022890,GO:0030001,GO:0034220,GO:0035725,GO:0044464,GO:0046873,GO:0051179,GO:0051234,GO:0055085,GO:0071944,GO:0098655,GO:0098660,GO:0098662,GO:0099516,GO:1902600	ko:K03314	-	ko00000,ko02000	NhaB
3225	GEA51588.1	1205908.AKXW01000172_gene2980	4.46e-191	531.0	COG2186@1|root,COG2186@2|Bacteria,1MW7M@1224|Proteobacteria,1RMRE@1236|Gammaproteobacteria,1XTXB@135623|Vibrionales	Multifunctional regulator of fatty acid metabolism	fadR	GO:0000976,GO:0001067,GO:0001130,GO:0001217,GO:0003674,GO:0003676,GO:0003677,GO:0003690,GO:0003700,GO:0005488,GO:0005575,GO:0006355,GO:0008150,GO:0009889,GO:0009890,GO:0009892,GO:0010468,GO:0010556,GO:0010558,GO:0010563,GO:0010565,GO:0010605,GO:0010629,GO:0019216,GO:0019217,GO:0019219,GO:0019220,GO:0019222,GO:0031323,GO:0031324,GO:0031326,GO:0031327,GO:0032991,GO:0032993,GO:0043565,GO:0044212,GO:0045833,GO:0045892,GO:0045934,GO:0045936,GO:0046890,GO:0048519,GO:0048523,GO:0050789,GO:0050794,GO:0051055,GO:0051171,GO:0051172,GO:0051174,GO:0051252,GO:0051253,GO:0060255,GO:0062012,GO:0065007,GO:0071071,GO:0071072,GO:0080090,GO:0097159,GO:0140110,GO:1901363,GO:1902679,GO:1903506,GO:1903507,GO:1903725,GO:1903726,GO:1990837,GO:2000112,GO:2000113,GO:2001141	ko:K03603	-	ko00000,ko03000	FadR_C,GntR
3225	GEA51589.1	1205908.AKXW01000172_gene2981	1.06e-50	161.0	2AWUI@1|root,31NRS@2|Bacteria,1QKG1@1224|Proteobacteria,1TIK2@1236|Gammaproteobacteria,1XZ9G@135623|Vibrionales	-	-	-	-	-	-	-
3225	GEA51590.1	1205908.AKXW01000172_gene2982	2.12e-50	160.0	2AWUI@1|root,31NRS@2|Bacteria,1QKG1@1224|Proteobacteria,1TIK2@1236|Gammaproteobacteria,1XZ9G@135623|Vibrionales	-	-	-	-	-	-	-
3225	GEA51591.1	1205908.AKXW01000172_gene2983	0.0	1863.0	COG0587@1|root,COG0587@2|Bacteria,1MUE4@1224|Proteobacteria,1RQA8@1236|Gammaproteobacteria,1XVW2@135623|Vibrionales	DNA polymerase involved in damage-induced mutagenesis and translesion synthesis (TLS). It is not the major replicative DNA polymerase	dnaE2	-	ko:K14162	-	ko00000,ko01000,ko03400	DNA_pol3_alpha,HHH_6,PHP,tRNA_anti-codon
3225	GEA51592.1	1205908.AKXW01000172_gene2984	1.34e-314	860.0	COG0389@1|root,COG0389@2|Bacteria,1MU5X@1224|Proteobacteria,1S28B@1236|Gammaproteobacteria,1XU19@135623|Vibrionales	Nucleotidyltransferase DNA polymerase involved in DNA repair	-	-	ko:K14161	-	ko00000,ko03400	IMS
3225	GEA51593.1	1205908.AKXW01000172_gene2985	4.71e-156	438.0	COG4544@1|root,COG4544@2|Bacteria,1MZQU@1224|Proteobacteria,1S9RP@1236|Gammaproteobacteria,1XV15@135623|Vibrionales	COG0468 RecA RadA recombinase	-	-	-	-	-	RecA
3225	GEA51594.1	1205908.AKXW01000172_gene2986	1.08e-284	783.0	COG5267@1|root,COG5267@2|Bacteria,1MWJK@1224|Proteobacteria,1RSEC@1236|Gammaproteobacteria,1Y2RE@135623|Vibrionales	Protein of unknown function (DUF1800)	-	-	-	-	-	DUF1800
3225	GEA51595.1	1205908.AKXW01000172_gene2987	1.89e-231	639.0	COG4102@1|root,COG4102@2|Bacteria,1MX4R@1224|Proteobacteria,1RP7V@1236|Gammaproteobacteria,1Y2R8@135623|Vibrionales	Protein of unknown function (DUF1501)	-	-	-	-	-	DUF1501
3225	GEA51596.1	1205908.AKXW01000172_gene2988	0.0	1355.0	COG5001@1|root,COG5001@2|Bacteria,1MU2C@1224|Proteobacteria,1RM8A@1236|Gammaproteobacteria,1XSRH@135623|Vibrionales	signal transduction protein containing a membrane domain, an EAL and a GGDEF domain	-	-	ko:K20962	ko05111,map05111	ko00000,ko00001,ko01000	EAL,GGDEF,Response_reg
3225	GEA51597.1	1205908.AKXW01000172_gene2989	2.17e-198	551.0	COG0834@1|root,COG0834@2|Bacteria,1MWIK@1224|Proteobacteria,1RPBR@1236|Gammaproteobacteria,1XV4Y@135623|Vibrionales	Bacterial periplasmic substrate-binding proteins	VPA1512	-	-	-	-	SBP_bac_3
3225	GEA51598.1	1205908.AKXW01000172_gene2990	5.79e-304	833.0	COG0520@1|root,COG0520@2|Bacteria,1MXH1@1224|Proteobacteria,1RZAJ@1236|Gammaproteobacteria,1XVSS@135623|Vibrionales	Aminotransferase class-V	-	-	-	-	-	Aminotran_5
3225	GEA51599.1	1205908.AKXW01000172_gene2991	1.46e-103	299.0	2BA50@1|root,323IW@2|Bacteria,1RKEJ@1224|Proteobacteria,1S5X7@1236|Gammaproteobacteria,1XWY3@135623|Vibrionales	Domain of unknown function (DUF3859)	-	-	-	-	-	DUF3859
3225	GEA51600.1	1205908.AKXW01000172_gene2992	2.41e-202	561.0	COG2084@1|root,COG2084@2|Bacteria,1RA7F@1224|Proteobacteria,1RMMY@1236|Gammaproteobacteria,1XVZF@135623|Vibrionales	NAD-binding of NADP-dependent 3-hydroxyisobutyrate dehydrogenase	-	-	ko:K00042	ko00630,ko01100,map00630,map01100	ko00000,ko00001,ko01000	NAD_binding_11,NAD_binding_2
3225	GEA51601.1	1205908.AKXW01000172_gene2993	1.51e-210	583.0	COG0583@1|root,COG0583@2|Bacteria,1MZZP@1224|Proteobacteria,1RNX9@1236|Gammaproteobacteria,1XU95@135623|Vibrionales	Transcriptional regulator, LysR family	-	-	-	-	-	HTH_1,LysR_substrate
3225	GEA51602.1	1205908.AKXW01000172_gene2996	1.14e-188	526.0	COG2240@1|root,COG2240@2|Bacteria,1MVC9@1224|Proteobacteria,1RMIE@1236|Gammaproteobacteria,1XSHI@135623|Vibrionales	Pyridoxal kinase involved in the salvage pathway of pyridoxal 5'-phosphate (PLP). Catalyzes the phosphorylation of pyridoxal to PLP	pdxY	-	ko:K00868	ko00750,ko01100,map00750,map01100	ko00000,ko00001,ko01000	Phos_pyr_kin
3225	GEA51603.1	575788.VS_2160	2.24e-41	139.0	2AWPZ@1|root,31NKW@2|Bacteria,1QKBH@1224|Proteobacteria,1TIEY@1236|Gammaproteobacteria,1XZ0D@135623|Vibrionales	-	VPA1070	-	-	-	-	-
3225	GEA51604.1	1205908.AKXW01000172_gene3004	1.23e-261	720.0	COG0477@1|root,COG2814@2|Bacteria,1MWFH@1224|Proteobacteria,1RPAT@1236|Gammaproteobacteria,1XTE4@135623|Vibrionales	of the major facilitator superfamily	-	-	-	-	-	MFS_1
3225	GEA51605.1	1205908.AKXW01000172_gene3005	1.14e-198	551.0	COG0583@1|root,COG0583@2|Bacteria,1NUAB@1224|Proteobacteria,1RNYQ@1236|Gammaproteobacteria,1XSF5@135623|Vibrionales	Transcriptional regulator	-	-	-	-	-	HTH_1,LysR_substrate
3225	GEA51606.1	1517681.HW45_26635	5.12e-115	356.0	COG3710@1|root,COG3710@2|Bacteria,1R52Q@1224|Proteobacteria,1RQY5@1236|Gammaproteobacteria,1XVDH@135623|Vibrionales	Transcriptional activator CadC	-	-	ko:K03765	-	ko00000,ko03000	Trans_reg_C
3225	GEA51607.1	617140.AJZE01000072_gene818	1.74e-281	781.0	COG0436@1|root,COG0436@2|Bacteria,1QE0D@1224|Proteobacteria,1RZ3C@1236|Gammaproteobacteria,1XWB5@135623|Vibrionales	Aminotransferase class I and II	-	-	ko:K09758	ko00250,ko00270,ko01100,ko01230,map00250,map00270,map01100,map01230	ko00000,ko00001,ko01000	Aminotran_1_2
3225	GEA51608.1	1517681.HW45_26675	3.59e-14	68.9	2DS7T@1|root,33EWY@2|Bacteria,1NGKZ@1224|Proteobacteria,1SQDS@1236|Gammaproteobacteria,1XY55@135623|Vibrionales	-	-	-	-	-	-	-
3225	GEA51609.1	1517681.HW45_26670	1.88e-136	400.0	COG0845@1|root,COG0845@2|Bacteria,1MUFW@1224|Proteobacteria,1RQJ9@1236|Gammaproteobacteria,1Y0GI@135623|Vibrionales	Barrel-sandwich domain of CusB or HlyD membrane-fusion	-	-	-	-	-	HlyD_D23
3225	GEA51610.1	1517681.HW45_26665	0.0	1546.0	COG0841@1|root,COG0841@2|Bacteria,1MU48@1224|Proteobacteria,1RMBN@1236|Gammaproteobacteria,1Y0K0@135623|Vibrionales	AcrB/AcrD/AcrF family	-	-	-	-	-	ACR_tran
3225	GEA51611.1	1517681.HW45_26735	2.35e-06	50.8	2BITY@1|root,32D1S@2|Bacteria,1QMHX@1224|Proteobacteria,1TJT9@1236|Gammaproteobacteria,1Y1ND@135623|Vibrionales	HdeA/HdeB family	-	-	-	-	-	HdeA
3225	GEA51612.1	1517681.HW45_26740	2.7e-65	204.0	COG4803@1|root,COG4803@2|Bacteria,1RD4J@1224|Proteobacteria,1THRR@1236|Gammaproteobacteria,1XXBY@135623|Vibrionales	membrane protein of uknown function UCP014873	-	-	-	-	-	-
3225	GEA51613.1	1517681.HW45_26655	8.2e-45	148.0	2C0Z5@1|root,30A8K@2|Bacteria,1QT68@1224|Proteobacteria,1SV3K@1236|Gammaproteobacteria	-	-	-	-	-	-	-
3225	GEA51614.1	1205908.AKXW01000167_gene2488	1.72e-13	70.5	2AWG6@1|root,31NCF@2|Bacteria,1QK3F@1224|Proteobacteria,1TI68@1236|Gammaproteobacteria,1XYGS@135623|Vibrionales	-	-	-	-	-	-	-
3225	GEA51615.1	1205908.AKXW01000167_gene2488	2.21e-10	62.4	2AWG6@1|root,31NCF@2|Bacteria,1QK3F@1224|Proteobacteria,1TI68@1236|Gammaproteobacteria,1XYGS@135623|Vibrionales	-	-	-	-	-	-	-
3225	GEA51616.1	1205908.AKXW01000172_gene3006	7.91e-275	753.0	COG1686@1|root,COG1686@2|Bacteria,1MUU7@1224|Proteobacteria,1RMJA@1236|Gammaproteobacteria,1XSFX@135623|Vibrionales	Belongs to the peptidase S11 family	-	-	ko:K07258	ko00550,ko01100,map00550,map01100	ko00000,ko00001,ko01000,ko01002,ko01011	PBP5_C,Peptidase_S11
3225	GEA51617.1	1219080.VEZ01S_34_00180	1.81e-100	296.0	COG0702@1|root,COG0702@2|Bacteria,1P0JA@1224|Proteobacteria,1S554@1236|Gammaproteobacteria,1XSVU@135623|Vibrionales	NAD(P)H-binding	YPO0284	-	-	-	-	NAD_binding_10
3225	GEA51618.1	1517681.HW45_25665	1.85e-26	105.0	COG2207@1|root,COG2207@2|Bacteria,1N3HE@1224|Proteobacteria,1SC1U@1236|Gammaproteobacteria,1XT53@135623|Vibrionales	helix_turn_helix, arabinose operon control protein	-	-	-	-	-	Arabinose_bd,HTH_18
3225	GEA51619.1	1280001.BAOA01000123_gene1037	7.84e-168	481.0	COG0628@1|root,COG0628@2|Bacteria,1MVX7@1224|Proteobacteria,1RNN1@1236|Gammaproteobacteria,1XWDE@135623|Vibrionales	AI-2E family transporter	-	-	-	-	-	AI-2E_transport
3225	GEA51620.1	1517681.HW45_26475	6.39e-311	855.0	COG1292@1|root,COG1292@2|Bacteria,1MV0K@1224|Proteobacteria,1RP3E@1236|Gammaproteobacteria,1XTJH@135623|Vibrionales	Belongs to the BCCT transporter (TC 2.A.15) family	-	-	ko:K03451	-	ko00000	BCCT
3225	GEA51621.1	1454202.PPBDW_140032___1	1.86e-17	80.5	2AXII@1|root,31PIB@2|Bacteria,1QM7V@1224|Proteobacteria,1TJFS@1236|Gammaproteobacteria,1Y164@135623|Vibrionales	Universal stress protein family	-	-	-	-	-	Usp
3225	GEA51622.1	1454202.PPBDW_140031___1	1.18e-70	218.0	COG3448@1|root,COG3448@2|Bacteria,1MXJG@1224|Proteobacteria,1RYFC@1236|Gammaproteobacteria,1XXB9@135623|Vibrionales	HPP family	-	-	-	-	-	HPP
3225	GEA51623.1	1205908.AKXW01000167_gene2488	1.54e-11	65.5	2AWG6@1|root,31NCF@2|Bacteria,1QK3F@1224|Proteobacteria,1TI68@1236|Gammaproteobacteria,1XYGS@135623|Vibrionales	-	-	-	-	-	-	-
3225	GEA51624.1	326297.Sama_0527	1.42e-128	379.0	COG3258@1|root,COG3258@2|Bacteria,1NIQK@1224|Proteobacteria,1RZH1@1236|Gammaproteobacteria,2Q8G8@267890|Shewanellaceae	Cytochrome C oxidase, cbb3-type, subunit III	-	GO:0003674,GO:0003824,GO:0008150,GO:0008152,GO:0016491,GO:0016667,GO:0016669,GO:0050338,GO:0055114	ko:K19713	-	ko00000,ko01000	Cytochrom_C,Cytochrome_CBB3
3225	GEA51625.1	1201293.AKXQ01000028_gene1311	5.85e-144	428.0	COG2010@1|root,COG2863@1|root,COG2010@2|Bacteria,COG2863@2|Bacteria,1RGTS@1224|Proteobacteria,1SZMY@1236|Gammaproteobacteria	N-terminal domain of cytochrome oxidase-cbb3, FixP	-	-	-	-	-	Cytochrom_C,Cytochrome_CBB3,FixP_N
3225	GEA51626.1	1201293.AKXQ01000028_gene1310	4.28e-88	265.0	COG2993@1|root,COG2993@2|Bacteria,1MXEY@1224|Proteobacteria,1SN3F@1236|Gammaproteobacteria	Cytochrome C oxidase, mono-heme subunit/FixO	-	-	ko:K00405	ko00190,ko01100,ko02020,map00190,map01100,map02020	ko00000,ko00001,ko00002	FixO
3225	GEA51627.1	1454202.PPBDW_130135___1	1.88e-234	657.0	COG3278@1|root,COG3278@2|Bacteria,1NU7T@1224|Proteobacteria,1SJJM@1236|Gammaproteobacteria,1Y2KD@135623|Vibrionales	Cytochrome C and Quinol oxidase polypeptide I	-	-	ko:K00404	ko00190,ko01100,ko02020,map00190,map01100,map02020	ko00000,ko00001,ko00002,ko01000	COX1
3225	GEA51628.1	1219077.VAZ01S_039_00690	7.56e-12	65.5	COG3039@1|root,COG3039@2|Bacteria,1MXTN@1224|Proteobacteria,1RM94@1236|Gammaproteobacteria,1XVGA@135623|Vibrionales	User locus_tag	-	-	-	-	-	DDE_Tnp_1_5
3225	GEA51629.1	1121878.AUGL01000017_gene1756	3.73e-56	182.0	COG0664@1|root,COG0664@2|Bacteria,1RHQQ@1224|Proteobacteria,1S60B@1236|Gammaproteobacteria	Cyclic nucleotide-monophosphate binding domain	-	-	-	-	-	cNMP_binding
3225	GEA51632.1	1128421.JAGA01000002_gene1008	6.17e-122	370.0	COG0402@1|root,COG0402@2|Bacteria,2NNT7@2323|unclassified Bacteria	Catalyzes the deamination of 5-methylthioadenosine and S-adenosyl-L-homocysteine into 5-methylthioinosine and S-inosyl-L- homocysteine, respectively. Is also able to deaminate adenosine	-	-	ko:K12960	ko00270,ko01100,map00270,map01100	ko00000,ko00001,ko01000	Amidohydro_1
3225	GEA51633.1	1401065.HMPREF2130_11360	1.87e-91	282.0	COG3181@1|root,COG3181@2|Bacteria,1MU58@1224|Proteobacteria,2VP7Y@28216|Betaproteobacteria,3T3E1@506|Alcaligenaceae	protein conserved in bacteria	-	-	-	-	-	TctC
3225	GEA51634.1	1121441.AUCX01000010_gene169	1.04e-07	55.8	2EFUW@1|root,339M2@2|Bacteria	Tripartite tricarboxylate transporter TctB family	-	-	-	-	-	TctB
3225	GEA51635.1	1401065.HMPREF2130_11350	9.1e-185	533.0	COG3333@1|root,COG3333@2|Bacteria,1MUKR@1224|Proteobacteria,2VHZI@28216|Betaproteobacteria	Tripartite tricarboxylate transporter TctA family	-	-	-	-	-	TctA
3225	GEA51636.1	381666.H16_B0479	3.08e-199	564.0	COG0823@1|root,COG0823@2|Bacteria,1PQSK@1224|Proteobacteria,2VJ06@28216|Betaproteobacteria,1K5FV@119060|Burkholderiaceae	Involved in the tonB-independent uptake of proteins	-	-	-	-	-	-
3225	GEA51637.1	570952.ATVH01000015_gene1257	2.43e-49	167.0	COG1802@1|root,COG1802@2|Bacteria,1NDRT@1224|Proteobacteria,2TUKM@28211|Alphaproteobacteria,2JT4F@204441|Rhodospirillales	FCD	-	-	-	-	-	FCD,GntR
3225	GEA51638.1	945543.VIBR0546_20705	2.01e-113	333.0	COG0730@1|root,COG0730@2|Bacteria,1MXNM@1224|Proteobacteria,1RRH4@1236|Gammaproteobacteria,1XSXB@135623|Vibrionales	membrane transporter protein	-	-	ko:K07090	-	ko00000	TauE
3225	GEA51640.1	1205908.AKXW01000151_gene2227	3.12e-127	363.0	COG2738@1|root,COG2738@2|Bacteria,1RDJH@1224|Proteobacteria,1S4QY@1236|Gammaproteobacteria	Peptidase membrane zinc metallopeptidase	-	-	ko:K06973	-	ko00000	Zn_peptidase_2
3225	GEA51641.1	1191299.AJYX01000099_gene781	2.4e-97	286.0	COG0582@1|root,COG0582@2|Bacteria,1P1R9@1224|Proteobacteria,1RRV0@1236|Gammaproteobacteria,1XW7D@135623|Vibrionales	Integrase	-	-	-	-	-	Phage_integrase
3225	GEA51643.1	1307437.J139_07917	2.42e-05	46.2	2EP42@1|root,33GQT@2|Bacteria,1NIAU@1224|Proteobacteria,1SHUN@1236|Gammaproteobacteria,2Q3U2@267888|Pseudoalteromonadaceae	-	-	-	-	-	-	-
3225	GEA51644.1	1248232.BANQ01000172_gene3279	3.16e-75	239.0	COG0582@1|root,COG0582@2|Bacteria,1R99F@1224|Proteobacteria,1RY22@1236|Gammaproteobacteria,1Y0XM@135623|Vibrionales	Belongs to the 'phage' integrase family	-	-	-	-	-	-
3225	GEA51648.1	1219072.VHA01S_054_00020	4.41e-118	354.0	COG0582@1|root,COG0582@2|Bacteria,1MVZB@1224|Proteobacteria,1RSCD@1236|Gammaproteobacteria,1XW86@135623|Vibrionales	Phage integrase family	-	-	ko:K14059	-	ko00000	Phage_integrase
3225	GEA51649.1	1205908.AKXW01000172_gene3009	2.18e-220	615.0	COG0582@1|root,COG0582@2|Bacteria,1N73Z@1224|Proteobacteria,1SEHI@1236|Gammaproteobacteria,1XTD7@135623|Vibrionales	Belongs to the 'phage' integrase family	-	-	-	-	-	Phage_integrase
3225	GEA51651.1	1348635.BBJY01000021_gene2859	7.83e-21	87.8	COG2165@1|root,COG2165@2|Bacteria,1N7HN@1224|Proteobacteria,1SDMJ@1236|Gammaproteobacteria,1XXUV@135623|Vibrionales	Prokaryotic N-terminal methylation motif	-	-	ko:K10924	ko05111,map05111	ko00000,ko00001,ko02044	N_methyl
3225	GEA51652.1	1205908.AKXW01000172_gene3010	0.0	1161.0	COG3083@1|root,COG3083@2|Bacteria,1MX6X@1224|Proteobacteria,1RPAU@1236|Gammaproteobacteria,1XVE8@135623|Vibrionales	hydrolase of alkaline phosphatase superfamily	-	-	ko:K07014	-	ko00000	DUF3413,Sulfatase
3225	GEA51653.1	1205908.AKXW01000172_gene3011	2.44e-40	133.0	COG3082@1|root,COG3082@2|Bacteria,1MZ9I@1224|Proteobacteria,1S8XQ@1236|Gammaproteobacteria,1XYB0@135623|Vibrionales	Belongs to the UPF0352 family	yejL	-	ko:K09904	-	ko00000	DUF1414
3225	GEA51654.1	1205908.AKXW01000172_gene3012	6.55e-227	626.0	COG3081@1|root,COG3081@2|Bacteria,1NXJU@1224|Proteobacteria,1RP8N@1236|Gammaproteobacteria,1XU12@135623|Vibrionales	Nucleoid-associated protein	yejK	-	ko:K06899	-	ko00000,ko03036	NA37
3225	GEA51655.1	1205908.AKXW01000172_gene3013	2.84e-264	724.0	COG0136@1|root,COG0136@2|Bacteria,1MUHG@1224|Proteobacteria,1RMN3@1236|Gammaproteobacteria,1XTI7@135623|Vibrionales	Catalyzes the NADPH-dependent formation of L-aspartate- semialdehyde (L-ASA) by the reductive dephosphorylation of L- aspartyl-4-phosphate	asd1	GO:0000096,GO:0000097,GO:0003674,GO:0003824,GO:0004073,GO:0006082,GO:0006520,GO:0006549,GO:0006553,GO:0006555,GO:0006566,GO:0006790,GO:0006807,GO:0008150,GO:0008152,GO:0008652,GO:0009058,GO:0009066,GO:0009067,GO:0009081,GO:0009082,GO:0009085,GO:0009086,GO:0009088,GO:0009089,GO:0009097,GO:0009987,GO:0016053,GO:0016491,GO:0016620,GO:0016903,GO:0019752,GO:0043436,GO:0043648,GO:0044237,GO:0044238,GO:0044249,GO:0044272,GO:0044281,GO:0044283,GO:0046394,GO:0046451,GO:0055114,GO:0071704,GO:1901564,GO:1901566,GO:1901576,GO:1901605,GO:1901607	ko:K00133	ko00260,ko00261,ko00270,ko00300,ko01100,ko01110,ko01120,ko01130,ko01210,ko01230,map00260,map00261,map00270,map00300,map01100,map01110,map01120,map01130,map01210,map01230	ko00000,ko00001,ko00002,ko01000	Semialdhyde_dh,Semialdhyde_dhC
3225	GEA51656.1	1205908.AKXW01000172_gene3014	1.38e-183	513.0	COG2126@1|root,COG2126@2|Bacteria,1MXCS@1224|Proteobacteria,1RPCN@1236|Gammaproteobacteria,1XTRC@135623|Vibrionales	COG1226 Kef-type K transport systems	-	-	ko:K10716	-	ko00000,ko02000	Ion_trans
3225	GEA51657.1	1205908.AKXW01000172_gene3015	7.08e-137	389.0	COG2095@1|root,COG2095@2|Bacteria,1MX5T@1224|Proteobacteria,1RPZ3@1236|Gammaproteobacteria,1XU2X@135623|Vibrionales	UPF0056 membrane protein	-	-	ko:K05595	-	ko00000,ko02000	MarC
3225	GEA51659.1	1219080.VEZ01S_53_00300	0.0	1692.0	COG1012@1|root,COG1454@1|root,COG1012@2|Bacteria,COG1454@2|Bacteria,1MVPH@1224|Proteobacteria,1RNBH@1236|Gammaproteobacteria,1XTSP@135623|Vibrionales	belongs to the iron- containing alcohol dehydrogenase family	adhE	-	ko:K04072	ko00010,ko00071,ko00350,ko00620,ko00625,ko00626,ko00650,ko01100,ko01110,ko01120,ko01130,ko01220,map00010,map00071,map00350,map00620,map00625,map00626,map00650,map01100,map01110,map01120,map01130,map01220	ko00000,ko00001,ko01000	Aldedh,Fe-ADH
3225	GEA51660.1	1205908.AKXW01000172_gene3018	2.69e-156	439.0	COG1028@1|root,COG1028@2|Bacteria,1QJGM@1224|Proteobacteria,1THGE@1236|Gammaproteobacteria,1XVMG@135623|Vibrionales	COG1028 Dehydrogenases with different specificities (related to short-chain alcohol dehydrogenases)	VP2120	-	-	-	-	adh_short
3225	GEA51661.1	1205908.AKXW01000172_gene3019	5.37e-143	402.0	COG0605@1|root,COG0605@2|Bacteria,1MVW2@1224|Proteobacteria,1RP7X@1236|Gammaproteobacteria,1XTPM@135623|Vibrionales	Destroys radicals which are normally produced within the cells and which are toxic to biological systems	sodB	-	ko:K04564	ko04013,ko04068,ko04146,ko04211,ko04212,ko04213,ko05016,map04013,map04068,map04146,map04211,map04212,map04213,map05016	ko00000,ko00001,ko01000	Sod_Fe_C,Sod_Fe_N
3225	GEA51662.1	1205908.AKXW01000172_gene3020	1.05e-73	221.0	COG0278@1|root,COG0278@2|Bacteria,1MZ4V@1224|Proteobacteria,1S640@1236|Gammaproteobacteria,1XXC2@135623|Vibrionales	Belongs to the glutaredoxin family. Monothiol subfamily	grxD	-	ko:K07390	-	ko00000,ko03029,ko03110	Glutaredoxin
3225	GEA51663.1	1205908.AKXW01000172_gene3021	1.63e-279	768.0	COG2056@1|root,COG2056@2|Bacteria,1N8U2@1224|Proteobacteria,1RRW5@1236|Gammaproteobacteria,1XSSP@135623|Vibrionales	Na+-H+ antiporter family	-	-	ko:K07084	-	ko00000,ko02000	Na_H_antiport_2,Na_H_antiporter
3225	GEA51664.1	1205908.AKXW01000172_gene3022	7.2e-151	424.0	COG0847@1|root,COG0847@2|Bacteria,1MUPK@1224|Proteobacteria,1RMMH@1236|Gammaproteobacteria,1XUNE@135623|Vibrionales	Trims short 3' overhangs of a variety of RNA species, leaving a one or two nucleotide 3' overhang. Responsible for the end-turnover of tRNA specifically removes the terminal AMP residue from uncharged tRNA (tRNA-C-C-A). Also appears to be involved in tRNA biosynthesis	rnt	GO:0003674,GO:0003824,GO:0004518,GO:0004527,GO:0004540,GO:0005575,GO:0005622,GO:0005623,GO:0005737,GO:0005829,GO:0006139,GO:0006396,GO:0006399,GO:0006725,GO:0006807,GO:0008033,GO:0008150,GO:0008152,GO:0008408,GO:0009987,GO:0010467,GO:0016070,GO:0016787,GO:0016788,GO:0031123,GO:0034470,GO:0034641,GO:0034660,GO:0042780,GO:0043170,GO:0043628,GO:0044237,GO:0044238,GO:0044424,GO:0044444,GO:0044464,GO:0046483,GO:0071704,GO:0090304,GO:0090305,GO:0090501,GO:0140098,GO:1901360	ko:K03683	-	ko00000,ko01000,ko03016	RNase_T
3225	GEA51665.1	1205908.AKXW01000172_gene3023	4.17e-97	282.0	COG0346@1|root,COG0346@2|Bacteria,1RCYX@1224|Proteobacteria,1S1Z9@1236|Gammaproteobacteria,1XX01@135623|Vibrionales	Catalyzes the conversion of hemimercaptal, formed from methylglyoxal and glutathione, to S-lactoylglutathione	gloA	GO:0003674,GO:0003824,GO:0004462,GO:0006518,GO:0006575,GO:0006749,GO:0006790,GO:0006807,GO:0008150,GO:0008152,GO:0009987,GO:0016829,GO:0016846,GO:0034641,GO:0043603,GO:0044237,GO:0051186,GO:0071704,GO:1901564	ko:K01759	ko00620,map00620	ko00000,ko00001,ko01000	Glyoxalase
3225	GEA51666.1	1205908.AKXW01000172_gene3024	1.15e-150	423.0	COG0177@1|root,COG0177@2|Bacteria,1MUYQ@1224|Proteobacteria,1RMHU@1236|Gammaproteobacteria,1XTIS@135623|Vibrionales	DNA repair enzyme that has both DNA N-glycosylase activity and AP-lyase activity. The DNA N-glycosylase activity releases various damaged pyrimidines from DNA by cleaving the N- glycosidic bond, leaving an AP (apurinic apyrimidinic) site. The AP-lyase activity cleaves the phosphodiester bond 3' to the AP site by a beta-elimination, leaving a 3'-terminal unsaturated sugar and a product with a terminal 5'-phosphate	nth	-	ko:K10773	ko03410,map03410	ko00000,ko00001,ko01000,ko03400	EndIII_4Fe-2S,HhH-GPD
3225	GEA51667.1	1205908.AKXW01000172_gene3025	6.28e-153	431.0	COG4660@1|root,COG4660@2|Bacteria,1MW6N@1224|Proteobacteria,1RMEH@1236|Gammaproteobacteria,1XT8E@135623|Vibrionales	Part of a membrane complex involved in electron transport	rnfE	GO:0003674,GO:0003824,GO:0005575,GO:0005623,GO:0005886,GO:0008150,GO:0008152,GO:0016020,GO:0016491,GO:0016651,GO:0044464,GO:0055114,GO:0071944	ko:K03613	-	ko00000	Rnf-Nqr
3225	GEA51668.1	1205908.AKXW01000172_gene3026	2.38e-130	371.0	COG4659@1|root,COG4659@2|Bacteria,1RDEP@1224|Proteobacteria,1RPAD@1236|Gammaproteobacteria,1XU3Z@135623|Vibrionales	Part of a membrane complex involved in electron transport	rnfG	GO:0003674,GO:0003824,GO:0008150,GO:0008152,GO:0016491,GO:0016651,GO:0055114	ko:K03612	-	ko00000	FMN_bind
3225	GEA51669.1	1205908.AKXW01000172_gene3027	5.52e-227	627.0	COG4658@1|root,COG4658@2|Bacteria,1MVY6@1224|Proteobacteria,1RMEU@1236|Gammaproteobacteria,1XSQB@135623|Vibrionales	Part of a membrane complex involved in electron transport	rnfD	GO:0003674,GO:0003824,GO:0005575,GO:0005623,GO:0005886,GO:0008150,GO:0008152,GO:0016020,GO:0016491,GO:0016651,GO:0044464,GO:0055114,GO:0071944	ko:K03614	-	ko00000	NQR2_RnfD_RnfE
3225	GEA51670.1	1205908.AKXW01000127_gene428	0.0	998.0	COG4656@1|root,COG4656@2|Bacteria,1QTUI@1224|Proteobacteria,1RMIM@1236|Gammaproteobacteria,1XTPN@135623|Vibrionales	Part of a membrane complex involved in electron transport	rnfC	GO:0003674,GO:0003824,GO:0008150,GO:0008152,GO:0016491,GO:0016651,GO:0055114	ko:K03615	-	ko00000	Complex1_51K,Fer4,Fer4_10,Fer4_7,RnfC_N,SLBB
3225	GEA51671.1	1205908.AKXW01000127_gene427	1.5e-120	346.0	COG2878@1|root,COG2878@2|Bacteria,1MUWU@1224|Proteobacteria,1RNSJ@1236|Gammaproteobacteria,1XSHC@135623|Vibrionales	Part of a membrane complex involved in electron transport	rnfB	GO:0003674,GO:0003824,GO:0008150,GO:0008152,GO:0016491,GO:0016651,GO:0055114	ko:K03616	-	ko00000	FeS,Fer4_21
3225	GEA51672.1	1205908.AKXW01000127_gene426	4.7e-123	352.0	COG4657@1|root,COG4657@2|Bacteria,1MU8X@1224|Proteobacteria,1RQDN@1236|Gammaproteobacteria,1XSIP@135623|Vibrionales	Part of a membrane complex involved in electron transport	rnfA	GO:0003674,GO:0003824,GO:0008150,GO:0008152,GO:0016491,GO:0016651,GO:0055114	ko:K03617	-	ko00000	Rnf-Nqr
3225	GEA51673.1	1205908.AKXW01000157_gene2274	0.0	1021.0	COG2199@1|root,COG3706@2|Bacteria,1NUH9@1224|Proteobacteria,1SN5J@1236|Gammaproteobacteria,1XT6U@135623|Vibrionales	GGDEF domain	-	-	-	-	-	Cache_3-Cache_2,GGDEF
3225	GEA51674.1	1205908.AKXW01000157_gene2273	0.0	1330.0	COG1523@1|root,COG1523@2|Bacteria,1MU19@1224|Proteobacteria,1RP6F@1236|Gammaproteobacteria,1XTF4@135623|Vibrionales	Belongs to the glycosyl hydrolase 13 family	glgX	-	ko:K01214	ko00500,ko01100,ko01110,map00500,map01100,map01110	ko00000,ko00001,ko00002,ko01000	Alpha-amylase,CBM_48
3225	GEA51675.1	1219072.VHA01S_056_00030	6.24e-260	716.0	COG4580@1|root,COG4580@2|Bacteria,1MX77@1224|Proteobacteria,1RPMF@1236|Gammaproteobacteria,1XU0M@135623|Vibrionales	Involved in the transport of maltose and maltodextrins	lamB	GO:0003674,GO:0005215,GO:0005363,GO:0006810,GO:0008150,GO:0008643,GO:0015144,GO:0015154,GO:0015157,GO:0015267,GO:0015288,GO:0015481,GO:0015766,GO:0015768,GO:0015772,GO:0022803,GO:0022829,GO:0022857,GO:0034219,GO:0051179,GO:0051234,GO:0055085,GO:0071702	ko:K02024	-	ko00000,ko02000	LamB
3225	GEA51676.1	1205908.AKXW01000157_gene2271	2.55e-170	478.0	2C19D@1|root,2Z7PA@2|Bacteria,1MY1F@1224|Proteobacteria,1RQ3A@1236|Gammaproteobacteria,1XUFJ@135623|Vibrionales	Maltose operon periplasmic protein precursor (MalM)	malM	-	ko:K05775	-	ko00000	MalM
3225	GEA51677.1	1205908.AKXW01000157_gene2267	5.96e-129	369.0	COG0790@1|root,COG0790@2|Bacteria,1N6ZB@1224|Proteobacteria,1SYIP@1236|Gammaproteobacteria,1XU4U@135623|Vibrionales	COG0790 FOG TPR repeat, SEL1 subfamily	-	-	-	-	-	Sel1
3225	GEA51679.1	1205908.AKXW01000083_gene1983	6.16e-99	292.0	28M8B@1|root,2ZAMG@2|Bacteria,1N1VT@1224|Proteobacteria,1RMP6@1236|Gammaproteobacteria,1XXFZ@135623|Vibrionales	Group 4 capsule polysaccharide lipoprotein gfcB, YjbF	VP0217	-	-	-	-	YjbF
3225	GEA51680.1	1205908.AKXW01000083_gene1982	1.17e-110	325.0	29T7B@1|root,30EE4@2|Bacteria,1NG4X@1224|Proteobacteria,1RZ19@1236|Gammaproteobacteria,1XVV3@135623|Vibrionales	Capsule biosynthesis GfcC	-	-	-	-	-	Caps_synth_GfcC
3225	GEA51681.1	1205908.AKXW01000083_gene1981	0.0	1220.0	COG4775@1|root,COG4775@2|Bacteria,1MX3H@1224|Proteobacteria,1RQKV@1236|Gammaproteobacteria,1XSM5@135623|Vibrionales	Exopolysaccharide biosynthesis protein YbjH	wbfB	-	-	-	-	YjbH
3225	GEA51682.1	1219080.VEZ01S_25_00070	3.79e-77	245.0	2F54W@1|root,33XRZ@2|Bacteria,1NWAH@1224|Proteobacteria,1SP8S@1236|Gammaproteobacteria,1XY45@135623|Vibrionales	-	-	-	-	-	-	-
3225	GEA51683.1	1205908.AKXW01000083_gene1978	1.05e-131	373.0	COG3637@1|root,COG3637@2|Bacteria,1QJIN@1224|Proteobacteria,1THIX@1236|Gammaproteobacteria,1XW7Q@135623|Vibrionales	OmpA-like transmembrane domain	-	-	-	-	-	OmpA_membrane
3225	GEA51684.1	1205908.AKXW01000083_gene1977	9.37e-175	490.0	COG0697@1|root,COG0697@2|Bacteria,1MZQM@1224|Proteobacteria,1RS0P@1236|Gammaproteobacteria,1XV5Y@135623|Vibrionales	of the drug metabolite transporter (DMT) superfamily	-	-	-	-	-	EamA
3225	GEA51685.1	1205908.AKXW01000083_gene1976	2.62e-176	493.0	COG0350@1|root,COG0350@2|Bacteria,1N2YQ@1224|Proteobacteria,1S68H@1236|Gammaproteobacteria,1XX26@135623|Vibrionales	Involved in the cellular defense against the biological effects of O6-methylguanine (O6-MeG) and O4-methylthymine (O4-MeT) in DNA. Repairs the methylated nucleobase in DNA by stoichiometrically transferring the methyl group to a cysteine residue in the enzyme. This is a suicide reaction the enzyme is irreversibly inactivated	ogt	-	ko:K00567,ko:K10778	-	ko00000,ko01000,ko03000,ko03400	DNA_binding_1,HTH_18,Methyltransf_1N
3225	GEA51686.1	1205908.AKXW01000083_gene1975	1.39e-311	851.0	COG3314@1|root,COG3314@2|Bacteria,1NEAN@1224|Proteobacteria,1RPX6@1236|Gammaproteobacteria,1XTQR@135623|Vibrionales	protein conserved in bacteria	-	-	-	-	-	Gate
3225	GEA51687.1	1205908.AKXW01000083_gene1974	3.53e-82	244.0	COG3791@1|root,COG3791@2|Bacteria,1N023@1224|Proteobacteria,1SAQH@1236|Gammaproteobacteria,1XXDN@135623|Vibrionales	Glutathione-dependent formaldehyde-activating enzyme	-	-	-	-	-	GFA
3225	GEA51688.1	1205908.AKXW01000083_gene1973	0.0	941.0	COG0668@1|root,COG0668@2|Bacteria,1N596@1224|Proteobacteria,1RQZP@1236|Gammaproteobacteria,1XVNX@135623|Vibrionales	Small-conductance mechanosensitive channel	-	-	ko:K03442	-	ko00000,ko02000	MS_channel
3225	GEA51689.1	1205908.AKXW01000083_gene1972	1.31e-227	628.0	COG1622@1|root,COG1622@2|Bacteria,1MWHZ@1224|Proteobacteria,1RP4H@1236|Gammaproteobacteria,1XSF8@135623|Vibrionales	Subunits I and II form the functional core of the enzyme complex. Electrons originating in cytochrome c are transferred via heme a and Cu(A) to the binuclear center formed by heme a3 and Cu(B)	coxB	-	ko:K02275	ko00190,ko01100,map00190,map01100	ko00000,ko00001,ko00002,ko01000	COX2,COX2_TM,Cytochrome_CBB3
3225	GEA51690.1	1205908.AKXW01000083_gene1971	0.0	1075.0	COG0843@1|root,COG0843@2|Bacteria,1MU7S@1224|Proteobacteria,1RPC3@1236|Gammaproteobacteria,1XU9F@135623|Vibrionales	Cytochrome c oxidase is the component of the respiratory chain that catalyzes the reduction of oxygen to water. Subunits 1- 3 form the functional core of the enzyme complex. CO I is the catalytic subunit of the enzyme. Electrons originating in cytochrome c are transferred via the copper A center of subunit 2 and heme A of subunit 1 to the bimetallic center formed by heme A3 and copper B	coxA	-	ko:K02274	ko00190,ko01100,map00190,map01100	ko00000,ko00001,ko00002,ko01000	COX1
3225	GEA51691.1	1205908.AKXW01000083_gene1970	1.33e-133	380.0	COG3175@1|root,COG3175@2|Bacteria,1RDTU@1224|Proteobacteria,1S5XA@1236|Gammaproteobacteria,1XVB6@135623|Vibrionales	COG3175 Cytochrome oxidase assembly factor	coxG	-	ko:K02258	ko00190,ko01100,ko04714,map00190,map01100,map04714	ko00000,ko00001,ko00002,ko03029	CtaG_Cox11
3225	GEA51692.1	1205908.AKXW01000083_gene1969	8.88e-213	587.0	COG1845@1|root,COG1845@2|Bacteria,1MUCK@1224|Proteobacteria,1RN9D@1236|Gammaproteobacteria,1XSND@135623|Vibrionales	COG1845 Heme copper-type cytochrome quinol oxidase, subunit 3	coxC	-	ko:K02276	ko00190,ko01100,map00190,map01100	ko00000,ko00001,ko00002,ko01000	COX3
3225	GEA51693.1	1205908.AKXW01000083_gene1968	4.9e-37	126.0	2EGMA@1|root,33ADG@2|Bacteria,1NI9C@1224|Proteobacteria,1SGI8@1236|Gammaproteobacteria,1XZ26@135623|Vibrionales	Protein of unknown function (DUF2909)	-	-	-	-	-	DUF2909
3225	GEA51694.1	1205908.AKXW01000083_gene1967	9.23e-124	358.0	COG3346@1|root,COG3346@2|Bacteria,1MZUH@1224|Proteobacteria,1S8S0@1236|Gammaproteobacteria,1XXKF@135623|Vibrionales	SURF1-like protein	VVA1112	-	-	-	-	SURF1
3225	GEA51695.1	1205908.AKXW01000083_gene1966	3.18e-118	339.0	COG1999@1|root,COG1999@2|Bacteria,1N6R6@1224|Proteobacteria,1S85U@1236|Gammaproteobacteria,1XXWZ@135623|Vibrionales	signal sequence binding	VVA1110	-	-	-	-	-
3225	GEA51696.1	1205908.AKXW01000083_gene1965	2.9e-221	613.0	COG1612@1|root,COG1612@2|Bacteria,1MVJ4@1224|Proteobacteria,1RQWB@1236|Gammaproteobacteria,1XTST@135623|Vibrionales	protein required for cytochrome oxidase assembly	-	-	ko:K02259	ko00190,ko00860,ko01100,ko01110,ko02020,ko04714,map00190,map00860,map01100,map01110,map02020,map04714	ko00000,ko00001,ko00002,ko03029	COX15-CtaA
3225	GEA51697.1	1205908.AKXW01000083_gene1964	9.33e-198	550.0	COG0109@1|root,COG0109@2|Bacteria,1MW3S@1224|Proteobacteria,1RNHC@1236|Gammaproteobacteria,1XUYC@135623|Vibrionales	Converts heme B (protoheme IX) to heme O by substitution of the vinyl group on carbon 2 of heme B porphyrin ring with a hydroxyethyl farnesyl side group	cyoE	-	ko:K02257	ko00190,ko00860,ko01100,ko01110,ko04714,map00190,map00860,map01100,map01110,map04714	ko00000,ko00001,ko00002,ko01000,ko01006,ko03029	UbiA
3225	GEA51698.1	1205908.AKXW01000083_gene1963	9.14e-79	234.0	COG0346@1|root,COG0346@2|Bacteria,1RH8G@1224|Proteobacteria,1S629@1236|Gammaproteobacteria,1XXM8@135623|Vibrionales	COG0346 Lactoylglutathione lyase and related lyases	-	-	-	-	-	Glyoxalase
3225	GEA51699.1	1205908.AKXW01000083_gene1961	3.67e-177	494.0	COG1028@1|root,COG1028@2|Bacteria,1MWB6@1224|Proteobacteria,1RMZB@1236|Gammaproteobacteria,1XSTX@135623|Vibrionales	Enoyl-(Acyl carrier protein) reductase	kduD	-	ko:K00065	ko00040,map00040	ko00000,ko00001,ko01000	adh_short_C2
3225	GEA51700.1	1205908.AKXW01000083_gene1960	7.48e-147	414.0	COG0698@1|root,COG0698@2|Bacteria,1MWIB@1224|Proteobacteria,1RPEG@1236|Gammaproteobacteria,1XSE3@135623|Vibrionales	Ribose-5-phosphate isomerase	-	-	-	-	-	DUF3666,LacAB_rpiB
3225	GEA51701.1	1205908.AKXW01000083_gene1959	1.18e-229	634.0	COG2130@1|root,COG2130@2|Bacteria,1MUC2@1224|Proteobacteria,1RNGM@1236|Gammaproteobacteria,1XT12@135623|Vibrionales	NADP-dependent oxidoreductases	-	-	ko:K07119	-	ko00000	ADH_N_2,ADH_zinc_N
3225	GEA51702.1	1219072.VHA01S_008_00970	4.46e-183	523.0	COG1858@1|root,COG1858@2|Bacteria,1MV70@1224|Proteobacteria,1RPPQ@1236|Gammaproteobacteria,1XWFX@135623|Vibrionales	cytochrome c peroxidase	yhjA	-	ko:K00428	-	ko00000,ko01000	CCP_MauG,Cytochrom_C,Haem_bd
3225	GEA51703.1	1205908.AKXW01000083_gene1958	6.97e-224	624.0	COG1454@1|root,COG1454@2|Bacteria,1MVPH@1224|Proteobacteria,1RMVU@1236|Gammaproteobacteria,1XV5C@135623|Vibrionales	alcohol dehydrogenase	-	-	-	-	-	Fe-ADH
3225	GEA51704.1	1205908.AKXW01000083_gene1957	8.2e-39	130.0	2ENSJ@1|root,33GDR@2|Bacteria,1NHCI@1224|Proteobacteria,1SCIY@1236|Gammaproteobacteria,1XYX5@135623|Vibrionales	-	-	-	-	-	-	-
3225	GEA51705.1	1205908.AKXW01000083_gene1956	1.38e-101	295.0	COG0789@1|root,COG0789@2|Bacteria,1RH2U@1224|Proteobacteria,1S6M0@1236|Gammaproteobacteria,1XVN9@135623|Vibrionales	transcriptional regulators	-	-	ko:K13639	-	ko00000,ko03000	MerR,MerR-DNA-bind,MerR_1
3225	GEA51706.1	1205908.AKXW01000083_gene1955	2.06e-54	171.0	2BJRX@1|root,32E3Y@2|Bacteria,1Q85U@1224|Proteobacteria,1RXTJ@1236|Gammaproteobacteria,1XYAX@135623|Vibrionales	Domain of unknown function (DUF4156)	-	-	-	-	-	DUF4156
3225	GEA51707.1	1205908.AKXW01000083_gene1954	3.43e-172	487.0	COG1011@1|root,COG1670@1|root,COG1011@2|Bacteria,COG1670@2|Bacteria,1RC7M@1224|Proteobacteria,1S20T@1236|Gammaproteobacteria,1XY20@135623|Vibrionales	COG1670 Acetyltransferases, including N-acetylases of ribosomal proteins	-	-	-	-	-	Acetyltransf_3
3225	GEA51708.1	1205908.AKXW01000083_gene1953	1.44e-116	334.0	COG0262@1|root,COG0262@2|Bacteria,1RH02@1224|Proteobacteria,1S2UN@1236|Gammaproteobacteria,1XX00@135623|Vibrionales	COG0262 Dihydrofolate reductase	-	-	-	-	-	RibD_C
3225	GEA51709.1	1323663.AROI01000010_gene3272	9.4e-113	359.0	COG1409@1|root,COG1409@2|Bacteria,1R3RY@1224|Proteobacteria,1RPT2@1236|Gammaproteobacteria	Calcineurin-like phosphoesterase	-	-	-	-	-	Metallophos
3225	GEA51710.1	1117315.AHCA01000005_gene1109	6.06e-23	96.7	COG3495@1|root,COG3495@2|Bacteria,1RB8H@1224|Proteobacteria,1S9ZC@1236|Gammaproteobacteria,2Q1ME@267888|Pseudoalteromonadaceae	protein conserved in bacteria	-	-	ko:K09950	-	ko00000	DUF3299
3225	GEA51711.1	1205908.AKXW01000083_gene1952	3.28e-296	810.0	COG0661@1|root,COG0661@2|Bacteria,1MW1J@1224|Proteobacteria,1RYAY@1236|Gammaproteobacteria,1XTDW@135623|Vibrionales	unusual protein kinase	-	-	-	-	-	ABC1
3225	GEA51712.1	1205908.AKXW01000083_gene1951	1.97e-66	214.0	COG0753@1|root,COG0753@2|Bacteria,1MUXZ@1224|Proteobacteria,1RNE7@1236|Gammaproteobacteria,1XSNK@135623|Vibrionales	Belongs to the catalase family	katA	GO:0005575,GO:0005623,GO:0042597,GO:0044464	ko:K03781	ko00380,ko00630,ko01110,ko01130,ko01200,ko04011,ko04016,ko04068,ko04146,ko04211,ko04212,ko04213,ko05014,map00380,map00630,map01110,map01130,map01200,map04011,map04016,map04068,map04146,map04211,map04212,map04213,map05014	ko00000,ko00001,ko00002,ko01000	Catalase,Catalase-rel
3225	GEA51713.1	945543.VIBR0546_12147	1.92e-87	259.0	COG0678@1|root,COG0678@2|Bacteria,1MU0H@1224|Proteobacteria,1RRFB@1236|Gammaproteobacteria,1XUW9@135623|Vibrionales	Redoxin	-	-	-	-	-	Redoxin
3225	GEA51714.1	697282.Mettu_0478	1.06e-138	399.0	COG0454@1|root,COG0454@2|Bacteria,1MVVG@1224|Proteobacteria,1RQ5J@1236|Gammaproteobacteria,1XG5W@135618|Methylococcales	Acetyltransferase (GNAT) domain	-	-	-	-	-	Acetyltransf_1
3225	GEA51716.1	1205908.AKXW01000083_gene1948	1.15e-24	100.0	COG0604@1|root,COG0604@2|Bacteria,1MX8A@1224|Proteobacteria,1RPRD@1236|Gammaproteobacteria,1XX03@135623|Vibrionales	Zinc-binding dehydrogenase	-	-	ko:K00344	-	ko00000,ko01000	ADH_N,ADH_zinc_N_2
3225	GEA51717.1	1205908.AKXW01000083_gene1947	9.45e-206	570.0	COG0583@1|root,COG0583@2|Bacteria,1MW16@1224|Proteobacteria,1SYHI@1236|Gammaproteobacteria,1Y2N3@135623|Vibrionales	Bacterial regulatory helix-turn-helix protein, lysR family	-	-	-	-	-	HTH_1,LysR_substrate
3225	GEA51719.1	1205908.AKXW01000121_gene296	3.62e-182	510.0	COG2040@1|root,COG2040@2|Bacteria,1QU2A@1224|Proteobacteria,1RS8M@1236|Gammaproteobacteria,1XSGQ@135623|Vibrionales	COG2040 Homocysteine selenocysteine methylase (S-methylmethionine-dependent)	-	-	-	-	-	S-methyl_trans
3225	GEA51720.1	1205908.AKXW01000121_gene295	0.0	946.0	COG1292@1|root,COG1292@2|Bacteria,1MV0K@1224|Proteobacteria,1RP3E@1236|Gammaproteobacteria,1XV6I@135623|Vibrionales	Belongs to the BCCT transporter (TC 2.A.15) family	-	-	-	-	-	BCCT
3225	GEA51721.1	1205908.AKXW01000121_gene294	7.36e-137	389.0	2DP10@1|root,3302V@2|Bacteria,1N246@1224|Proteobacteria	START domain	-	-	-	-	-	START
3225	GEA51722.1	1205908.AKXW01000121_gene293	3.76e-251	692.0	COG1215@1|root,COG1215@2|Bacteria,1MW1E@1224|Proteobacteria,1RZY2@1236|Gammaproteobacteria	PFAM Glycosyl transferase family 2	-	-	-	-	-	Glyco_tranf_2_3,Glycos_transf_2
3225	GEA51723.1	1205908.AKXW01000121_gene292	1.95e-133	380.0	COG1418@1|root,COG1418@2|Bacteria,1RB2W@1224|Proteobacteria,1RR38@1236|Gammaproteobacteria,1XX5W@135623|Vibrionales	HD superfamily hydrolase	-	-	ko:K06950	-	ko00000	HD
3225	GEA51724.1	1205908.AKXW01000121_gene291	7.99e-97	283.0	COG4405@1|root,COG4405@2|Bacteria,1N2T4@1224|Proteobacteria,1S2GH@1236|Gammaproteobacteria,1XX11@135623|Vibrionales	protein conserved in bacteria	-	-	-	-	-	ASCH
3225	GEA51725.1	1219072.VHA01S_029_00220	1.8e-151	430.0	COG0583@1|root,COG0583@2|Bacteria,1NZBS@1224|Proteobacteria,1SQGQ@1236|Gammaproteobacteria,1XVE0@135623|Vibrionales	COG0583 Transcriptional regulator	-	-	-	-	-	HTH_1,LysR_substrate
3225	GEA51726.1	1219072.VHA01S_029_00210	7.99e-219	610.0	2DBW4@1|root,2ZBEJ@2|Bacteria,1R2WE@1224|Proteobacteria,1T5YY@1236|Gammaproteobacteria,1Y3D2@135623|Vibrionales	Protein of unknown function (DUF3179)	-	-	-	-	-	DUF3179
3225	GEA51727.1	1205908.AKXW01000121_gene290	6.02e-172	481.0	COG0834@1|root,COG0834@2|Bacteria,1NT2J@1224|Proteobacteria,1S09P@1236|Gammaproteobacteria,1Y249@135623|Vibrionales	COG0834 ABC-type amino acid transport signal transduction systems, periplasmic component domain	-	-	ko:K02030,ko:K10022	ko02010,map02010	ko00000,ko00001,ko00002,ko02000	SBP_bac_3
3225	GEA51728.1	1205908.AKXW01000121_gene289	1.84e-241	665.0	COG0079@1|root,COG0079@2|Bacteria,1MW7I@1224|Proteobacteria,1RP4T@1236|Gammaproteobacteria,1XV8C@135623|Vibrionales	COG0079 Histidinol-phosphate aromatic aminotransferase and cobyric acid decarboxylase	-	-	ko:K00817	ko00340,ko00350,ko00360,ko00400,ko00401,ko00960,ko01100,ko01110,ko01130,ko01230,map00340,map00350,map00360,map00400,map00401,map00960,map01100,map01110,map01130,map01230	ko00000,ko00001,ko00002,ko01000,ko01007	Aminotran_1_2
3225	GEA51729.1	1205908.AKXW01000121_gene288	5.92e-203	562.0	COG0583@1|root,COG0583@2|Bacteria,1R509@1224|Proteobacteria,1RSBX@1236|Gammaproteobacteria,1XVV1@135623|Vibrionales	Bacterial regulatory helix-turn-helix protein, lysR family	-	-	ko:K03566	ko02026,map02026	ko00000,ko00001,ko03000	HTH_1,LysR_substrate
3225	GEA51730.1	316275.VSAL_II0182	8.14e-127	369.0	COG0589@1|root,COG0589@2|Bacteria,1PAFP@1224|Proteobacteria,1RSCS@1236|Gammaproteobacteria,1XVYD@135623|Vibrionales	Universal stress protein family	-	-	-	-	-	Usp
3225	GEA51731.1	316275.VSAL_II0183	1.18e-311	854.0	COG0659@1|root,COG0659@2|Bacteria,1MVWV@1224|Proteobacteria,1RMCN@1236|Gammaproteobacteria,1XSDS@135623|Vibrionales	COG0659 Sulfate permease and related transporters (MFS superfamily)	-	-	ko:K03321	-	ko00000,ko02000	STAS,Sulfate_transp
3225	GEA51732.1	1278307.KB906982_gene4008	2.07e-132	400.0	COG0584@1|root,COG3507@1|root,COG0584@2|Bacteria,COG3507@2|Bacteria,1N28H@1224|Proteobacteria,1SZRN@1236|Gammaproteobacteria	Domain of unknown function	-	-	ko:K01126	ko00564,map00564	ko00000,ko00001,ko01000	DUF4996,GDPD
3225	GEA51733.1	501479.ACNW01000101_gene90	4.35e-48	168.0	COG0483@1|root,COG0483@2|Bacteria,1NFR1@1224|Proteobacteria,2U1X2@28211|Alphaproteobacteria	Inositol monophosphatase	-	-	ko:K01092	ko00521,ko00562,ko01100,ko04070,map00521,map00562,map01100,map04070	ko00000,ko00001,ko00002,ko01000	Inositol_P
3225	GEA51734.1	492774.JQMB01000007_gene4013	3.03e-129	381.0	COG3842@1|root,COG3842@2|Bacteria,1MU3I@1224|Proteobacteria,2TQQJ@28211|Alphaproteobacteria,4BCPI@82115|Rhizobiaceae	ATPases associated with a variety of cellular activities	-	-	ko:K05816	ko02010,map02010	ko00000,ko00001,ko00002,ko01000,ko02000	ABC_tran,TOBE_2
3225	GEA51735.1	1502724.FF80_01933	4.18e-106	318.0	COG0395@1|root,COG0395@2|Bacteria,1R7ND@1224|Proteobacteria,2U3UU@28211|Alphaproteobacteria	probably responsible for the translocation of the substrate across the membrane	-	-	ko:K05815	ko02010,map02010	ko00000,ko00001,ko00002,ko02000	BPD_transp_1
3225	GEA51736.1	1122929.KB908236_gene370	1.05e-117	347.0	COG1175@1|root,COG1175@2|Bacteria,1R6WX@1224|Proteobacteria,2U1CF@28211|Alphaproteobacteria	Binding-protein-dependent transport system inner membrane component	-	-	ko:K05814	ko02010,map02010	ko00000,ko00001,ko00002,ko02000	BPD_transp_1
3225	GEA51737.1	1532558.JL39_17540	1.2e-147	434.0	COG1653@1|root,COG1653@2|Bacteria,1MVMW@1224|Proteobacteria,2TURY@28211|Alphaproteobacteria,4BMFT@82115|Rhizobiaceae	ABC transporter	-	-	ko:K05813	ko02010,map02010	ko00000,ko00001,ko00002,ko02000	SBP_bac_8
3225	GEA51738.1	1410619.SRDD_14210	7.11e-63	213.0	COG1846@1|root,COG1940@1|root,COG1846@2|Bacteria,COG1940@2|Bacteria,1MVGQ@1224|Proteobacteria,1T0NQ@1236|Gammaproteobacteria,40110@613|Serratia	ROK family	-	-	-	-	-	HTH_24,HTH_Crp_2,MarR_2,ROK
3225	GEA51739.1	1205908.AKXW01000121_gene283	0.0	1396.0	COG1472@1|root,COG1472@2|Bacteria,1MVIV@1224|Proteobacteria,1RMA0@1236|Gammaproteobacteria,1XWBK@135623|Vibrionales	Glycosyl hydrolase family 3 C-terminal domain	-	-	ko:K05349	ko00460,ko00500,ko00940,ko01100,ko01110,map00460,map00500,map00940,map01100,map01110	ko00000,ko00001,ko01000	Fn3-like,Glyco_hydro_3,Glyco_hydro_3_C
3225	GEA51740.1	1205908.AKXW01000121_gene282	2.59e-157	444.0	COG4977@1|root,COG4977@2|Bacteria,1QUGR@1224|Proteobacteria,1T1YG@1236|Gammaproteobacteria,1Y32Q@135623|Vibrionales	helix_turn_helix, arabinose operon control protein	-	-	ko:K02855	-	ko00000,ko03000	HTH_18
3225	GEA51741.1	1205908.AKXW01000121_gene277	2.27e-191	535.0	COG2334@1|root,COG2334@2|Bacteria,1R7E4@1224|Proteobacteria,1RRTW@1236|Gammaproteobacteria,1XVKF@135623|Vibrionales	Ecdysteroid kinase	VPA1488	-	-	-	-	EcKinase
3225	GEA51742.1	1205908.AKXW01000121_gene268	2.44e-272	757.0	COG0457@1|root,COG0457@2|Bacteria,1MXK4@1224|Proteobacteria,1RNFM@1236|Gammaproteobacteria,1XU0S@135623|Vibrionales	Oxygen tolerance	-	-	-	-	-	BatD
3225	GEA51743.1	1205908.AKXW01000121_gene267	5.31e-280	785.0	COG0457@1|root,COG2304@1|root,COG0457@2|Bacteria,COG2304@2|Bacteria,1MW51@1224|Proteobacteria,1RMD3@1236|Gammaproteobacteria,1XVCX@135623|Vibrionales	protein containing a von Willebrand factor type A (vWA) domain	-	-	ko:K07114	-	ko00000,ko02000	TPR_1,TPR_19,TPR_2,VWA_2
3225	GEA51744.1	1205908.AKXW01000121_gene266	5.71e-198	551.0	COG2304@1|root,COG2304@2|Bacteria,1MXQ7@1224|Proteobacteria,1RMDX@1236|Gammaproteobacteria,1XU2A@135623|Vibrionales	protein containing a von Willebrand factor type A (vWA) domain	-	-	ko:K07114	-	ko00000,ko02000	VWA
3225	GEA51745.1	1205908.AKXW01000121_gene265	6.06e-89	263.0	COG2304@1|root,COG2304@2|Bacteria,1QVQA@1224|Proteobacteria,1S9W8@1236|Gammaproteobacteria,1Y37K@135623|Vibrionales	Domain of unknown function (DUF4381)	-	-	-	-	-	DUF4381
3225	GEA51746.1	1205908.AKXW01000121_gene264	1.34e-201	562.0	COG1721@1|root,COG1721@2|Bacteria,1Q7RR@1224|Proteobacteria,1RNNP@1236|Gammaproteobacteria,1XSBV@135623|Vibrionales	conserved protein (some members contain a von Willebrand factor type A (vWA) domain)	-	-	-	-	-	DUF58
3225	GEA51747.1	1205908.AKXW01000121_gene263	4.74e-217	600.0	COG0714@1|root,COG0714@2|Bacteria,1MUFN@1224|Proteobacteria,1RN5G@1236|Gammaproteobacteria,1XURM@135623|Vibrionales	COG0714 MoxR-like ATPases	-	-	ko:K03924	-	ko00000,ko01000	AAA_3
3225	GEA51748.1	1205908.AKXW01000121_gene261	3.86e-122	350.0	COG1670@1|root,COG1670@2|Bacteria,1MYTA@1224|Proteobacteria,1S8MN@1236|Gammaproteobacteria,1XUAE@135623|Vibrionales	COG1670 Acetyltransferases, including N-acetylases of ribosomal proteins	-	-	-	-	-	Acetyltransf_3
3225	GEA51749.1	1205908.AKXW01000121_gene260	0.0	894.0	COG1757@1|root,COG1757@2|Bacteria,1MY5C@1224|Proteobacteria,1RP6I@1236|Gammaproteobacteria,1XVHN@135623|Vibrionales	Na+/H+ antiporter family	-	-	-	-	-	Na_H_antiporter
3225	GEA51750.1	1205908.AKXW01000121_gene259	8.37e-315	858.0	COG0174@1|root,COG0174@2|Bacteria,1MU6V@1224|Proteobacteria,1RPNZ@1236|Gammaproteobacteria,1XVID@135623|Vibrionales	glutamine synthetase	-	-	ko:K09470	ko00330,ko01100,map00330,map01100	ko00000,ko00001,ko00002,ko01000	Gln-synt_C
3225	GEA51751.1	1205908.AKXW01000121_gene258	2.9e-177	494.0	COG2071@1|root,COG2071@2|Bacteria,1MV8E@1224|Proteobacteria,1RS51@1236|Gammaproteobacteria,1XV60@135623|Vibrionales	Peptidase C26	-	-	ko:K07010	-	ko00000,ko01002	Peptidase_C26
3225	GEA51752.1	1205908.AKXW01000121_gene257	6.28e-124	353.0	COG1396@1|root,COG1917@1|root,COG1396@2|Bacteria,COG1917@2|Bacteria,1RCYA@1224|Proteobacteria,1S4B9@1236|Gammaproteobacteria,1XV0X@135623|Vibrionales	Cro/C1-type HTH DNA-binding domain	-	-	ko:K14056	-	ko00000,ko03000	Cupin_2,HTH_3
3225	GEA51753.1	1205908.AKXW01000121_gene256	0.0	969.0	COG1012@1|root,COG1012@2|Bacteria,1MU1V@1224|Proteobacteria,1RMBQ@1236|Gammaproteobacteria,1XSW9@135623|Vibrionales	Involved in the biosynthesis of the osmoprotectant glycine betaine. Catalyzes the reversible oxidation of betaine aldehyde to the corresponding acid	-	-	ko:K00128,ko:K09472	ko00010,ko00053,ko00071,ko00280,ko00310,ko00330,ko00340,ko00380,ko00410,ko00561,ko00620,ko00625,ko00903,ko00981,ko01100,ko01110,ko01120,ko01130,map00010,map00053,map00071,map00280,map00310,map00330,map00340,map00380,map00410,map00561,map00620,map00625,map00903,map00981,map01100,map01110,map01120,map01130	ko00000,ko00001,ko00002,ko01000	Aldedh
3225	GEA51754.1	1205908.AKXW01000121_gene255	3.24e-310	845.0	COG0665@1|root,COG0665@2|Bacteria,1MVGP@1224|Proteobacteria,1RNJ9@1236|Gammaproteobacteria,1XSCR@135623|Vibrionales	COG0665 Glycine D-amino acid oxidases (deaminating)	-	-	ko:K09471	ko00330,ko01100,map00330,map01100	ko00000,ko00001,ko00002,ko01000	DAO
3225	GEA51755.1	1205908.AKXW01000121_gene254	1.99e-203	563.0	COG0388@1|root,COG0388@2|Bacteria,1MXG5@1224|Proteobacteria,1RP7S@1236|Gammaproteobacteria,1XSG7@135623|Vibrionales	Carbon-nitrogen hydrolase	-	-	ko:K12251	ko00330,ko01100,map00330,map01100	ko00000,ko00001,ko01000	CN_hydrolase
3225	GEA51756.1	1205908.AKXW01000121_gene253	3.96e-253	695.0	COG2957@1|root,COG2957@2|Bacteria,1MX65@1224|Proteobacteria,1RMF1@1236|Gammaproteobacteria,1XVYW@135623|Vibrionales	agmatine deiminase	aguA	-	ko:K10536	ko00330,ko01100,map00330,map01100	ko00000,ko00001,ko01000	PAD_porph
3225	GEA51757.1	1205908.AKXW01000121_gene252	0.0	868.0	COG1012@1|root,COG1012@2|Bacteria,1MU1V@1224|Proteobacteria,1RMBQ@1236|Gammaproteobacteria,1XSW9@135623|Vibrionales	Involved in the biosynthesis of the osmoprotectant glycine betaine. Catalyzes the reversible oxidation of betaine aldehyde to the corresponding acid	gabD	-	ko:K00135	ko00250,ko00310,ko00350,ko00650,ko00760,ko01100,ko01120,map00250,map00310,map00350,map00650,map00760,map01100,map01120	ko00000,ko00001,ko00002,ko01000	Aldedh
3225	GEA51758.1	1205908.AKXW01000121_gene251	6.44e-301	821.0	COG0160@1|root,COG0160@2|Bacteria,1MWY6@1224|Proteobacteria,1RMP0@1236|Gammaproteobacteria,1XWB6@135623|Vibrionales	Belongs to the class-III pyridoxal-phosphate-dependent aminotransferase family	puuE	-	ko:K07250	ko00250,ko00280,ko00410,ko00640,ko00650,ko01100,ko01120,map00250,map00280,map00410,map00640,map00650,map01100,map01120	ko00000,ko00001,ko00002,ko01000,ko01007	Aminotran_3
3225	GEA51759.1	1205908.AKXW01000121_gene250	4.9e-42	138.0	2AWS2@1|root,31NP2@2|Bacteria,1QKDM@1224|Proteobacteria,1TIHJ@1236|Gammaproteobacteria,1XZ4Z@135623|Vibrionales	-	-	-	-	-	-	-
3225	GEA51760.1	1205908.AKXW01000121_gene249	1.98e-65	200.0	292YF@1|root,2ZQFX@2|Bacteria,1QMFC@1224|Proteobacteria,1TJQF@1236|Gammaproteobacteria,1Y1II@135623|Vibrionales	-	-	-	-	-	-	-
3225	GEA51761.1	1205908.AKXW01000121_gene248	4.51e-84	248.0	COG3324@1|root,COG3324@2|Bacteria,1N7Q5@1224|Proteobacteria,1SB3Z@1236|Gammaproteobacteria,1XX54@135623|Vibrionales	enzyme related to lactoylglutathione lyase	-	-	ko:K06996	-	ko00000	Glyoxalase
3225	GEA51762.1	1205908.AKXW01000121_gene247	3.74e-80	239.0	COG3193@1|root,COG3193@2|Bacteria,1N5PP@1224|Proteobacteria,1SC3A@1236|Gammaproteobacteria,1XY13@135623|Vibrionales	Haem-degrading	-	-	-	-	-	Haem_degrading
3225	GEA51763.1	1205908.AKXW01000121_gene246	1.35e-215	597.0	COG4989@1|root,COG4989@2|Bacteria,1MY3G@1224|Proteobacteria,1RRIC@1236|Gammaproteobacteria,1XV88@135623|Vibrionales	Aldo/keto reductase family	-	-	-	-	-	Aldo_ket_red
3225	GEA51764.1	1205908.AKXW01000121_gene245	1.21e-181	508.0	COG0583@1|root,COG0583@2|Bacteria,1PPK7@1224|Proteobacteria,1RPVH@1236|Gammaproteobacteria,1XVDZ@135623|Vibrionales	Bacterial regulatory helix-turn-helix protein, lysR family	-	-	-	-	-	HTH_1,LysR_substrate
3225	GEA51765.1	1205908.AKXW01000121_gene244	9.67e-99	288.0	COG1309@1|root,COG1309@2|Bacteria,1NYZD@1224|Proteobacteria,1SQR6@1236|Gammaproteobacteria,1XY3K@135623|Vibrionales	transcriptional regulator	-	-	-	-	-	TetR_N
3225	GEA51766.1	1205908.AKXW01000121_gene243	1.51e-281	771.0	COG1457@1|root,COG1457@2|Bacteria,1NS07@1224|Proteobacteria,1RNHG@1236|Gammaproteobacteria,1XU9V@135623|Vibrionales	COG1457 Purine-cytosine permease and related proteins	codB	-	ko:K10974	-	ko00000,ko02000	Transp_cyt_pur
3225	GEA51767.1	1205908.AKXW01000121_gene242	2.1e-306	835.0	COG0402@1|root,COG0402@2|Bacteria,1MX34@1224|Proteobacteria,1RMPF@1236|Gammaproteobacteria,1XV5T@135623|Vibrionales	COG0402 Cytosine deaminase and related metal-dependent hydrolases	codA	-	ko:K01485	ko00240,ko00330,ko01100,map00240,map00330,map01100	ko00000,ko00001,ko01000	Amidohydro_3
3225	GEA51768.1	1280001.BAOA01000022_gene549	7.42e-103	325.0	COG4102@1|root,COG4102@2|Bacteria,1MX4R@1224|Proteobacteria,1RR99@1236|Gammaproteobacteria,1XTSR@135623|Vibrionales	Protein of unknown function (DUF1501)	-	-	-	-	-	DUF1501
3225	GEA51769.1	1517681.HW45_06905	9.52e-216	612.0	COG5267@1|root,COG5267@2|Bacteria,1MWJK@1224|Proteobacteria,1RR2N@1236|Gammaproteobacteria,1XVVE@135623|Vibrionales	Protein of unknown function (DUF1800)	-	-	-	-	-	DUF1800
3225	GEA51770.1	29495.EA26_13300	4.16e-36	132.0	COG3637@1|root,COG3637@2|Bacteria,1NYQT@1224|Proteobacteria,1SQP5@1236|Gammaproteobacteria,1XYDQ@135623|Vibrionales	OmpA-like transmembrane domain	-	-	-	-	-	OMP_b-brl
3225	GEA51771.1	1219072.VHA01S_004_01040	1.67e-104	310.0	COG2856@1|root,COG2856@2|Bacteria,1RC8M@1224|Proteobacteria,1S3M8@1236|Gammaproteobacteria,1XVUX@135623|Vibrionales	Putative metallopeptidase	VVA0022	-	-	-	-	DUF4344
3225	GEA51773.1	1205908.AKXW01000121_gene238	1.06e-97	285.0	2AWJV@1|root,31NGI@2|Bacteria,1QK7G@1224|Proteobacteria,1TIAR@1236|Gammaproteobacteria,1XYS2@135623|Vibrionales	-	-	-	-	-	-	-
3225	GEA51774.1	1205908.AKXW01000121_gene237	1.44e-129	369.0	COG5514@1|root,COG5514@2|Bacteria,1MX90@1224|Proteobacteria,1S9SH@1236|Gammaproteobacteria,1XW6T@135623|Vibrionales	Domain of unknown function (DUF1794)	-	-	-	-	-	DUF1794
3225	GEA51775.1	1205908.AKXW01000121_gene236	4.09e-241	666.0	COG0477@1|root,COG2814@2|Bacteria,1R91P@1224|Proteobacteria,1RMVM@1236|Gammaproteobacteria,1XWI2@135623|Vibrionales	Sugar (and other) transporter	-	-	-	-	-	MFS_1
3225	GEA51776.1	1205908.AKXW01000121_gene235	0.0	1439.0	COG2010@1|root,COG2010@2|Bacteria,1MUCW@1224|Proteobacteria,1RPYJ@1236|Gammaproteobacteria,1XSF6@135623|Vibrionales	C-type cytochrome. Part of the cbb3-type cytochrome c oxidase complex	-	-	-	-	-	Cytochrom_C,Cytochrome_CBB3,FixP_N
3225	GEA51777.1	1205908.AKXW01000121_gene234	2.52e-141	399.0	COG2993@1|root,COG2993@2|Bacteria,1MXEY@1224|Proteobacteria,1SN3F@1236|Gammaproteobacteria,1Y2UI@135623|Vibrionales	Cytochrome C oxidase, mono-heme subunit/FixO	-	-	ko:K00405	ko00190,ko01100,ko02020,map00190,map01100,map02020	ko00000,ko00001,ko00002	FixO
3225	GEA51778.1	1205908.AKXW01000121_gene233	0.0	946.0	COG3278@1|root,COG3278@2|Bacteria,1NU7T@1224|Proteobacteria,1SJJM@1236|Gammaproteobacteria,1Y2KD@135623|Vibrionales	Cytochrome C and Quinol oxidase polypeptide I	-	-	ko:K00404	ko00190,ko01100,ko02020,map00190,map01100,map02020	ko00000,ko00001,ko00002,ko01000	COX1
3225	GEA51779.1	1205908.AKXW01000121_gene232	5.5e-67	203.0	COG2863@1|root,COG2863@2|Bacteria,1QK4G@1224|Proteobacteria,1TI7D@1236|Gammaproteobacteria,1XYJG@135623|Vibrionales	Cytochrome c	-	-	-	-	-	Cytochrom_C
3225	GEA51780.1	1205908.AKXW01000121_gene231	0.0	1492.0	COG0243@1|root,COG0243@2|Bacteria,1NS3T@1224|Proteobacteria,1RMWN@1236|Gammaproteobacteria,1XUIC@135623|Vibrionales	Belongs to the prokaryotic molybdopterin-containing oxidoreductase family	nasA	-	ko:K00372	ko00910,ko01120,map00910,map01120	ko00000,ko00001,ko00002,ko01000	Fer2_BFD,Molybdop_Fe4S4,Molybdopterin,Molydop_binding
3225	GEA51781.1	1205908.AKXW01000121_gene230	7.34e-181	504.0	COG0007@1|root,COG0007@2|Bacteria,1MUI0@1224|Proteobacteria,1RM9V@1236|Gammaproteobacteria,1XTB2@135623|Vibrionales	Tetrapyrrole (Corrin/Porphyrin) Methylases	cobA	-	ko:K02303	ko00860,ko01100,ko01110,ko01120,map00860,map01100,map01110,map01120	ko00000,ko00001,ko00002,ko01000	TP_methylase
3225	GEA51782.1	1205908.AKXW01000121_gene229	0.0	1617.0	COG1251@1|root,COG1251@2|Bacteria,1MW58@1224|Proteobacteria,1RNGY@1236|Gammaproteobacteria,1XUM5@135623|Vibrionales	Belongs to the nitrite and sulfite reductase 4Fe-4S domain family	-	-	ko:K00362	ko00910,ko01120,map00910,map01120	ko00000,ko00001,ko00002,ko01000	Fer2_BFD,NIR_SIR,NIR_SIR_ferr,Pyr_redox_2
3225	GEA51783.1	1205908.AKXW01000121_gene228	5.12e-73	219.0	COG2146@1|root,COG2146@2|Bacteria,1MZBY@1224|Proteobacteria,1S9F1@1236|Gammaproteobacteria,1XYHD@135623|Vibrionales	COG2146 Ferredoxin subunits of nitrite reductase and ring-hydroxylating dioxygenases	-	-	ko:K00363	ko00910,ko01120,map00910,map01120	ko00000,ko00001,ko00002,ko01000	Rieske_2
3225	GEA51784.1	1219072.VHA01S_037_00130	0.0	909.0	COG2223@1|root,COG2223@2|Bacteria,1MU27@1224|Proteobacteria,1RP5H@1236|Gammaproteobacteria,1XUSE@135623|Vibrionales	Major Facilitator Superfamily	-	-	ko:K02575	ko00910,map00910	ko00000,ko00001,ko00002,ko02000	MFS_1
3225	GEA51785.1	1219080.VEZ01S_26_00260	0.0	982.0	COG0515@1|root,COG0631@1|root,COG0515@2|Bacteria,COG0631@2|Bacteria,1MV1P@1224|Proteobacteria,1RNQN@1236|Gammaproteobacteria,1XU0N@135623|Vibrionales	Protein tyrosine kinase	-	-	-	-	-	PP2C_2,Pkinase
3225	GEA51786.1	1219072.VHA01S_037_00110	6.79e-19	93.2	2AX7N@1|root,31P6E@2|Bacteria,1QKVT@1224|Proteobacteria,1TJ1B@1236|Gammaproteobacteria,1Y09M@135623|Vibrionales	-	-	-	-	-	-	-
3225	GEA51787.1	1205908.AKXW01000092_gene2384	3.07e-98	286.0	COG3439@1|root,COG3439@2|Bacteria,1MZ38@1224|Proteobacteria,1S60I@1236|Gammaproteobacteria,1XY3V@135623|Vibrionales	Domain of unknown function DUF302	-	-	-	-	-	DUF302
3225	GEA51788.1	1205908.AKXW01000002_gene3185	7.21e-34	125.0	COG4961@1|root,COG4961@2|Bacteria,1PRDK@1224|Proteobacteria,1TC3B@1236|Gammaproteobacteria,1XYH0@135623|Vibrionales	TadE-like protein	VP2414	-	-	-	-	TadE
3225	GEA51789.1	1219072.VHA01S_042_00230	3.57e-35	126.0	COG4961@1|root,COG4961@2|Bacteria,1NCGE@1224|Proteobacteria,1SDQ1@1236|Gammaproteobacteria,1XXZS@135623|Vibrionales	TadE-like protein	-	-	-	-	-	TadE
3225	GEA51790.1	1051646.VITU9109_21839	1.83e-47	174.0	COG4961@1|root,COG4961@2|Bacteria,1R58C@1224|Proteobacteria,1S1A4@1236|Gammaproteobacteria,1XWG5@135623|Vibrionales	Putative Flp pilus-assembly TadE/G-like	-	-	-	-	-	Tad
3225	GEA51791.1	1205908.AKXW01000092_gene2385	5.42e-117	335.0	2ARAZ@1|root,2ZUT3@2|Bacteria,1RDFY@1224|Proteobacteria,1S5N7@1236|Gammaproteobacteria,1XWC9@135623|Vibrionales	Domain of unknown function (DUF3332)	-	-	-	-	-	DUF3332
3225	GEA51792.1	1205908.AKXW01000092_gene2387	9.41e-65	199.0	2AWGK@1|root,31NCW@2|Bacteria,1QK3U@1224|Proteobacteria,1TI6P@1236|Gammaproteobacteria,1XYHP@135623|Vibrionales	-	-	-	-	-	-	-
3225	GEA51793.1	1205908.AKXW01000092_gene2388	5.37e-112	322.0	COG0652@1|root,COG0652@2|Bacteria,1R9ZQ@1224|Proteobacteria,1S3HH@1236|Gammaproteobacteria,1XUKI@135623|Vibrionales	PPIases accelerate the folding of proteins. It catalyzes the cis-trans isomerization of proline imidic peptide bonds in oligopeptides	-	-	ko:K03768	-	ko00000,ko01000,ko03110	Pro_isomerase
3225	GEA51794.1	1219080.VEZ01S_26_00310	2.27e-54	170.0	2EA1K@1|root,3346W@2|Bacteria,1NBQF@1224|Proteobacteria,1SCG9@1236|Gammaproteobacteria,1XYID@135623|Vibrionales	Nitrogen fixation protein NifW	-	-	-	-	-	NifW
3225	GEA51795.1	1219072.VHA01S_037_00070	2.84e-86	256.0	COG2050@1|root,COG2050@2|Bacteria,1RKGI@1224|Proteobacteria,1S6IX@1236|Gammaproteobacteria,1XX0B@135623|Vibrionales	Domain of unknown function (DUF4442)	-	-	-	-	-	DUF4442
3225	GEA51796.1	1205908.AKXW01000092_gene2391	3.57e-109	315.0	2E3UE@1|root,32YRS@2|Bacteria,1N75A@1224|Proteobacteria,1SBCC@1236|Gammaproteobacteria,1XXWM@135623|Vibrionales	Protein of unknown function (DUF2799)	-	-	-	-	-	DUF2799
3225	GEA51797.1	1205908.AKXW01000092_gene2392	0.0	937.0	COG1115@1|root,COG1115@2|Bacteria,1MUI3@1224|Proteobacteria,1RMNF@1236|Gammaproteobacteria,1XU2Z@135623|Vibrionales	COG1115 Na alanine symporter	-	-	ko:K03310	-	ko00000	Na_Ala_symp
3225	GEA51798.1	1205908.AKXW01000092_gene2393	2.51e-40	135.0	2AWK9@1|root,31NGZ@2|Bacteria,1QK7V@1224|Proteobacteria,1TIB5@1236|Gammaproteobacteria,1XYSY@135623|Vibrionales	-	-	-	-	-	-	-
3225	GEA51799.1	1205908.AKXW01000092_gene2394	1.23e-86	256.0	COG1846@1|root,COG1846@2|Bacteria,1N5E0@1224|Proteobacteria,1S8SU@1236|Gammaproteobacteria,1XXVA@135623|Vibrionales	helix_turn_helix multiple antibiotic resistance protein	-	-	-	-	-	MarR,MarR_2
3225	GEA51800.1	1205908.AKXW01000092_gene2395	1.29e-112	324.0	COG3981@1|root,COG3981@2|Bacteria,1NC09@1224|Proteobacteria,1SQRT@1236|Gammaproteobacteria,1Y2AS@135623|Vibrionales	Acetyltransferase (GNAT) domain	-	-	-	-	-	Acetyltransf_3
3225	GEA51803.1	1051646.VITU9109_16693	2.05e-192	550.0	COG1262@1|root,COG1262@2|Bacteria,1R6GS@1224|Proteobacteria,1S5ET@1236|Gammaproteobacteria,1XU1P@135623|Vibrionales	Protein of unknown function (DUF1566)	-	-	-	-	-	Cytochrome_CBB3,DUF1566,EF-hand_5
3225	GEA51804.1	1205908.AKXW01000092_gene2398	2.71e-200	555.0	2DKE2@1|root,30KHP@2|Bacteria,1PKP5@1224|Proteobacteria,1THGY@1236|Gammaproteobacteria,1Y0E9@135623|Vibrionales	Alginate lyase	-	-	-	-	-	Alginate_lyase2
3225	GEA51805.1	575788.VS_II1494	6.89e-117	346.0	COG0583@1|root,COG0583@2|Bacteria,1R9DV@1224|Proteobacteria,1S1G5@1236|Gammaproteobacteria,1XVIA@135623|Vibrionales	Transcriptional regulator	-	-	-	-	-	HTH_1,LysR_substrate
3225	GEA51806.1	1205908.AKXW01000148_gene1692	8.57e-177	494.0	2EAHZ@1|root,334M4@2|Bacteria,1NA8S@1224|Proteobacteria,1SFTQ@1236|Gammaproteobacteria,1XUHU@135623|Vibrionales	-	-	-	-	-	-	-
3225	GEA51807.1	1205908.AKXW01000148_gene1696	5.63e-157	443.0	COG0564@1|root,COG0564@2|Bacteria,1QDTQ@1224|Proteobacteria,1RM82@1236|Gammaproteobacteria,1XWA8@135623|Vibrionales	RNA pseudouridylate synthase	-	-	ko:K06177	-	ko00000,ko01000,ko03009,ko03016	PseudoU_synth_2
3225	GEA51808.1	318167.Sfri_2514	5.3e-104	303.0	COG1595@1|root,COG1595@2|Bacteria,1RHI0@1224|Proteobacteria,1S454@1236|Gammaproteobacteria,2QCXT@267890|Shewanellaceae	Sigma-70, region 4	-	-	ko:K03088	-	ko00000,ko03021	Sigma70_r2,Sigma70_r4_2
3225	GEA51809.1	493475.GARC_3384	3.56e-278	769.0	2DBKU@1|root,2Z9VE@2|Bacteria,1MX1S@1224|Proteobacteria,1RSDA@1236|Gammaproteobacteria,46C7Y@72275|Alteromonadaceae	Eukaryotic glutathione synthase	-	-	ko:K01920	ko00270,ko00480,ko01100,map00270,map00480,map01100	ko00000,ko00001,ko00002,ko01000	GSH_synth_ATP
3225	GEA51810.1	225849.swp_3649	4.35e-226	629.0	COG1168@1|root,COG1168@2|Bacteria,1MY33@1224|Proteobacteria,1RP58@1236|Gammaproteobacteria,2QC0C@267890|Shewanellaceae	Aminotransferase class I and II	-	-	ko:K14155	ko00270,ko00450,ko01100,ko01110,ko01230,map00270,map00450,map01100,map01110,map01230	ko00000,ko00001,ko01000,ko01007	Aminotran_1_2
3225	GEA51811.1	1205908.AKXW01000148_gene1699	3.92e-41	137.0	2EK51@1|root,33DVG@2|Bacteria,1NI7C@1224|Proteobacteria,1SI32@1236|Gammaproteobacteria,1Y31K@135623|Vibrionales	Protein of unknown function (DUF3622)	-	-	-	-	-	DUF3622
3225	GEA51812.1	1205908.AKXW01000148_gene1700	6.45e-284	777.0	COG1902@1|root,COG1902@2|Bacteria,1MVE0@1224|Proteobacteria,1RR6H@1236|Gammaproteobacteria,1XVVC@135623|Vibrionales	NADH:flavin oxidoreductase / NADH oxidase family	-	-	-	-	-	Oxidored_FMN
3225	GEA51813.1	1219072.VHA01S_029_00340	1.09e-248	682.0	COG5361@1|root,COG5361@2|Bacteria,1NZZJ@1224|Proteobacteria,1RZ02@1236|Gammaproteobacteria,1Y2BP@135623|Vibrionales	Protein of unknown function (DUF1214)	-	-	-	-	-	DUF1214,DUF1254
3225	GEA51814.1	1205908.AKXW01000151_gene2225	0.0	970.0	COG3420@1|root,COG3420@2|Bacteria,1R2DB@1224|Proteobacteria,1RY2Y@1236|Gammaproteobacteria,1XVY8@135623|Vibrionales	Chondroitinase B	-	-	ko:K01729	ko00051,map00051	ko00000,ko00001,ko01000	Chondroitinas_B
3225	GEA51815.1	458817.Shal_0416	8.46e-231	644.0	COG1972@1|root,COG1972@2|Bacteria,1MXXX@1224|Proteobacteria,1RMBX@1236|Gammaproteobacteria,2QBDN@267890|Shewanellaceae	Belongs to the concentrative nucleoside transporter (CNT) (TC 2.A.41) family	yeiM	-	ko:K03317	-	ko00000	Gate,Nucleos_tra2_C,Nucleos_tra2_N
3225	GEA51816.1	1280001.BAOA01000045_gene1713	3.35e-121	352.0	COG0775@1|root,COG0775@2|Bacteria,1NQYT@1224|Proteobacteria,1S1NE@1236|Gammaproteobacteria,1XUR6@135623|Vibrionales	Phosphorylase superfamily	-	-	ko:K01243	ko00270,ko01100,ko01230,map00270,map01100,map01230	ko00000,ko00001,ko00002,ko01000	PNP_UDP_1
3225	GEA51818.1	1205908.AKXW01000108_gene1254	1.86e-80	246.0	2FAKU@1|root,342UP@2|Bacteria,1NY9M@1224|Proteobacteria	-	-	-	-	-	-	-
3225	GEA51819.1	1205908.AKXW01000108_gene1253	0.0	976.0	COG2985@1|root,COG2985@2|Bacteria,1MUVM@1224|Proteobacteria,1RQ47@1236|Gammaproteobacteria,1XUJ4@135623|Vibrionales	Predicted Permease Membrane Region	-	-	ko:K07085	-	ko00000	Asp-Al_Ex
3225	GEA51820.1	1205908.AKXW01000108_gene1252	0.0	900.0	COG0076@1|root,COG0076@2|Bacteria,1MX25@1224|Proteobacteria,1RNSQ@1236|Gammaproteobacteria,1XU5I@135623|Vibrionales	Belongs to the group II decarboxylase family	gadB	GO:0003674,GO:0003824,GO:0004351,GO:0006082,GO:0006520,GO:0006536,GO:0006807,GO:0008150,GO:0008152,GO:0009064,GO:0009987,GO:0016829,GO:0016830,GO:0016831,GO:0019752,GO:0043436,GO:0043648,GO:0044237,GO:0044238,GO:0044281,GO:0071704,GO:1901564,GO:1901605	ko:K01580	ko00250,ko00410,ko00430,ko00650,ko01100,ko01110,ko01120,ko02024,ko04727,ko04940,map00250,map00410,map00430,map00650,map01100,map01110,map01120,map02024,map04727,map04940	ko00000,ko00001,ko00002,ko01000	Pyridoxal_deC
3225	GEA51821.1	1205908.AKXW01000151_gene2211	7.84e-101	292.0	2B0X8@1|root,31TA1@2|Bacteria,1QJF5@1224|Proteobacteria,1THEH@1236|Gammaproteobacteria,1XUWB@135623|Vibrionales	-	VPA0789	-	-	-	-	-
3225	GEA51822.1	589873.EP13_01255	2.72e-38	142.0	COG2207@1|root,COG2207@2|Bacteria,1QEFK@1224|Proteobacteria,1RYVP@1236|Gammaproteobacteria,46730@72275|Alteromonadaceae	AraC family transcriptional regulator	-	-	ko:K18954	-	ko00000,ko03000	AraC_binding,HTH_18,HTH_AraC
3225	GEA51823.1	203122.Sde_0907	3.96e-243	684.0	COG2211@1|root,COG2211@2|Bacteria,1MVUM@1224|Proteobacteria,1RP5J@1236|Gammaproteobacteria,464K4@72275|Alteromonadaceae	COG2211 Na melibiose symporter and related transporters	ynaJ	-	ko:K03292	-	ko00000	MFS_2
3225	GEA51824.1	203122.Sde_0906	0.0	1126.0	COG3459@1|root,COG3459@2|Bacteria,1MVNX@1224|Proteobacteria,1RMW9@1236|Gammaproteobacteria,465S2@72275|Alteromonadaceae	Cellobiose phosphorylase	ndvB	GO:0000272,GO:0003674,GO:0003824,GO:0005975,GO:0005976,GO:0006073,GO:0008150,GO:0008152,GO:0009056,GO:0009057,GO:0009251,GO:0009987,GO:0016052,GO:0016740,GO:0016757,GO:0016758,GO:0030243,GO:0030245,GO:0043170,GO:0044042,GO:0044237,GO:0044238,GO:0044247,GO:0044248,GO:0044260,GO:0044262,GO:0044264,GO:0044275,GO:0051273,GO:0051275,GO:0071704,GO:1901575	ko:K00702,ko:K18786	ko00500,ko01100,map00500,map01100	ko00000,ko00001,ko01000	Glyco_hydro_36,Glyco_transf_36
3225	GEA51825.1	1190606.AJYG01000192_gene2900	4.78e-81	244.0	29C1Y@1|root,2ZZ0F@2|Bacteria,1REVX@1224|Proteobacteria,1S4BA@1236|Gammaproteobacteria,1XX5Y@135623|Vibrionales	Protein of unknown function (DUF3087)	VVA0269	-	-	-	-	DUF3087
3225	GEA51826.1	1205908.AKXW01000151_gene2206	5.22e-265	732.0	COG0534@1|root,COG0534@2|Bacteria,1R8A6@1224|Proteobacteria,1RXV2@1236|Gammaproteobacteria,1XUW2@135623|Vibrionales	MatE	-	-	-	-	-	MatE
3225	GEA51827.1	675817.VDA_000386	1.41e-50	179.0	COG1566@1|root,COG1566@2|Bacteria,1MWG0@1224|Proteobacteria,1SX2W@1236|Gammaproteobacteria,1XW24@135623|Vibrionales	Barrel-sandwich domain of CusB or HlyD membrane-fusion	-	-	-	-	-	Biotin_lipoyl_2,HlyD_D23
3225	GEA51828.1	637905.SVI_2862	4.92e-07	59.3	COG4129@1|root,COG4129@2|Bacteria,1R4ZA@1224|Proteobacteria,1RY24@1236|Gammaproteobacteria,2QBEM@267890|Shewanellaceae	Protein of unknown function (DUF2955)	-	-	-	-	-	DUF2955
3225	GEA51829.1	1190606.AJYG01000089_gene4671	1.31e-29	121.0	COG0583@1|root,COG0583@2|Bacteria,1R5BA@1224|Proteobacteria,1S4S1@1236|Gammaproteobacteria,1XT26@135623|Vibrionales	Transcriptional regulator	aphB	-	ko:K10918	ko05111,map05111	ko00000,ko00001,ko03000	HTH_1,LysR_substrate
3225	GEA51830.1	1205908.AKXW01000151_gene2204	6.31e-259	712.0	COG0729@1|root,COG0729@2|Bacteria,1R5Y3@1224|Proteobacteria,1RPB2@1236|Gammaproteobacteria,1XV4X@135623|Vibrionales	Surface antigen	-	-	-	-	-	Bac_surface_Ag
3225	GEA51831.1	1205908.AKXW01000151_gene2203	2.75e-60	189.0	2AW76@1|root,31P0C@2|Bacteria,1QKPM@1224|Proteobacteria,1TITZ@1236|Gammaproteobacteria,1XZNG@135623|Vibrionales	-	-	-	-	-	-	-
3225	GEA51832.1	1205908.AKXW01000151_gene2202	0.0	1058.0	COG0342@1|root,COG0342@2|Bacteria,1MV5U@1224|Proteobacteria,1RPEM@1236|Gammaproteobacteria,1XUK7@135623|Vibrionales	Part of the Sec protein translocase complex. Interacts with the SecYEG preprotein conducting channel. SecDF uses the proton motive force (PMF) to complete protein translocation after the ATP-dependent function of SecA	-	-	ko:K03072	ko03060,ko03070,map03060,map03070	ko00000,ko00001,ko00002,ko02044	SecD-TM1,SecD_SecF,Sec_GG
3225	GEA51833.1	1205908.AKXW01000151_gene2201	1.3e-189	529.0	COG0341@1|root,COG0341@2|Bacteria,1MY1H@1224|Proteobacteria,1RY1N@1236|Gammaproteobacteria,1XUNI@135623|Vibrionales	Part of the Sec protein translocase complex. Interacts with the SecYEG preprotein conducting channel. SecDF uses the proton motive force (PMF) to complete protein translocation after the ATP-dependent function of SecA	-	-	ko:K03074	ko03060,ko03070,map03060,map03070	ko00000,ko00001,ko00002,ko02044	SecD_SecF,Sec_GG
3225	GEA51834.1	617140.AJZE01000087_gene263	5.76e-71	223.0	2A5PB@1|root,30UE6@2|Bacteria,1PX3Q@1224|Proteobacteria,1TA9W@1236|Gammaproteobacteria,1XZ6Y@135623|Vibrionales	Protein of unknown function (DUF3313)	-	-	-	-	-	DUF3313
3225	GEA51835.1	617140.AJZE01000072_gene819	6.58e-104	329.0	COG3710@1|root,COG3710@2|Bacteria,1R52Q@1224|Proteobacteria,1RQY5@1236|Gammaproteobacteria,1XVDH@135623|Vibrionales	Transcriptional activator CadC	-	-	ko:K03765	-	ko00000,ko03000	Trans_reg_C
3225	GEA51836.1	1205908.AKXW01000151_gene2200	4.26e-139	394.0	COG0637@1|root,COG0637@2|Bacteria,1PUMZ@1224|Proteobacteria,1SWSV@1236|Gammaproteobacteria,1XWN1@135623|Vibrionales	Haloacid dehalogenase-like hydrolase	-	-	-	-	-	HAD_2
3225	GEA51837.1	1136163.M565_ctg5P0124	5.72e-194	551.0	COG0641@1|root,COG0641@2|Bacteria,1MX3M@1224|Proteobacteria,1RN4R@1236|Gammaproteobacteria,1XSAW@135623|Vibrionales	Iron-sulfur cluster-binding domain	-	-	ko:K06871	-	ko00000	Fer4_12,Radical_SAM,SPASM
3225	GEA51838.1	313628.LNTAR_01030	1.3e-123	375.0	COG3119@1|root,COG3119@2|Bacteria	arylsulfatase activity	-	-	ko:K01138	-	ko00000,ko01000	Sulfatase
3225	GEA51840.1	1027273.GZ77_12155	2.11e-176	508.0	COG5368@1|root,COG5368@2|Bacteria	Putative glucoamylase	-	-	-	-	-	Glycoamylase
3225	GEA51841.1	1027273.GZ77_25200	7.67e-275	768.0	COG3119@1|root,COG3119@2|Bacteria,1MV0B@1224|Proteobacteria,1RRY3@1236|Gammaproteobacteria	Sulfatase	-	-	ko:K01133	-	ko00000,ko01000	DUF4976,Sulfatase,TAT_signal
3225	GEA51844.1	1027273.GZ77_12165	1.29e-180	512.0	COG3842@1|root,COG3842@2|Bacteria,1MU3I@1224|Proteobacteria,1RM9E@1236|Gammaproteobacteria,1XIQM@135619|Oceanospirillales	Part of the ABC transporter complex UgpABCE involved in sn-glycerol-3-phosphate import. Responsible for energy coupling to the transport system	ugpC	-	ko:K05816,ko:K10111,ko:K10191	ko02010,map02010	ko00000,ko00001,ko00002,ko01000,ko02000	ABC_tran,TOBE_2
3225	GEA51845.1	1027273.GZ77_12170	0.0	1417.0	COG3459@1|root,COG3459@2|Bacteria,1MVNX@1224|Proteobacteria,1RMW9@1236|Gammaproteobacteria,1XMII@135619|Oceanospirillales	Glycosyl hydrolase 36 superfamily, catalytic domain	-	-	-	-	-	Glyco_hydro_36,Glyco_transf_36,Glycoamylase
3225	GEA51846.1	305900.GV64_12755	2.85e-149	429.0	COG1609@1|root,COG1609@2|Bacteria,1MVUR@1224|Proteobacteria,1RN2K@1236|Gammaproteobacteria,1XJ8N@135619|Oceanospirillales	helix_turn _helix lactose operon repressor	-	-	ko:K02529,ko:K03604	-	ko00000,ko03000	LacI,Peripla_BP_3
3225	GEA51847.1	305900.GV64_12750	2.41e-200	566.0	COG1653@1|root,COG1653@2|Bacteria,1MVMW@1224|Proteobacteria,1RSCM@1236|Gammaproteobacteria,1XQVM@135619|Oceanospirillales	Bacterial extracellular solute-binding protein	-	-	ko:K05813	ko02010,map02010	ko00000,ko00001,ko00002,ko02000	SBP_bac_8
3225	GEA51848.1	1027273.GZ77_12180	9.83e-159	451.0	COG1175@1|root,COG1175@2|Bacteria,1MVAP@1224|Proteobacteria,1RYI1@1236|Gammaproteobacteria,1XKIW@135619|Oceanospirillales	ABC transporter permease	-	-	ko:K02025,ko:K05814,ko:K10193	ko02010,map02010	ko00000,ko00001,ko00002,ko02000	BPD_transp_1
3225	GEA51849.1	305900.GV64_12740	5.74e-161	454.0	COG0395@1|root,COG0395@2|Bacteria,1MUWS@1224|Proteobacteria,1RPCG@1236|Gammaproteobacteria,1XKU4@135619|Oceanospirillales	Binding-protein-dependent transport system inner membrane component	-	-	ko:K05815	ko02010,map02010	ko00000,ko00001,ko00002,ko02000	BPD_transp_1
3225	GEA51850.1	305900.GV64_12735	5.54e-47	157.0	2E2GQ@1|root,32XKR@2|Bacteria,1NZCI@1224|Proteobacteria,1SQGS@1236|Gammaproteobacteria	-	-	-	-	-	-	-
3225	GEA51851.1	305900.GV64_12730	0.0	996.0	COG1472@1|root,COG1472@2|Bacteria,1MVIV@1224|Proteobacteria,1RMA0@1236|Gammaproteobacteria,1XKTE@135619|Oceanospirillales	Glycosyl hydrolase family 3 C-terminal domain	-	-	ko:K05349	ko00460,ko00500,ko00940,ko01100,ko01110,map00460,map00500,map00940,map01100,map01110	ko00000,ko00001,ko01000	Fn3-like,Glyco_hydro_3,Glyco_hydro_3_C
3225	GEA51852.1	305900.GV64_12725	4.38e-305	842.0	COG3119@1|root,COG3119@2|Bacteria,1MV0B@1224|Proteobacteria,1RRY3@1236|Gammaproteobacteria,1XNM0@135619|Oceanospirillales	Domain of unknown function (DUF4976)	-	-	ko:K01133	-	ko00000,ko01000	DUF4976,Sulfatase
3225	GEA51853.1	313628.LNTAR_01030	2.61e-119	364.0	COG3119@1|root,COG3119@2|Bacteria	arylsulfatase activity	-	-	ko:K01138	-	ko00000,ko01000	Sulfatase
3225	GEA51855.1	754436.JCM19237_1076	2.2e-27	116.0	2F05U@1|root,33T9F@2|Bacteria,1NRUW@1224|Proteobacteria,1SKDH@1236|Gammaproteobacteria	-	-	-	-	-	-	Phenol_MetA_deg
3225	GEA51856.1	305900.GV64_12865	0.0	1079.0	COG1472@1|root,COG1472@2|Bacteria,1MVIV@1224|Proteobacteria,1RMA0@1236|Gammaproteobacteria,1XKTE@135619|Oceanospirillales	Glycosyl hydrolase family 3 C-terminal domain	-	-	ko:K05349	ko00460,ko00500,ko00940,ko01100,ko01110,map00460,map00500,map00940,map01100,map01110	ko00000,ko00001,ko01000	Fn3-like,Glyco_hydro_3,Glyco_hydro_3_C
3225	GEA51857.1	298386.PBPRB0009	1.8e-83	253.0	COG0110@1|root,COG0110@2|Bacteria,1RA2T@1224|Proteobacteria,1S3ZZ@1236|Gammaproteobacteria,1XUHN@135623|Vibrionales	COG0110 Acetyltransferase (isoleucine patch superfamily)	-	-	ko:K00661	-	ko00000,ko01000	Hexapep,Hexapep_2,Mac
3225	GEA51858.1	1336233.JAEH01000001_gene701	5.48e-26	104.0	COG2165@1|root,COG2165@2|Bacteria,1N7HN@1224|Proteobacteria,1SDMJ@1236|Gammaproteobacteria,2QBXZ@267890|Shewanellaceae	Prokaryotic N-terminal methylation motif	-	-	ko:K10924	ko05111,map05111	ko00000,ko00001,ko02044	N_methyl
3225	GEA51859.1	1205908.AKXW01000151_gene2184	4.34e-210	582.0	COG0583@1|root,COG0583@2|Bacteria,1MX24@1224|Proteobacteria,1RQP0@1236|Gammaproteobacteria,1XUGE@135623|Vibrionales	Bacterial regulatory helix-turn-helix protein, lysR family	-	-	-	-	-	HTH_1,LysR_substrate
3225	GEA51860.1	1205908.AKXW01000151_gene2183	0.0	1233.0	COG2015@1|root,COG2015@2|Bacteria,1MU82@1224|Proteobacteria,1RMHR@1236|Gammaproteobacteria,1XWNT@135623|Vibrionales	Alkyl sulfatase dimerisation	-	-	-	-	-	Alkyl_sulf_C,Alkyl_sulf_dimr,Lactamase_B
3225	GEA51861.1	1205908.AKXW01000151_gene2182	4.29e-77	233.0	2AVSM@1|root,31MK0@2|Bacteria,1QJEI@1224|Proteobacteria,1THDW@1236|Gammaproteobacteria,1XUHY@135623|Vibrionales	-	-	-	-	-	-	-
3225	GEA51862.1	1040989.AWZU01000057_gene5068	4.09e-62	212.0	COG2706@1|root,COG2706@2|Bacteria,1MUKZ@1224|Proteobacteria,2U0UA@28211|Alphaproteobacteria,3JXGE@41294|Bradyrhizobiaceae	Lactonase, 7-bladed beta-propeller	-	-	-	-	-	Lactonase
3225	GEA51863.1	1123073.KB899241_gene3440	5.05e-30	120.0	COG0477@1|root,COG2814@2|Bacteria,1MVKJ@1224|Proteobacteria,1RMHJ@1236|Gammaproteobacteria,1XDA0@135614|Xanthomonadales	Belongs to the major facilitator superfamily. Sugar transporter (TC 2.A.1.1) family	-	-	ko:K08137	-	ko00000,ko02000	Sugar_tr
3225	GEA51864.1	945550.VISI1226_12466	2.87e-125	369.0	COG0604@1|root,COG0604@2|Bacteria,1MU4N@1224|Proteobacteria,1RNSV@1236|Gammaproteobacteria,1XTJE@135623|Vibrionales	Belongs to the zinc-containing alcohol dehydrogenase family. Quinone oxidoreductase subfamily	-	-	-	-	-	ADH_N,ADH_zinc_N
3225	GEA51865.1	1205683.CAKR01000031_gene2303	5.28e-71	230.0	COG3734@1|root,COG3734@2|Bacteria,1MWGX@1224|Proteobacteria,1S05X@1236|Gammaproteobacteria,41HQI@629|Yersinia	2-keto-3-deoxy-galactonokinase	-	-	ko:K00883	ko00052,ko01100,map00052,map01100	ko00000,ko00001,ko00002,ko01000	DGOK
3225	GEA51866.1	388739.RSK20926_12889	3.34e-57	188.0	COG0684@1|root,COG0684@2|Bacteria,1PIP9@1224|Proteobacteria,2V7R3@28211|Alphaproteobacteria,2P53Q@2433|Roseobacter	Pfam:Methyltransf_6	-	-	-	-	-	RraA-like
3225	GEA51867.1	1294142.CINTURNW_2675	1.52e-52	175.0	COG0800@1|root,COG0800@2|Bacteria,1TS0F@1239|Firmicutes,249JE@186801|Clostridia,36HA8@31979|Clostridiaceae	KDPG and KHG aldolase	-	-	-	-	-	Aldolase
3225	GEA51868.1	411684.HPDFL43_01995	5.12e-94	290.0	COG0111@1|root,COG0111@2|Bacteria,1NU4B@1224|Proteobacteria,2V87Y@28211|Alphaproteobacteria,43PH8@69277|Phyllobacteriaceae	D-isomer specific 2-hydroxyacid dehydrogenase, catalytic domain	-	-	-	-	-	2-Hacid_dh,2-Hacid_dh_C
3225	GEA51869.1	391626.OAN307_c30780	4.34e-37	130.0	COG3090@1|root,COG3090@2|Bacteria,1RM4J@1224|Proteobacteria,2UKDE@28211|Alphaproteobacteria	Tripartite ATP-independent periplasmic transporters, DctQ component	-	-	-	-	-	DctQ
3225	GEA51870.1	388739.RSK20926_12854	6.92e-188	535.0	COG1593@1|root,COG1593@2|Bacteria,1MU0F@1224|Proteobacteria,2TQW5@28211|Alphaproteobacteria,2P13B@2433|Roseobacter	COG1593 TRAP-type C4-dicarboxylate transport system, large permease component	tauM	-	-	-	-	DctM
3225	GEA51872.1	391626.OAN307_c30770	1.28e-117	349.0	COG1638@1|root,COG1638@2|Bacteria,1MVHC@1224|Proteobacteria,2TS46@28211|Alphaproteobacteria	COG1638 TRAP-type C4-dicarboxylate transport system, periplasmic component	-	GO:0003674,GO:0005215,GO:0005310,GO:0005342,GO:0006810,GO:0006811,GO:0006820,GO:0006835,GO:0008150,GO:0008509,GO:0008514,GO:0015075,GO:0015318,GO:0015556,GO:0015711,GO:0015740,GO:0015849,GO:0022857,GO:0034220,GO:0046942,GO:0046943,GO:0051179,GO:0051234,GO:0055085,GO:0071702,GO:0098656,GO:1903825,GO:1905039	ko:K11688,ko:K21395	ko02020,map02020	ko00000,ko00001,ko02000	DctP
3225	GEA51873.1	1449126.JQKL01000003_gene1804	3.48e-113	345.0	COG2768@1|root,COG2768@2|Bacteria,1TPRV@1239|Firmicutes,247PJ@186801|Clostridia	Domain of unknown function (DUF2088)	-	-	-	-	-	DUF2088,DUF362
3225	GEA51874.1	1111728.ATYS01000009_gene483	2.38e-71	224.0	COG1691@1|root,COG1691@2|Bacteria,1REQ7@1224|Proteobacteria,1S4B7@1236|Gammaproteobacteria	AIR carboxylase	-	-	-	-	-	AIRC
3225	GEA51875.1	1111728.ATYS01000009_gene484	5.77e-90	275.0	COG1606@1|root,COG1606@2|Bacteria,1R7UZ@1224|Proteobacteria,1S200@1236|Gammaproteobacteria	TIGRFAM TIGR00268 family protein	-	-	-	-	-	ATP_bind_3
3225	GEA51876.1	1111728.ATYS01000009_gene485	9.25e-112	341.0	COG1641@1|root,COG1641@2|Bacteria,1MUKU@1224|Proteobacteria,1RQMB@1236|Gammaproteobacteria	Protein of unknown function DUF111	-	-	-	-	-	DUF111
3225	GEA51877.1	375286.mma_1818	6.35e-21	93.6	COG2370@1|root,COG2370@2|Bacteria,1N08F@1224|Proteobacteria,2VTYR@28216|Betaproteobacteria,4742V@75682|Oxalobacteraceae	HupE / UreJ protein	ureJ	-	ko:K03192	-	ko00000	HupE_UreJ
3225	GEA51878.1	981384.AEYW01000001_gene1486	5.41e-41	146.0	COG1802@1|root,COG1802@2|Bacteria,1MW2A@1224|Proteobacteria,2U0VI@28211|Alphaproteobacteria,4NDQ3@97050|Ruegeria	FCD	MA20_21610	-	-	-	-	FCD,GntR
3225	GEA51879.1	1280001.BAOA01000034_gene2193	0.0	1866.0	COG0243@1|root,COG0243@2|Bacteria,1P01N@1224|Proteobacteria,1RQK9@1236|Gammaproteobacteria,1XUGH@135623|Vibrionales	Belongs to the prokaryotic molybdopterin-containing oxidoreductase family	-	-	ko:K08357	ko00920,ko01120,ko02020,map00920,map01120,map02020	ko00000,ko00001,ko02000	Molybdopterin,Molydop_binding
3225	GEA51880.1	1280001.BAOA01000034_gene2194	2.55e-164	471.0	COG3301@1|root,COG3301@2|Bacteria,1QU9J@1224|Proteobacteria,1T1VQ@1236|Gammaproteobacteria,1XT3N@135623|Vibrionales	Polysulphide reductase, NrfD	VP2013	-	ko:K08359	ko00920,ko01120,ko02020,map00920,map01120,map02020	ko00000,ko00001,ko02000	NrfD
3225	GEA51881.1	1280001.BAOA01000034_gene2195	2.77e-173	484.0	COG0437@1|root,COG0437@2|Bacteria,1MU1B@1224|Proteobacteria,1RPUU@1236|Gammaproteobacteria,1Y26P@135623|Vibrionales	4Fe-4S dicluster domain	-	-	ko:K08358	ko00920,ko01120,ko02020,map00920,map01120,map02020	ko00000,ko00001,ko02000	Fer4_11,Fer4_7
3225	GEA51882.1	1219076.N646_1089	8.18e-273	765.0	COG3221@1|root,COG4191@1|root,COG3221@2|Bacteria,COG4191@2|Bacteria,1RCM9@1224|Proteobacteria,1RNNF@1236|Gammaproteobacteria,1XUU5@135623|Vibrionales	ABC transporter, phosphonate, periplasmic substrate-binding protein	-	-	ko:K13040	ko02020,map02020	ko00000,ko00001,ko00002,ko01000,ko01001,ko02022	HATPase_c,HisKA,Phosphonate-bd
3225	GEA51883.1	1280001.BAOA01000034_gene2197	1.27e-105	308.0	COG4566@1|root,COG4566@2|Bacteria,1N6WR@1224|Proteobacteria,1S0TV@1236|Gammaproteobacteria,1XV10@135623|Vibrionales	helix_turn_helix, Lux Regulon	-	-	ko:K13041	ko02020,map02020	ko00000,ko00001,ko00002,ko02022	GerE,Response_reg
3225	GEA51884.1	1205908.AKXW01000151_gene2181	1.75e-71	216.0	COG0695@1|root,COG0695@2|Bacteria,1N0IY@1224|Proteobacteria,1SA4G@1236|Gammaproteobacteria,1XY0M@135623|Vibrionales	COG0695 Glutaredoxin and related proteins	-	-	-	-	-	GST_N_3,Glutaredoxin
3225	GEA51885.1	1205908.AKXW01000151_gene2178	3.3e-110	319.0	2A3K4@1|root,30S36@2|Bacteria,1QK1F@1224|Proteobacteria,1TI3Z@1236|Gammaproteobacteria,1XYBH@135623|Vibrionales	-	-	-	-	-	-	-
3225	GEA51886.1	1205908.AKXW01000151_gene2177	0.0	1112.0	COG2759@1|root,COG2759@2|Bacteria,1MUR8@1224|Proteobacteria,1RME6@1236|Gammaproteobacteria,1XUVS@135623|Vibrionales	Belongs to the formate--tetrahydrofolate ligase family	fhs	GO:0000096,GO:0000097,GO:0000105,GO:0003674,GO:0003824,GO:0004329,GO:0004477,GO:0004488,GO:0005575,GO:0005622,GO:0005623,GO:0005737,GO:0006082,GO:0006139,GO:0006144,GO:0006520,GO:0006547,GO:0006555,GO:0006575,GO:0006725,GO:0006730,GO:0006732,GO:0006760,GO:0006766,GO:0006767,GO:0006790,GO:0006807,GO:0008150,GO:0008152,GO:0008652,GO:0009058,GO:0009066,GO:0009067,GO:0009086,GO:0009108,GO:0009110,GO:0009112,GO:0009113,GO:0009256,GO:0009257,GO:0009396,GO:0009987,GO:0015939,GO:0015940,GO:0016053,GO:0016491,GO:0016645,GO:0016646,GO:0016787,GO:0016810,GO:0016814,GO:0016874,GO:0016879,GO:0018130,GO:0019238,GO:0019438,GO:0019752,GO:0032787,GO:0034641,GO:0042364,GO:0042398,GO:0042440,GO:0042558,GO:0042559,GO:0043436,GO:0043603,GO:0043604,GO:0043648,GO:0043650,GO:0044237,GO:0044238,GO:0044249,GO:0044271,GO:0044272,GO:0044281,GO:0044283,GO:0044424,GO:0044464,GO:0046112,GO:0046148,GO:0046394,GO:0046483,GO:0046653,GO:0046654,GO:0051186,GO:0051188,GO:0052803,GO:0055086,GO:0055114,GO:0071704,GO:0072330,GO:0072521,GO:0072522,GO:1901360,GO:1901362,GO:1901564,GO:1901566,GO:1901576,GO:1901605,GO:1901607	ko:K01938	ko00670,ko00720,ko01100,ko01120,ko01200,map00670,map00720,map01100,map01120,map01200	ko00000,ko00001,ko00002,ko01000	FTHFS
3225	GEA51888.1	1205908.AKXW01000151_gene2176	0.0	1221.0	COG1166@1|root,COG1166@2|Bacteria,1MU80@1224|Proteobacteria,1RP2J@1236|Gammaproteobacteria,1XSBQ@135623|Vibrionales	Catalyzes the biosynthesis of agmatine from arginine	speA	GO:0003674,GO:0003824,GO:0006576,GO:0006595,GO:0006596,GO:0006807,GO:0008150,GO:0008152,GO:0008792,GO:0009058,GO:0009308,GO:0009309,GO:0009987,GO:0016829,GO:0016830,GO:0016831,GO:0034641,GO:0042401,GO:0044106,GO:0044237,GO:0044249,GO:0044271,GO:0071704,GO:1901564,GO:1901566,GO:1901576	ko:K01585	ko00330,ko01100,map00330,map01100	ko00000,ko00001,ko00002,ko01000	Orn_Arg_deC_N
3225	GEA51889.1	1205908.AKXW01000151_gene2175	1.15e-206	573.0	COG0010@1|root,COG0010@2|Bacteria,1MVFH@1224|Proteobacteria,1RMH5@1236|Gammaproteobacteria,1XTQC@135623|Vibrionales	Belongs to the arginase family	speB	-	ko:K01480	ko00330,ko01100,map00330,map01100	ko00000,ko00001,ko00002,ko01000	Arginase
3225	GEA51890.1	1205908.AKXW01000151_gene2173	0.0	874.0	COG1760@1|root,COG1760@2|Bacteria,1MUZN@1224|Proteobacteria,1RMJZ@1236|Gammaproteobacteria,1XSZW@135623|Vibrionales	COG1760 L-serine deaminase	sdaA	-	ko:K01752	ko00260,ko00270,ko01100,ko01110,ko01130,ko01200,ko01230,map00260,map00270,map01100,map01110,map01130,map01200,map01230	ko00000,ko00001,ko01000	SDH_alpha,SDH_beta
3225	GEA51891.1	1205908.AKXW01000150_gene2277	1.04e-83	248.0	COG1051@1|root,COG1051@2|Bacteria,1QJUG@1224|Proteobacteria,1THVZ@1236|Gammaproteobacteria,1XXPV@135623|Vibrionales	NUDIX domain	-	-	-	-	-	NUDIX
3225	GEA51892.1	1205908.AKXW01000150_gene2278	1.73e-172	483.0	COG0834@1|root,COG0834@2|Bacteria,1MVT6@1224|Proteobacteria,1RNTT@1236|Gammaproteobacteria,1XZ17@135623|Vibrionales	belongs to the bacterial solute-binding protein 3 family	-	-	ko:K02030	-	ko00000,ko00002,ko02000	SBP_bac_3
3225	GEA51893.1	1205908.AKXW01000150_gene2279	1.67e-144	409.0	COG0765@1|root,COG0765@2|Bacteria,1MX2Y@1224|Proteobacteria,1RNQX@1236|Gammaproteobacteria,1XYU2@135623|Vibrionales	Binding-protein-dependent transport system inner membrane component	-	-	ko:K02029	-	ko00000,ko00002,ko02000	BPD_transp_1
3225	GEA51894.1	1205908.AKXW01000150_gene2280	7.41e-145	409.0	COG0765@1|root,COG0765@2|Bacteria,1MVB6@1224|Proteobacteria,1RPGH@1236|Gammaproteobacteria,1XYGV@135623|Vibrionales	Binding-protein-dependent transport system inner membrane component	-	-	ko:K02029	-	ko00000,ko00002,ko02000	BPD_transp_1
3225	GEA51895.1	1205908.AKXW01000150_gene2281	5.2e-167	467.0	COG1126@1|root,COG1126@2|Bacteria,1MU9Q@1224|Proteobacteria,1RME5@1236|Gammaproteobacteria,1Y0JR@135623|Vibrionales	AAA domain, putative AbiEii toxin, Type IV TA system	-	-	ko:K02028	-	ko00000,ko00002,ko01000,ko02000	ABC_tran
3225	GEA51896.1	1205908.AKXW01000150_gene2282	2.39e-187	521.0	COG1737@1|root,COG1737@2|Bacteria,1R6J5@1224|Proteobacteria,1RQ8A@1236|Gammaproteobacteria	transcriptional regulator	-	-	-	-	-	HTH_6,SIS
3225	GEA51897.1	1205908.AKXW01000150_gene2283	5.85e-188	526.0	COG0385@1|root,COG0385@2|Bacteria,1MUMM@1224|Proteobacteria,1RN2S@1236|Gammaproteobacteria,1XUIW@135623|Vibrionales	SBF-like CPA transporter family (DUF4137)	-	-	ko:K14347	-	ko00000,ko02000,ko04147	SBF_like
3225	GEA51898.1	1205908.AKXW01000048_gene3704	1.51e-237	659.0	COG0154@1|root,COG0154@2|Bacteria,1MU51@1224|Proteobacteria,1RR6N@1236|Gammaproteobacteria,1XY2Y@135623|Vibrionales	Amidase	-	-	ko:K01426	ko00330,ko00360,ko00380,ko00627,ko00643,ko01120,map00330,map00360,map00380,map00627,map00643,map01120	ko00000,ko00001,ko01000	Amidase
3225	GEA51899.1	1205908.AKXW01000072_gene3420	0.0	888.0	COG0405@1|root,COG0405@2|Bacteria,1MUV6@1224|Proteobacteria,1RMIT@1236|Gammaproteobacteria,1XWE1@135623|Vibrionales	Gamma-glutamyltranspeptidase	-	-	ko:K00681	ko00430,ko00460,ko00480,ko01100,map00430,map00460,map00480,map01100	ko00000,ko00001,ko01000,ko01002	G_glu_transpept
3225	GEA51900.1	1205908.AKXW01000072_gene3419	3.24e-291	795.0	COG0075@1|root,COG0075@2|Bacteria,1MWHJ@1224|Proteobacteria,1RMNR@1236|Gammaproteobacteria,1XWNK@135623|Vibrionales	Aminotransferase class-V	-	-	ko:K00839	ko00230,map00230	ko00000,ko00001,ko01000,ko01007	Aminotran_5
3225	GEA51901.1	1205908.AKXW01000072_gene3418	1.03e-256	708.0	COG0624@1|root,COG0624@2|Bacteria,1MVUX@1224|Proteobacteria,1RPPD@1236|Gammaproteobacteria,1XV99@135623|Vibrionales	Peptidase family M20/M25/M40	-	-	ko:K02083	ko00230,ko01120,map00230,map01120	ko00000,ko00001,ko01000,ko01002	M20_dimer,Peptidase_M20
3225	GEA51902.1	1205908.AKXW01000072_gene3417	2.57e-150	428.0	2DBB6@1|root,2Z85M@2|Bacteria,1QMDX@1224|Proteobacteria,1RZPX@1236|Gammaproteobacteria,1XW23@135623|Vibrionales	-	-	-	-	-	-	-
3225	GEA51903.1	1205908.AKXW01000072_gene3416	1.77e-133	383.0	COG0697@1|root,COG0697@2|Bacteria,1PHRI@1224|Proteobacteria,1RSFS@1236|Gammaproteobacteria,1XURH@135623|Vibrionales	of the drug metabolite transporter (DMT) superfamily	-	-	-	-	-	EamA
3225	GEA51904.1	1205908.AKXW01000072_gene3415	0.0	900.0	COG4096@1|root,COG4096@2|Bacteria,1NUBD@1224|Proteobacteria,1SMR2@1236|Gammaproteobacteria,1XVF5@135623|Vibrionales	Domain of unknown function (DUF4145)	-	-	-	-	-	DUF4145
3225	GEA51905.1	1205908.AKXW01000072_gene3414	1.11e-211	589.0	COG0701@1|root,COG0701@2|Bacteria,1MUN8@1224|Proteobacteria,1RR9N@1236|Gammaproteobacteria,1XUEG@135623|Vibrionales	Predicted permease	-	-	ko:K07089	-	ko00000	ArsP_1
3225	GEA51906.1	1205908.AKXW01000072_gene3413	3.36e-61	188.0	COG0640@1|root,COG0640@2|Bacteria,1MZAU@1224|Proteobacteria,1S8YH@1236|Gammaproteobacteria,1XXVM@135623|Vibrionales	Transcriptional regulator ArsR family	-	-	-	-	-	HTH_20
3225	GEA51908.1	1205908.AKXW01000069_gene3494	2.13e-259	713.0	COG2831@1|root,COG2831@2|Bacteria,1NQRU@1224|Proteobacteria,1SK3C@1236|Gammaproteobacteria,1Y2X6@135623|Vibrionales	Surface antigen	-	-	-	-	-	-
3225	GEA51909.1	1219080.VEZ01S_21_00310	1.03e-66	208.0	2AW37@1|root,31MY0@2|Bacteria,1QJQ2@1224|Proteobacteria,1THR6@1236|Gammaproteobacteria,1XX96@135623|Vibrionales	Domain of unknown function (DUF4136)	-	-	-	-	-	DUF4136
3225	GEA51910.1	1205908.AKXW01000069_gene3497	0.0	1100.0	COG1132@1|root,COG1132@2|Bacteria,1N1Z8@1224|Proteobacteria,1RPVC@1236|Gammaproteobacteria,1XTG4@135623|Vibrionales	COG1132 ABC-type multidrug transport system, ATPase and permease components	-	-	ko:K06147	-	ko00000,ko02000	ABC_membrane,ABC_tran
3225	GEA51911.1	1205908.AKXW01000069_gene3498	0.0	1379.0	COG1629@1|root,COG4771@2|Bacteria,1MX42@1224|Proteobacteria,1RQ2K@1236|Gammaproteobacteria,1XUY7@135623|Vibrionales	COG1629 Outer membrane receptor proteins, mostly Fe transport	hutA	-	ko:K16087	-	ko00000,ko02000	Plug,TonB_dep_Rec
3225	GEA51912.1	1205908.AKXW01000069_gene3499	2.43e-125	358.0	COG0748@1|root,COG0748@2|Bacteria,1REH2@1224|Proteobacteria,1T0AC@1236|Gammaproteobacteria,1Y2YZ@135623|Vibrionales	Pyridoxamine 5'-phosphate oxidase	-	-	ko:K07226	-	ko00000	Putative_PNPOx
3225	GEA51913.1	1205908.AKXW01000069_gene3500	1.11e-113	327.0	COG3721@1|root,COG3721@2|Bacteria,1RJ4R@1224|Proteobacteria,1S3SQ@1236|Gammaproteobacteria,1Y2HI@135623|Vibrionales	Haem utilisation ChuX/HutX	-	-	ko:K07227	-	ko00000	ChuX_HutX
3225	GEA51914.1	1205908.AKXW01000069_gene3501	0.0	889.0	COG0635@1|root,COG0635@2|Bacteria,1NTDN@1224|Proteobacteria,1RPGS@1236|Gammaproteobacteria,1XSD6@135623|Vibrionales	coproporphyrinogen III oxidase	hutW	-	ko:K21936	-	ko00000,ko01000	Radical_SAM
3225	GEA51915.1	1205908.AKXW01000069_gene3502	6.78e-87	265.0	COG0810@1|root,COG0810@2|Bacteria,1MZPX@1224|Proteobacteria,1SCVJ@1236|Gammaproteobacteria,1XX0N@135623|Vibrionales	Interacts with outer membrane receptor proteins that carry out high-affinity binding and energy dependent uptake into the periplasmic space of specific substrates. It could act to transduce energy from the cytoplasmic membrane to specific energy- requiring processes in the outer membrane, resulting in the release into the periplasm of ligands bound by these outer membrane proteins	tonB1	-	ko:K03832	-	ko00000,ko02000	TonB_C
3225	GEA51916.1	1205908.AKXW01000069_gene3503	1.41e-141	401.0	COG0811@1|root,COG0811@2|Bacteria,1RKWW@1224|Proteobacteria,1S5KK@1236|Gammaproteobacteria,1Y2IK@135623|Vibrionales	MotA/TolQ/ExbB proton channel family	-	-	ko:K03561	-	ko00000,ko02000	MotA_ExbB
3225	GEA51917.1	1205908.AKXW01000069_gene3504	2.05e-84	250.0	COG0848@1|root,COG0848@2|Bacteria,1N85T@1224|Proteobacteria,1SE81@1236|Gammaproteobacteria,1Y2AY@135623|Vibrionales	Biopolymer transport protein ExbD/TolR	-	-	-	-	-	ExbD
3225	GEA51918.1	1205908.AKXW01000069_gene3505	3.45e-180	504.0	COG4558@1|root,COG4558@2|Bacteria,1QTSV@1224|Proteobacteria,1RNCT@1236|Gammaproteobacteria,1XTQ8@135623|Vibrionales	COG4558 ABC-type hemin transport system, periplasmic component	huvB	-	ko:K02016	ko02010,map02010	ko00000,ko00001,ko00002,ko02000	Peripla_BP_2
3225	GEA51919.1	1205908.AKXW01000069_gene3506	7.01e-228	630.0	COG0609@1|root,COG0609@2|Bacteria,1MV9W@1224|Proteobacteria,1RMDF@1236|Gammaproteobacteria,1XSCG@135623|Vibrionales	Belongs to the binding-protein-dependent transport system permease family. FecCD subfamily	hmuU	-	ko:K02015	ko02010,map02010	ko00000,ko00001,ko00002,ko02000	FecCD
3225	GEA51920.1	1205908.AKXW01000069_gene3507	9.48e-179	499.0	COG4559@1|root,COG4559@2|Bacteria,1RD7N@1224|Proteobacteria,1RPUV@1236|Gammaproteobacteria,1XT9Z@135623|Vibrionales	Part of the ABC transporter complex HmuTUV involved in hemin import. Responsible for energy coupling to the transport system	hmuV	GO:0000041,GO:0003674,GO:0003824,GO:0005215,GO:0006810,GO:0006811,GO:0006812,GO:0006826,GO:0008150,GO:0015399,GO:0015405,GO:0016462,GO:0016787,GO:0016817,GO:0016818,GO:0016887,GO:0017111,GO:0022804,GO:0022857,GO:0030001,GO:0042623,GO:0042626,GO:0043492,GO:0051179,GO:0051234,GO:0055085	ko:K02013	ko02010,map02010	ko00000,ko00001,ko00002,ko01000,ko02000	ABC_tran
3225	GEA51921.1	1205908.AKXW01000069_gene3508	9.37e-216	598.0	COG0385@1|root,COG0385@2|Bacteria,1MUMM@1224|Proteobacteria,1RN2S@1236|Gammaproteobacteria,1XUIW@135623|Vibrionales	SBF-like CPA transporter family (DUF4137)	-	-	ko:K14347	-	ko00000,ko02000,ko04147	SBF_like
3225	GEA51922.1	1205908.AKXW01000069_gene3509	8.46e-77	229.0	2B22N@1|root,31UJJ@2|Bacteria,1QSF4@1224|Proteobacteria,1THZ8@1236|Gammaproteobacteria,1XXZ8@135623|Vibrionales	transcriptional regulators	-	-	-	-	-	-
3225	GEA51923.1	1205908.AKXW01000069_gene3510	1.52e-80	241.0	COG0346@1|root,COG0346@2|Bacteria,1RHD4@1224|Proteobacteria,1SB56@1236|Gammaproteobacteria,1XXBI@135623|Vibrionales	COG0346 Lactoylglutathione lyase and related lyases	-	-	-	-	-	Glyoxalase
3225	GEA51924.1	1205908.AKXW01000069_gene3511	1.56e-34	118.0	2B56R@1|root,31Y0N@2|Bacteria,1QKBU@1224|Proteobacteria,1TIFA@1236|Gammaproteobacteria,1XZ0Z@135623|Vibrionales	-	-	-	-	-	-	-
3225	GEA51925.1	1205908.AKXW01000069_gene3516	3.04e-161	451.0	COG0603@1|root,COG0603@2|Bacteria,1MU5V@1224|Proteobacteria,1RMG9@1236|Gammaproteobacteria,1XTZ0@135623|Vibrionales	Catalyzes the ATP-dependent conversion of 7-carboxy-7- deazaguanine (CDG) to 7-cyano-7-deazaguanine (preQ(0))	queC	-	ko:K06920	ko00790,ko01100,map00790,map01100	ko00000,ko00001,ko01000,ko03016	QueC
3225	GEA51926.1	1205908.AKXW01000069_gene3517	7.24e-102	295.0	COG1803@1|root,COG1803@2|Bacteria,1RD3D@1224|Proteobacteria,1S3XN@1236|Gammaproteobacteria,1XV9M@135623|Vibrionales	Methylglyoxal synthase	mgsA	GO:0003674,GO:0003824,GO:0005575,GO:0005622,GO:0005623,GO:0005737,GO:0005829,GO:0006081,GO:0008150,GO:0008152,GO:0008929,GO:0009058,GO:0009438,GO:0009987,GO:0016829,GO:0016835,GO:0016838,GO:0019242,GO:0042180,GO:0042181,GO:0044237,GO:0044249,GO:0044281,GO:0044283,GO:0044424,GO:0044444,GO:0044464,GO:0046184,GO:0071704,GO:1901576	ko:K01734	ko00640,ko01120,map00640,map01120	ko00000,ko00001,ko01000	MGS
3225	GEA51927.1	1205908.AKXW01000069_gene3518	2.09e-41	136.0	2AWQK@1|root,31NMI@2|Bacteria,1QKC6@1224|Proteobacteria,1TIFQ@1236|Gammaproteobacteria,1XZ1M@135623|Vibrionales	-	-	-	-	-	-	-
3225	GEA51929.1	1205908.AKXW01000069_gene3522	0.0	1345.0	COG0210@1|root,COG0210@2|Bacteria,1MVWI@1224|Proteobacteria,1RN1N@1236|Gammaproteobacteria,1XTAF@135623|Vibrionales	COG0210 Superfamily I DNA and RNA helicases	helD	-	ko:K03658	-	ko00000,ko01000,ko03400	Helicase_IV_N,UvrD-helicase,UvrD_C
3225	GEA51930.1	1205908.AKXW01000069_gene3523	0.0	1283.0	COG1289@1|root,COG1289@2|Bacteria,1MWR1@1224|Proteobacteria,1RNIJ@1236|Gammaproteobacteria,1XTGG@135623|Vibrionales	membrane	yccS	-	-	-	-	FUSC-like,FUSC_2
3225	GEA51931.1	1205908.AKXW01000069_gene3524	8.86e-137	390.0	COG3110@1|root,COG3110@2|Bacteria,1RK33@1224|Proteobacteria,1RZRX@1236|Gammaproteobacteria,1XWDI@135623|Vibrionales	Belongs to the UPF0319 family	SO3571	-	ko:K09909	-	ko00000	DUF2057
3225	GEA51932.1	1205908.AKXW01000069_gene3525	0.0	904.0	COG0578@1|root,COG0578@2|Bacteria,1MUMY@1224|Proteobacteria,1RMGP@1236|Gammaproteobacteria,1XSTC@135623|Vibrionales	Belongs to the FAD-dependent glycerol-3-phosphate dehydrogenase family	glpD	-	ko:K00111	ko00564,ko01110,map00564,map01110	ko00000,ko00001,ko01000	DAO,DAO_C
3225	GEA51933.1	1205908.AKXW01000069_gene3526	2.34e-219	607.0	COG1566@1|root,COG1566@2|Bacteria,1MU7I@1224|Proteobacteria,1RMAD@1236|Gammaproteobacteria,1XW5D@135623|Vibrionales	COG1566 Multidrug resistance efflux pump	-	-	ko:K03543	-	ko00000,ko00002,ko02000	Biotin_lipoyl_2,HlyD_3,HlyD_D23
3225	GEA51934.1	1205908.AKXW01000069_gene3527	0.0	886.0	COG0477@1|root,COG0477@2|Bacteria,1RGPN@1224|Proteobacteria,1T1M7@1236|Gammaproteobacteria,1Y332@135623|Vibrionales	the major facilitator superfamily	-	-	ko:K03446	-	ko00000,ko00002,ko02000	MFS_1
3225	GEA51935.1	1205908.AKXW01000069_gene3528	1.08e-180	504.0	COG1028@1|root,COG1028@2|Bacteria,1MUCH@1224|Proteobacteria,1RNAA@1236|Gammaproteobacteria,1XTR2@135623|Vibrionales	COG1028 Dehydrogenases with different specificities (related to short-chain alcohol dehydrogenases)	ybbO	-	-	-	-	adh_short
3225	GEA51936.1	1205908.AKXW01000069_gene3529	1.36e-157	446.0	COG0635@1|root,COG0635@2|Bacteria,1RETF@1224|Proteobacteria,1S4M5@1236|Gammaproteobacteria,1XVC8@135623|Vibrionales	Involved in the biosynthesis of porphyrin-containing compound	-	-	-	-	-	-
3225	GEA51937.1	1205908.AKXW01000069_gene3530	0.0	1365.0	COG0642@1|root,COG2205@2|Bacteria,1N96D@1224|Proteobacteria,1T1YZ@1236|Gammaproteobacteria,1Y339@135623|Vibrionales	COG0642 Signal transduction histidine kinase	luxQ	-	ko:K10909	ko02020,ko02024,ko05111,map02020,map02024,map05111	ko00000,ko00001,ko00002,ko01000,ko01001,ko02022	HATPase_c,HisKA,LuxQ-periplasm,Response_reg
3225	GEA51938.1	1205908.AKXW01000069_gene3531	5.91e-206	575.0	COG1879@1|root,COG1879@2|Bacteria,1NKCW@1224|Proteobacteria,1RT5N@1236|Gammaproteobacteria,1XV03@135623|Vibrionales	COG1879 ABC-type sugar transport system, periplasmic component	luxP	GO:0006355,GO:0006810,GO:0008150,GO:0008643,GO:0009889,GO:0010468,GO:0010556,GO:0019219,GO:0019222,GO:0031323,GO:0031326,GO:0050789,GO:0050794,GO:0051171,GO:0051179,GO:0051234,GO:0051252,GO:0060255,GO:0065007,GO:0071702,GO:0080090,GO:1903506,GO:2000112,GO:2001141	ko:K10910	ko02020,ko02024,ko05111,map02020,map02024,map05111	ko00000,ko00001	Peripla_BP_4
3225	GEA51939.1	1205908.AKXW01000069_gene3532	2.56e-51	162.0	COG2827@1|root,COG2827@2|Bacteria,1N6PA@1224|Proteobacteria,1SCBH@1236|Gammaproteobacteria,1XYY3@135623|Vibrionales	endonuclease containing a URI domain	yhbQ	-	ko:K07461	-	ko00000	GIY-YIG
3225	GEA51940.1	1205908.AKXW01000069_gene3533	1.94e-136	388.0	COG3132@1|root,COG3132@2|Bacteria,1RA13@1224|Proteobacteria,1RQUQ@1236|Gammaproteobacteria,1XUQY@135623|Vibrionales	Belongs to the UPF0502 family	yceH	-	ko:K09915	-	ko00000	DUF480
3225	GEA51941.1	1205908.AKXW01000069_gene3534	2.37e-62	191.0	COG2926@1|root,COG2926@2|Bacteria,1RH0U@1224|Proteobacteria,1S6XT@1236|Gammaproteobacteria,1XXYA@135623|Vibrionales	Belongs to the UPF0265 family	-	-	ko:K09802	-	ko00000	DUF496
3225	GEA51942.1	1205908.AKXW01000069_gene3535	0.0	1017.0	COG4191@1|root,COG4191@2|Bacteria,1RCM9@1224|Proteobacteria,1RQIN@1236|Gammaproteobacteria,1XTW1@135623|Vibrionales	COG4191 Signal transduction histidine kinase regulating C4-dicarboxylate transport system	dctB	-	ko:K10125	ko02020,map02020	ko00000,ko00001,ko00002,ko01000,ko01001,ko02022	HATPase_c,HisKA,dCache_1
3225	GEA51943.1	1205908.AKXW01000069_gene3536	1.25e-299	820.0	COG2204@1|root,COG2204@2|Bacteria,1MU0N@1224|Proteobacteria,1RMCK@1236|Gammaproteobacteria,1XSE5@135623|Vibrionales	COG2204 Response regulator containing CheY-like receiver, AAA-type ATPase, and DNA-binding domains	dctD	-	ko:K10126	ko02020,map02020	ko00000,ko00001,ko00002,ko02022	HTH_8,Response_reg,Sigma54_activat
3225	GEA51944.1	1205908.AKXW01000069_gene3537	2.22e-297	815.0	COG1593@1|root,COG1593@2|Bacteria,1MU0F@1224|Proteobacteria,1RNAM@1236|Gammaproteobacteria,1XTT9@135623|Vibrionales	TRAP-type C4-dicarboxylate transport system, large permease component	dctM	GO:0003674,GO:0005215,GO:0005310,GO:0005342,GO:0005575,GO:0005623,GO:0005886,GO:0006810,GO:0006811,GO:0006820,GO:0006835,GO:0008150,GO:0008509,GO:0008514,GO:0015075,GO:0015318,GO:0015556,GO:0015711,GO:0015740,GO:0015849,GO:0016020,GO:0022857,GO:0034220,GO:0044464,GO:0046942,GO:0046943,GO:0051179,GO:0051234,GO:0055085,GO:0071702,GO:0071944,GO:0098656,GO:1903825,GO:1905039	ko:K11690	ko02020,map02020	ko00000,ko00001,ko02000	DctM
3225	GEA51945.1	1205908.AKXW01000069_gene3538	5.24e-148	417.0	COG3090@1|root,COG3090@2|Bacteria,1R3YK@1224|Proteobacteria,1RZ8E@1236|Gammaproteobacteria,1Y263@135623|Vibrionales	Tripartite ATP-independent periplasmic transporters, DctQ component	-	-	ko:K11689	ko02020,map02020	ko00000,ko00001,ko02000	DctQ
3225	GEA51946.1	1205908.AKXW01000069_gene3539	3.16e-233	642.0	COG1638@1|root,COG1638@2|Bacteria,1MVHC@1224|Proteobacteria,1RR72@1236|Gammaproteobacteria,1XT5H@135623|Vibrionales	TRAP-type C4-dicarboxylate transport system, periplasmic component	dctP	GO:0005575,GO:0005623,GO:0006810,GO:0006811,GO:0006820,GO:0006835,GO:0008150,GO:0015711,GO:0015740,GO:0015849,GO:0030288,GO:0030313,GO:0031975,GO:0042597,GO:0044464,GO:0046942,GO:0051179,GO:0051234,GO:0071702	ko:K11688	ko02020,map02020	ko00000,ko00001,ko02000	DctP
3225	GEA51947.1	1205908.AKXW01000069_gene3540	2.51e-96	283.0	2AWCG@1|root,31N89@2|Bacteria,1QJZP@1224|Proteobacteria,1TI24@1236|Gammaproteobacteria,1XY78@135623|Vibrionales	-	-	-	-	-	-	-
3225	GEA51948.1	1205908.AKXW01000069_gene3541	1.18e-177	500.0	COG0583@1|root,COG0583@2|Bacteria,1R9DV@1224|Proteobacteria,1S1G5@1236|Gammaproteobacteria,1XVIA@135623|Vibrionales	Transcriptional regulator	-	-	-	-	-	HTH_1,LysR_substrate
3225	GEA51950.1	1205908.AKXW01000069_gene3542	4.01e-186	526.0	COG0477@1|root,COG2814@2|Bacteria,1NCX2@1224|Proteobacteria,1SJC0@1236|Gammaproteobacteria,1XTKS@135623|Vibrionales	of the major facilitator superfamily	-	-	-	-	-	MFS_1
3225	GEA51951.1	1219072.VHA01S_058_00080	2.72e-89	267.0	COG1357@1|root,COG1357@2|Bacteria,1REAS@1224|Proteobacteria,1S4BN@1236|Gammaproteobacteria,1Y2RR@135623|Vibrionales	Pentapeptide repeats (9 copies)	-	-	-	-	-	Pentapeptide_4
3225	GEA51952.1	1205908.AKXW01000069_gene3550	1.83e-208	578.0	COG0583@1|root,COG0583@2|Bacteria,1N4ZB@1224|Proteobacteria,1S0SB@1236|Gammaproteobacteria,1XSW7@135623|Vibrionales	LysR substrate binding domain	-	-	-	-	-	HTH_1,LysR_substrate
3225	GEA51953.1	1191299.AJYX01000095_gene2319	1.85e-189	529.0	COG1718@1|root,COG1718@2|Bacteria,1MXY2@1224|Proteobacteria,1RND1@1236|Gammaproteobacteria,1XV38@135623|Vibrionales	COG1718 Serine threonine protein kinase involved in cell cycle control	-	-	ko:K07178	ko03008,map03008	ko00000,ko00001,ko01000,ko01001,ko03009	RIO1
3225	GEA51954.1	1205908.AKXW01000069_gene3549	2.56e-280	775.0	COG0665@1|root,COG0665@2|Bacteria,1QXDZ@1224|Proteobacteria,1T39Q@1236|Gammaproteobacteria,1Y34R@135623|Vibrionales	FAD dependent oxidoreductase	-	-	-	-	-	DAO
3225	GEA51955.1	1205908.AKXW01000069_gene3553	5.53e-265	726.0	COG1304@1|root,COG1304@2|Bacteria,1MUEZ@1224|Proteobacteria,1RPA1@1236|Gammaproteobacteria,1XVR0@135623|Vibrionales	Catalyzes the conversion of L-lactate to pyruvate. Is coupled to the respiratory chain	lldD	GO:0003674,GO:0003824,GO:0004457,GO:0004460,GO:0005975,GO:0006082,GO:0006090,GO:0006091,GO:0006096,GO:0006139,GO:0006163,GO:0006164,GO:0006165,GO:0006725,GO:0006732,GO:0006733,GO:0006753,GO:0006754,GO:0006757,GO:0006793,GO:0006796,GO:0006807,GO:0008150,GO:0008152,GO:0009056,GO:0009058,GO:0009108,GO:0009117,GO:0009123,GO:0009124,GO:0009126,GO:0009127,GO:0009132,GO:0009135,GO:0009141,GO:0009142,GO:0009144,GO:0009145,GO:0009150,GO:0009152,GO:0009156,GO:0009161,GO:0009165,GO:0009166,GO:0009167,GO:0009168,GO:0009179,GO:0009185,GO:0009199,GO:0009201,GO:0009205,GO:0009206,GO:0009259,GO:0009260,GO:0009987,GO:0016052,GO:0016053,GO:0016310,GO:0016491,GO:0016614,GO:0016898,GO:0017144,GO:0018130,GO:0019359,GO:0019362,GO:0019363,GO:0019438,GO:0019439,GO:0019637,GO:0019693,GO:0019752,GO:0032787,GO:0034404,GO:0034641,GO:0034654,GO:0034655,GO:0042866,GO:0043436,GO:0044237,GO:0044238,GO:0044248,GO:0044249,GO:0044270,GO:0044271,GO:0044281,GO:0044283,GO:0046031,GO:0046034,GO:0046390,GO:0046394,GO:0046434,GO:0046483,GO:0046496,GO:0046700,GO:0046939,GO:0051186,GO:0051188,GO:0055086,GO:0055114,GO:0071704,GO:0072330,GO:0072521,GO:0072522,GO:0072524,GO:0072525,GO:0090407,GO:1901135,GO:1901137,GO:1901292,GO:1901293,GO:1901360,GO:1901361,GO:1901362,GO:1901564,GO:1901566,GO:1901575,GO:1901576	ko:K00101	ko00620,ko01100,map00620,map01100	ko00000,ko00001,ko01000	FMN_dh
3225	GEA51956.1	1205908.AKXW01000069_gene3554	0.0	1733.0	COG0247@1|root,COG0277@1|root,COG1145@1|root,COG0247@2|Bacteria,COG0277@2|Bacteria,COG1145@2|Bacteria,1MU6Y@1224|Proteobacteria,1RM7Z@1236|Gammaproteobacteria,1XTB3@135623|Vibrionales	FAD linked oxidases, C-terminal domain	lldE	-	ko:K18930	-	ko00000	CCG,FAD-oxidase_C,FAD_binding_4,Fer4_7,Fer4_8
3225	GEA51957.1	1205908.AKXW01000069_gene3555	0.0	1941.0	COG0841@1|root,COG0841@2|Bacteria,1MU48@1224|Proteobacteria,1RMBN@1236|Gammaproteobacteria,1XSPS@135623|Vibrionales	COG0841 Cation multidrug efflux pump	acrF	-	ko:K03296	-	ko00000	ACR_tran
3225	GEA51958.1	1205908.AKXW01000069_gene3556	1.85e-219	612.0	COG0845@1|root,COG0845@2|Bacteria,1MU78@1224|Proteobacteria,1RPI1@1236|Gammaproteobacteria,1XTHC@135623|Vibrionales	Belongs to the membrane fusion protein (MFP) (TC 8.A.1) family	-	-	ko:K03585	ko01501,ko01503,map01501,map01503	ko00000,ko00001,ko00002,ko01504,ko02000,ko03036	Biotin_lipoyl_2,HlyD_3,HlyD_D23
3225	GEA51959.1	1205908.AKXW01000069_gene3557	2.11e-156	444.0	2DMIH@1|root,32RT1@2|Bacteria,1RDKU@1224|Proteobacteria,1S562@1236|Gammaproteobacteria,1XWDK@135623|Vibrionales	-	-	-	-	-	-	-
3225	GEA51960.1	1205908.AKXW01000069_gene3558	3.32e-209	579.0	COG4989@1|root,COG4989@2|Bacteria,1MY3G@1224|Proteobacteria,1RRIC@1236|Gammaproteobacteria,1XTIM@135623|Vibrionales	oxidoreductase, aldo keto reductase 2	ydhF	-	-	-	-	Aldo_ket_red
3225	GEA51961.1	1205908.AKXW01000069_gene3559	2.06e-102	299.0	2BHEN@1|root,31N5M@2|Bacteria,1QJWZ@1224|Proteobacteria,1THYX@1236|Gammaproteobacteria,1XXYC@135623|Vibrionales	-	-	-	-	-	-	-
3225	GEA51962.1	1205908.AKXW01000069_gene3560	0.0	1320.0	COG0366@1|root,COG0366@2|Bacteria,1MU90@1224|Proteobacteria,1RQ1S@1236|Gammaproteobacteria,1XURK@135623|Vibrionales	alpha-amylase	malS	-	ko:K01176	ko00500,ko01100,ko04973,map00500,map01100,map04973	ko00000,ko00001,ko01000	Alpha-amylase
3225	GEA51963.1	1205908.AKXW01000069_gene3561	3.89e-158	445.0	COG2375@1|root,COG2375@2|Bacteria,1R4TD@1224|Proteobacteria,1RY01@1236|Gammaproteobacteria,1XTJW@135623|Vibrionales	Siderophore-interacting protein	-	-	-	-	-	FAD_binding_9,SIP
3225	GEA51964.1	1205908.AKXW01000069_gene3562	6.5e-71	214.0	COG3615@1|root,COG3615@2|Bacteria,1RHB4@1224|Proteobacteria,1S6Q0@1236|Gammaproteobacteria,1XXII@135623|Vibrionales	Domain of unknown function (DUF1971)	-	-	-	-	-	DUF1971
3225	GEA51965.1	1205908.AKXW01000069_gene3563	1.37e-88	261.0	COG3350@1|root,COG3350@2|Bacteria,1N0GC@1224|Proteobacteria,1S846@1236|Gammaproteobacteria,1XY38@135623|Vibrionales	YHS domain	-	-	-	-	-	YHS
3225	GEA51966.1	1205908.AKXW01000067_gene2841	1.45e-298	818.0	COG2252@1|root,COG2252@2|Bacteria,1MUV0@1224|Proteobacteria,1RMBE@1236|Gammaproteobacteria,1XTW7@135623|Vibrionales	Permease family	-	-	ko:K06901	-	ko00000,ko02000	Xan_ur_permease
3225	GEA51967.1	1219080.VEZ01S_44_00680	0.0	990.0	COG0737@1|root,COG0737@2|Bacteria,1MX03@1224|Proteobacteria,1SYKA@1236|Gammaproteobacteria,1Y2PY@135623|Vibrionales	5'-nucleotidase, C-terminal domain	-	-	-	-	-	5_nucleotid_C,Metallophos
3225	GEA51968.1	1219080.VEZ01S_44_00670	0.0	1177.0	COG2374@1|root,COG2374@2|Bacteria,1MX52@1224|Proteobacteria,1RMHH@1236|Gammaproteobacteria,1XVHV@135623|Vibrionales	extracellular nuclease	-	-	ko:K07004	-	ko00000	Exo_endo_phos,LTD
3225	GEA51969.1	1205908.AKXW01000092_gene2445	2.11e-81	258.0	2AWR6@1|root,31NN4@2|Bacteria,1QKCQ@1224|Proteobacteria,1TIG7@1236|Gammaproteobacteria,1XZ2R@135623|Vibrionales	-	-	-	-	-	-	-
3225	GEA51970.1	1205908.AKXW01000092_gene2444	1.36e-94	277.0	2AW61@1|root,31N11@2|Bacteria,1QJSV@1224|Proteobacteria,1THU5@1236|Gammaproteobacteria,1XXJD@135623|Vibrionales	Domain of unknown function (DUF4149)	-	-	-	-	-	DUF4149
3225	GEA51971.1	1205908.AKXW01000092_gene2443	1.1e-175	489.0	COG1387@1|root,COG1387@2|Bacteria,1MYXV@1224|Proteobacteria,1RRE9@1236|Gammaproteobacteria,1XTMG@135623|Vibrionales	Histidinol phosphatase and related hydrolases of the PHP family	-	-	ko:K04477	-	ko00000	PHP_C
3225	GEA51972.1	1205908.AKXW01000092_gene2441	2.52e-147	417.0	2AW4G@1|root,31MZD@2|Bacteria,1QJR5@1224|Proteobacteria,1THSB@1236|Gammaproteobacteria,1XXDR@135623|Vibrionales	-	-	-	-	-	-	-
3225	GEA51973.1	1205908.AKXW01000092_gene2440	2.67e-147	420.0	COG1266@1|root,COG1266@2|Bacteria,1P0IE@1224|Proteobacteria,1RS9M@1236|Gammaproteobacteria,1XV8N@135623|Vibrionales	CAAX protease self-immunity	-	-	ko:K07052	-	ko00000	Abi
3225	GEA51974.1	1205908.AKXW01000092_gene2439	3.19e-180	504.0	COG0583@1|root,COG0583@2|Bacteria,1MX24@1224|Proteobacteria,1RQP0@1236|Gammaproteobacteria,1XV9I@135623|Vibrionales	Transcriptional regulator	-	-	-	-	-	HTH_1,LysR_substrate
3225	GEA51975.1	1205908.AKXW01000092_gene2438	3.63e-250	688.0	COG3842@1|root,COG3842@2|Bacteria,1MU3I@1224|Proteobacteria,1RNPX@1236|Gammaproteobacteria,1XT3F@135623|Vibrionales	Part of the ABC transporter complex PotABCD involved in spermidine putrescine import. Responsible for energy coupling to the transport system	potA	GO:0003674,GO:0003824,GO:0005215,GO:0006810,GO:0006811,GO:0006812,GO:0008150,GO:0015203,GO:0015399,GO:0015405,GO:0015417,GO:0015695,GO:0015696,GO:0015846,GO:0015847,GO:0015848,GO:0016462,GO:0016787,GO:0016817,GO:0016818,GO:0016887,GO:0017111,GO:0022804,GO:0022857,GO:0042623,GO:0042626,GO:0043492,GO:0051179,GO:0051234,GO:0055085,GO:0071702,GO:0071705,GO:1902047	ko:K11072	ko02010,map02010	ko00000,ko00001,ko00002,ko01000,ko02000	ABC_tran,TOBE_2
3225	GEA51976.1	1205908.AKXW01000092_gene2437	1.18e-194	541.0	COG1176@1|root,COG1176@2|Bacteria,1MVGM@1224|Proteobacteria,1RNNZ@1236|Gammaproteobacteria,1XSQ9@135623|Vibrionales	Spermidine putrescine ABC transporter	potB	-	ko:K11071	ko02010,map02010	ko00000,ko00001,ko00002,ko02000	BPD_transp_1
3225	GEA51977.1	1205908.AKXW01000092_gene2436	3.76e-158	446.0	COG1177@1|root,COG1177@2|Bacteria,1MVC5@1224|Proteobacteria,1RQB7@1236|Gammaproteobacteria,1XT48@135623|Vibrionales	Spermidine putrescine ABC transporter	potC	-	ko:K11070	ko02010,map02010	ko00000,ko00001,ko00002,ko02000	BPD_transp_1
3225	GEA51978.1	1205908.AKXW01000092_gene2435	2.02e-247	679.0	COG0687@1|root,COG0687@2|Bacteria,1MUYW@1224|Proteobacteria,1RM7W@1236|Gammaproteobacteria,1XUH1@135623|Vibrionales	Required for the activity of the bacterial periplasmic transport system of putrescine	potD	-	ko:K11069	ko02010,map02010	ko00000,ko00001,ko00002,ko02000	SBP_bac_6,SBP_bac_8
3225	GEA51981.1	1205908.AKXW01000092_gene2432	2.12e-132	378.0	COG0300@1|root,COG0300@2|Bacteria,1N19P@1224|Proteobacteria,1S0BR@1236|Gammaproteobacteria,1XU7Q@135623|Vibrionales	Enoyl-(Acyl carrier protein) reductase	-	-	-	-	-	adh_short
3225	GEA51982.1	1205908.AKXW01000092_gene2431	3.66e-243	672.0	COG0457@1|root,COG0457@2|Bacteria,1MVH9@1224|Proteobacteria,1S3PV@1236|Gammaproteobacteria,1XTJS@135623|Vibrionales	COG0457 FOG TPR repeat	-	-	-	-	-	BTAD,TPR_16,TPR_19,TPR_8
3225	GEA51983.1	1205908.AKXW01000092_gene2430	9.3e-114	330.0	COG0810@1|root,COG0810@2|Bacteria,1R4VE@1224|Proteobacteria,1RQPV@1236|Gammaproteobacteria,1XTNF@135623|Vibrionales	Interacts with outer membrane receptor proteins that carry out high-affinity binding and energy dependent uptake into the periplasmic space of specific substrates. It could act to transduce energy from the cytoplasmic membrane to specific energy- requiring processes in the outer membrane, resulting in the release into the periplasm of ligands bound by these outer membrane proteins	tonB2	-	ko:K03832	-	ko00000,ko02000	TonB_C
3225	GEA51984.1	1205908.AKXW01000092_gene2429	7.01e-83	246.0	COG0848@1|root,COG0848@2|Bacteria,1RI4M@1224|Proteobacteria,1S7MF@1236|Gammaproteobacteria,1XWYC@135623|Vibrionales	COG0848 Biopolymer transport protein	exbD2	-	ko:K03559	-	ko00000,ko02000	ExbD
3225	GEA51985.1	1205908.AKXW01000092_gene2428	3.78e-120	344.0	COG0811@1|root,COG0811@2|Bacteria,1MX60@1224|Proteobacteria,1RRX1@1236|Gammaproteobacteria,1XT9X@135623|Vibrionales	TonB system transport protein	exbB2	-	ko:K03561	-	ko00000,ko02000	MotA_ExbB
3225	GEA51986.1	1205908.AKXW01000092_gene2427	1.35e-275	759.0	COG0811@1|root,COG0811@2|Bacteria,1QNJ1@1224|Proteobacteria,1RQWT@1236|Gammaproteobacteria,1XSJP@135623|Vibrionales	COG0811 Biopolymer transport proteins	-	-	ko:K03561	-	ko00000,ko02000	MotA_ExbB
3225	GEA51987.1	1205908.AKXW01000092_gene2426	6.27e-152	431.0	COG1196@1|root,COG1196@2|Bacteria,1QXH8@1224|Proteobacteria,1T3WP@1236|Gammaproteobacteria,1Y382@135623|Vibrionales	Protein of unknown function (DUF3450)	-	-	-	-	-	DUF3450
3225	GEA51988.1	525904.Tter_2011	1.41e-81	266.0	COG0614@1|root,COG0614@2|Bacteria,2NQS5@2323|unclassified Bacteria	Periplasmic binding protein	fecB	-	ko:K02016	ko02010,map02010	ko00000,ko00001,ko00002,ko02000	Peripla_BP_2
3225	GEA51989.1	1082931.KKY_2352	7.03e-88	275.0	COG0609@1|root,COG0609@2|Bacteria,1PJCQ@1224|Proteobacteria,2V957@28211|Alphaproteobacteria,3N8QX@45401|Hyphomicrobiaceae	Belongs to the binding-protein-dependent transport system permease family. FecCD subfamily	-	-	ko:K02015	ko02010,map02010	ko00000,ko00001,ko00002,ko02000	FecCD
3225	GEA51990.1	391593.RCCS2_07199	1.11e-103	314.0	COG0609@1|root,COG0609@2|Bacteria,1MYYG@1224|Proteobacteria,2TTD8@28211|Alphaproteobacteria,2P3E0@2433|Roseobacter	Belongs to the binding-protein-dependent transport system permease family. FecCD subfamily	fecC	-	ko:K02015	ko02010,map02010	ko00000,ko00001,ko00002,ko02000	FecCD
3225	GEA51991.1	1082931.KKY_2354	4.34e-100	300.0	COG1120@1|root,COG1120@2|Bacteria,1MUNG@1224|Proteobacteria,2TTZ2@28211|Alphaproteobacteria	ABC-type cobalamin Fe3 -siderophores transport systems, ATPase components	-	-	ko:K02013	ko02010,map02010	ko00000,ko00001,ko00002,ko01000,ko02000	ABC_tran
3225	GEA51993.1	316275.VSAL_II0909	2.45e-293	826.0	COG4773@1|root,COG4773@2|Bacteria,1QTT0@1224|Proteobacteria,1RNBT@1236|Gammaproteobacteria,1XT1K@135623|Vibrionales	COG1629 Outer membrane receptor proteins, mostly Fe transport	desA	-	ko:K02014	-	ko00000,ko02000	Plug,TonB_dep_Rec
3225	GEA51994.1	1205908.AKXW01000092_gene2420	1.39e-310	848.0	COG0443@1|root,COG0443@2|Bacteria,1MXBT@1224|Proteobacteria,1RN4U@1236|Gammaproteobacteria,1XU0W@135623|Vibrionales	COG0443 Molecular chaperone	T0747	-	ko:K04046	-	ko00000,ko03110	HSP70
3225	GEA51995.1	1205908.AKXW01000092_gene2418	1.23e-214	596.0	COG5640@1|root,COG5640@2|Bacteria,1R5CZ@1224|Proteobacteria,1S0JW@1236|Gammaproteobacteria,1XT1R@135623|Vibrionales	trypsin-like serine protease	-	-	-	-	-	Trypsin
3225	GEA51996.1	1205908.AKXW01000092_gene2417	2.98e-140	396.0	COG0110@1|root,COG0110@2|Bacteria,1N6SQ@1224|Proteobacteria,1SYWK@1236|Gammaproteobacteria,1Y2U7@135623|Vibrionales	Maltose acetyltransferase	-	-	ko:K00661	-	ko00000,ko01000	Hexapep,Hexapep_2,Mac
3225	GEA51997.1	1205908.AKXW01000092_gene2415	1.17e-126	361.0	COG0231@1|root,COG0231@2|Bacteria,1NWY9@1224|Proteobacteria,1RQ0N@1236|Gammaproteobacteria,1XSCJ@135623|Vibrionales	translation elongation factor activity	yeiP	GO:0003674,GO:0003676,GO:0003723,GO:0003746,GO:0005488,GO:0005575,GO:0005622,GO:0005623,GO:0005737,GO:0006412,GO:0006414,GO:0006518,GO:0006807,GO:0008135,GO:0008150,GO:0008152,GO:0009058,GO:0009059,GO:0009987,GO:0010467,GO:0019538,GO:0034641,GO:0034645,GO:0043043,GO:0043170,GO:0043603,GO:0043604,GO:0044237,GO:0044238,GO:0044249,GO:0044260,GO:0044267,GO:0044271,GO:0044424,GO:0044464,GO:0071704,GO:0097159,GO:1901363,GO:1901564,GO:1901566,GO:1901576	ko:K02356	-	ko00000,ko03012	EFP,EFP_N,Elong-fact-P_C
3225	GEA51998.1	1205908.AKXW01000092_gene2414	9.26e-289	789.0	COG1363@1|root,COG1363@2|Bacteria,1R677@1224|Proteobacteria,1T9YZ@1236|Gammaproteobacteria,1XW1N@135623|Vibrionales	M42 glutamyl aminopeptidase	-	-	-	-	-	Peptidase_M42
3225	GEA51999.1	1205908.AKXW01000092_gene2413	3.48e-44	143.0	COG1278@1|root,COG1278@2|Bacteria,1N6Q5@1224|Proteobacteria,1SCA7@1236|Gammaproteobacteria,1XYBB@135623|Vibrionales	COG1278 Cold shock proteins	-	-	ko:K03704	-	ko00000,ko03000	CSD
3225	GEA52000.1	1205908.AKXW01000092_gene2409	0.0	973.0	COG0366@1|root,COG0366@2|Bacteria,1MVKX@1224|Proteobacteria,1RMSH@1236|Gammaproteobacteria,1XSYK@135623|Vibrionales	trehalose-6-phosphate hydrolase	treC	-	ko:K01182,ko:K01187,ko:K01215,ko:K01226	ko00052,ko00500,ko01100,map00052,map00500,map01100	ko00000,ko00001,ko01000	Alpha-amylase,Malt_amylase_C
3225	GEA52001.1	1205908.AKXW01000092_gene2408	8.64e-91	266.0	COG3804@1|root,COG3804@2|Bacteria,1NZTQ@1224|Proteobacteria,1T2UD@1236|Gammaproteobacteria,1Y3BK@135623|Vibrionales	Sensors of blue-light using FAD	-	-	-	-	-	BLUF
3225	GEA52002.1	1219080.VEZ01S_34_00100	0.0	1144.0	COG3420@1|root,COG3468@1|root,COG3420@2|Bacteria,COG3468@2|Bacteria,1R2DB@1224|Proteobacteria,1RY2Y@1236|Gammaproteobacteria,1XVQF@135623|Vibrionales	Chondroitinase B	-	-	-	-	-	Chondroitinas_B
3225	GEA52003.1	1205908.AKXW01000092_gene2406	1.31e-108	317.0	COG0179@1|root,COG0179@2|Bacteria,1MVFA@1224|Proteobacteria,1RN6Y@1236|Gammaproteobacteria,1Y24B@135623|Vibrionales	Fumarylacetoacetate (FAA) hydrolase family	-	-	-	-	-	FAA_hydrolase
3225	GEA52004.1	617140.AJZE01000132_gene708	7.53e-34	119.0	COG1359@1|root,COG1359@2|Bacteria,1N6P7@1224|Proteobacteria,1SF27@1236|Gammaproteobacteria,1XYY4@135623|Vibrionales	Antibiotic biosynthesis monooxygenase	-	-	-	-	-	ABM
3225	GEA52005.1	1205908.AKXW01000092_gene2404	3.29e-258	709.0	COG0404@1|root,COG0404@2|Bacteria,1MV96@1224|Proteobacteria,1RN2A@1236|Gammaproteobacteria,1XSK0@135623|Vibrionales	COG0404 Glycine cleavage system T protein (aminomethyltransferase)	gcvT	-	ko:K00605	ko00260,ko00630,ko00670,ko01100,ko01110,ko01130,ko01200,map00260,map00630,map00670,map01100,map01110,map01130,map01200	ko00000,ko00001,ko00002,ko01000	GCV_T,GCV_T_C
3225	GEA52007.1	1205908.AKXW01000092_gene2403	2.91e-139	395.0	COG1426@1|root,COG1426@2|Bacteria,1RJB7@1224|Proteobacteria,1T3CK@1236|Gammaproteobacteria,1Y2UG@135623|Vibrionales	Helix-turn-helix XRE-family like proteins	-	-	-	-	-	Cupin_2,HTH_3
3225	GEA52008.1	1205908.AKXW01000092_gene2402	2.15e-82	244.0	COG0509@1|root,COG0509@2|Bacteria,1RGV7@1224|Proteobacteria,1S656@1236|Gammaproteobacteria,1XXG5@135623|Vibrionales	The glycine cleavage system catalyzes the degradation of glycine. The H protein shuttles the methylamine group of glycine from the P protein to the T protein	gcvH	GO:0003674,GO:0003824,GO:0006082,GO:0006520,GO:0006807,GO:0008150,GO:0008152,GO:0009987,GO:0019752,GO:0043436,GO:0044237,GO:0044238,GO:0044281,GO:0071704,GO:1901564	ko:K02437	ko00260,ko00630,ko01100,ko01110,ko01130,ko01200,map00260,map00630,map01100,map01110,map01130,map01200	ko00000,ko00001,ko00002	GCV_H
3225	GEA52009.1	1205908.AKXW01000092_gene2401	0.0	1868.0	COG0403@1|root,COG1003@1|root,COG0403@2|Bacteria,COG1003@2|Bacteria,1MUDP@1224|Proteobacteria,1RND3@1236|Gammaproteobacteria,1XU09@135623|Vibrionales	The glycine cleavage system catalyzes the degradation of glycine. The P protein binds the alpha-amino group of glycine through its pyridoxal phosphate cofactor	gcvP	-	ko:K00281	ko00260,ko00630,ko01100,ko01110,ko01130,ko01200,map00260,map00630,map01100,map01110,map01130,map01200	ko00000,ko00001,ko00002,ko01000	GDC-P
3225	GEA52010.1	1187848.AJYQ01000025_gene1566	5.8e-86	263.0	2BHHF@1|root,32BJS@2|Bacteria,1QKTX@1224|Proteobacteria,1TIZ5@1236|Gammaproteobacteria,1Y02X@135623|Vibrionales	-	-	-	-	-	-	-
3225	GEA52011.1	1205908.AKXW01000028_gene629	1.82e-130	370.0	COG1949@1|root,COG1949@2|Bacteria,1R9WX@1224|Proteobacteria,1S217@1236|Gammaproteobacteria,1XSRQ@135623|Vibrionales	3'-to-5' exoribonuclease specific for small oligoribonucleotides	orn	GO:0000175,GO:0003674,GO:0003824,GO:0004518,GO:0004527,GO:0004532,GO:0004540,GO:0006139,GO:0006401,GO:0006725,GO:0006807,GO:0008150,GO:0008152,GO:0008408,GO:0009056,GO:0009057,GO:0009987,GO:0016070,GO:0016787,GO:0016788,GO:0016796,GO:0016896,GO:0019439,GO:0034641,GO:0034655,GO:0043170,GO:0044237,GO:0044238,GO:0044248,GO:0044260,GO:0044265,GO:0044270,GO:0046483,GO:0046700,GO:0071704,GO:0090304,GO:0090305,GO:0090501,GO:0090503,GO:0140098,GO:1901360,GO:1901361,GO:1901575	ko:K13288	ko03008,map03008	ko00000,ko00001,ko01000,ko03009,ko03019	RNase_T
3225	GEA52012.1	1205908.AKXW01000028_gene630	2.63e-242	667.0	COG1162@1|root,COG1162@2|Bacteria,1MUEF@1224|Proteobacteria,1RMMB@1236|Gammaproteobacteria,1XTBR@135623|Vibrionales	One of several proteins that assist in the late maturation steps of the functional core of the 30S ribosomal subunit. Helps release RbfA from mature subunits. May play a role in the assembly of ribosomal proteins into the subunit. Circularly permuted GTPase that catalyzes slow GTP hydrolysis, GTPase activity is stimulated by the 30S ribosomal subunit	rsgA	-	ko:K06949	ko00730,ko01100,map00730,map01100	ko00000,ko00001,ko01000,ko03009	RsgA_GTPase
3225	GEA52013.1	1205908.AKXW01000028_gene631	1.42e-211	584.0	COG0688@1|root,COG0688@2|Bacteria,1MVT4@1224|Proteobacteria,1RN1U@1236|Gammaproteobacteria,1XT0P@135623|Vibrionales	Catalyzes the formation of phosphatidylethanolamine (PtdEtn) from phosphatidylserine (PtdSer)	psd	GO:0003674,GO:0003824,GO:0004609,GO:0006629,GO:0006644,GO:0006793,GO:0006796,GO:0008150,GO:0008152,GO:0008610,GO:0008654,GO:0009058,GO:0009987,GO:0016829,GO:0016830,GO:0016831,GO:0019637,GO:0044237,GO:0044238,GO:0044249,GO:0044255,GO:0071704,GO:0090407,GO:1901576	ko:K01613	ko00564,ko01100,ko01110,map00564,map01100,map01110	ko00000,ko00001,ko00002,ko01000	PS_Dcarbxylase
3225	GEA52014.1	1205908.AKXW01000028_gene632	3.02e-143	405.0	COG1309@1|root,COG1309@2|Bacteria,1R52P@1224|Proteobacteria,1S4A4@1236|Gammaproteobacteria,1XVXK@135623|Vibrionales	Transcriptional regulator	-	-	-	-	-	TetR,TetR_N
3225	GEA52015.1	1205908.AKXW01000028_gene633	6.04e-175	491.0	COG1575@1|root,COG1575@2|Bacteria,1MXQQ@1224|Proteobacteria,1RPW5@1236|Gammaproteobacteria,1XUCP@135623|Vibrionales	Belongs to the MenA family. Type 1 subfamily	menA	-	ko:K02548	ko00130,ko01100,ko01110,map00130,map01100,map01110	ko00000,ko00001,ko00002,ko01000,ko01006	UbiA
3225	GEA52016.1	1205908.AKXW01000028_gene634	2.15e-112	323.0	COG0684@1|root,COG0684@2|Bacteria,1RH18@1224|Proteobacteria,1RS9U@1236|Gammaproteobacteria,1XVB5@135623|Vibrionales	Globally modulates RNA abundance by binding to RNase E (Rne) and regulating its endonucleolytic activity. Can modulate Rne action in a substrate-dependent manner by altering the composition of the degradosome. Modulates RNA-binding and helicase activities of the degradosome	rraA	-	ko:K02553	-	ko00000,ko03019	RraA-like
3225	GEA52017.1	1219080.VEZ01S_45_00080	2.42e-301	826.0	COG0471@1|root,COG0471@2|Bacteria,1R6QF@1224|Proteobacteria,1RQIG@1236|Gammaproteobacteria,1XTZX@135623|Vibrionales	COG0471 Di- and tricarboxylate transporters	-	-	ko:K14445	-	ko00000,ko02000	Na_sulph_symp
3225	GEA52018.1	1205908.AKXW01000028_gene636	1.02e-172	481.0	COG0584@1|root,COG0584@2|Bacteria,1MU8H@1224|Proteobacteria,1RQWX@1236|Gammaproteobacteria,1Y29F@135623|Vibrionales	Glycerophosphoryl diester phosphodiesterase family	-	-	ko:K01126	ko00564,map00564	ko00000,ko00001,ko01000	GDPD
3225	GEA52019.1	1205908.AKXW01000028_gene637	5.23e-170	478.0	COG0697@1|root,COG0697@2|Bacteria,1R4G2@1224|Proteobacteria,1S1NT@1236|Gammaproteobacteria,1XTQV@135623|Vibrionales	of the drug metabolite transporter (DMT) superfamily	-	-	-	-	-	EamA
3225	GEA52020.1	1205908.AKXW01000028_gene638	7.67e-226	623.0	COG2269@1|root,COG2269@2|Bacteria,1MU97@1224|Proteobacteria,1RMR9@1236|Gammaproteobacteria,1XSYN@135623|Vibrionales	With EpmB is involved in the beta-lysylation step of the post-translational modification of translation elongation factor P (EF-P). Catalyzes the ATP-dependent activation of (R)-beta-lysine produced by EpmB, forming a lysyl-adenylate, from which the beta- lysyl moiety is then transferred to the epsilon-amino group of a conserved specific lysine residue in EF-P	epmA	GO:0006082,GO:0006139,GO:0006399,GO:0006412,GO:0006418,GO:0006430,GO:0006518,GO:0006520,GO:0006725,GO:0006807,GO:0008150,GO:0008152,GO:0009058,GO:0009059,GO:0009987,GO:0010467,GO:0016070,GO:0019538,GO:0019752,GO:0034641,GO:0034645,GO:0034660,GO:0043038,GO:0043039,GO:0043043,GO:0043170,GO:0043436,GO:0043603,GO:0043604,GO:0044237,GO:0044238,GO:0044249,GO:0044260,GO:0044267,GO:0044271,GO:0044281,GO:0046483,GO:0071704,GO:0090304,GO:1901360,GO:1901564,GO:1901566,GO:1901576	ko:K04568	-	ko00000,ko01000,ko03012	tRNA-synt_2
3225	GEA52021.1	1205908.AKXW01000028_gene639	0.0	1172.0	COG1053@1|root,COG1053@2|Bacteria,1MU5M@1224|Proteobacteria,1RMU2@1236|Gammaproteobacteria,1XSH4@135623|Vibrionales	fumarate reductase, flavoprotein subunit	frdA	-	ko:K00244	ko00020,ko00190,ko00620,ko00650,ko00720,ko01100,ko01110,ko01120,ko01130,ko01200,ko02020,map00020,map00190,map00620,map00650,map00720,map01100,map01110,map01120,map01130,map01200,map02020	ko00000,ko00001,ko00002,ko01000	FAD_binding_2,Succ_DH_flav_C
3225	GEA52022.1	1205908.AKXW01000028_gene640	2.33e-185	514.0	COG0479@1|root,COG0479@2|Bacteria,1MVHS@1224|Proteobacteria,1RNWR@1236|Gammaproteobacteria,1XTYJ@135623|Vibrionales	Belongs to the succinate dehydrogenase fumarate reductase iron-sulfur protein family	frdB	-	ko:K00245	ko00020,ko00190,ko00620,ko00650,ko00720,ko01100,ko01110,ko01120,ko01130,ko01200,ko02020,map00020,map00190,map00620,map00650,map00720,map01100,map01110,map01120,map01130,map01200,map02020	ko00000,ko00001,ko00002,ko01000	Fer2_3,Fer4_8
3225	GEA52023.1	1205908.AKXW01000028_gene641	1.15e-82	244.0	COG3029@1|root,COG3029@2|Bacteria,1MZ4C@1224|Proteobacteria,1SC0P@1236|Gammaproteobacteria,1XXFQ@135623|Vibrionales	Seems to be involved in the anchoring of the catalytic components of the fumarate reductase complex to the cytoplasmic membrane	frdC	GO:0000104,GO:0003674,GO:0003824,GO:0006091,GO:0008150,GO:0008152,GO:0009061,GO:0009987,GO:0015980,GO:0016491,GO:0016627,GO:0044237,GO:0045333,GO:0055114	ko:K00246	ko00020,ko00190,ko00620,ko00650,ko00720,ko01100,ko01110,ko01120,ko01130,ko01200,ko02020,map00020,map00190,map00620,map00650,map00720,map01100,map01110,map01120,map01130,map01200,map02020	ko00000,ko00001,ko00002	Fumarate_red_C
3225	GEA52024.1	1205908.AKXW01000028_gene642	3.26e-80	238.0	COG3080@1|root,COG3080@2|Bacteria,1RDZD@1224|Proteobacteria,1S3W5@1236|Gammaproteobacteria,1XXAW@135623|Vibrionales	Seems to be involved in the anchoring of the catalytic components of the fumarate reductase complex to the cytoplasmic membrane	frdD	GO:0000104,GO:0003674,GO:0003824,GO:0006091,GO:0008150,GO:0008152,GO:0009061,GO:0009987,GO:0015980,GO:0016491,GO:0016627,GO:0044237,GO:0045333,GO:0055114	ko:K00247	ko00020,ko00190,ko00620,ko00650,ko00720,ko01100,ko01110,ko01120,ko01130,ko01200,ko02020,map00020,map00190,map00620,map00650,map00720,map01100,map01110,map01120,map01130,map01200,map02020	ko00000,ko00001,ko00002	Fumarate_red_D
3225	GEA52025.1	1205908.AKXW01000028_gene643	8.28e-135	381.0	COG0231@1|root,COG0231@2|Bacteria,1MW2J@1224|Proteobacteria,1RPW7@1236|Gammaproteobacteria,1XSP6@135623|Vibrionales	Involved in peptide bond synthesis. Alleviates ribosome stalling that occurs when 3 or more consecutive Pro residues or the sequence PPG is present in a protein, possibly by augmenting the peptidyl transferase activity of the ribosome. Modification of Lys-34 is required for alleviation	efp	GO:0003674,GO:0003676,GO:0003723,GO:0003746,GO:0005488,GO:0005575,GO:0005622,GO:0005623,GO:0005737,GO:0006412,GO:0006414,GO:0006518,GO:0006807,GO:0008135,GO:0008150,GO:0008152,GO:0009058,GO:0009059,GO:0009987,GO:0010467,GO:0019538,GO:0034641,GO:0034645,GO:0043043,GO:0043170,GO:0043603,GO:0043604,GO:0044237,GO:0044238,GO:0044249,GO:0044260,GO:0044267,GO:0044271,GO:0044424,GO:0044464,GO:0071704,GO:0097159,GO:1901363,GO:1901564,GO:1901566,GO:1901576	ko:K02356	-	ko00000,ko03012	EFP,EFP_N,Elong-fact-P_C
3225	GEA52026.1	1205908.AKXW01000028_gene644	4.29e-231	637.0	COG1509@1|root,COG1509@2|Bacteria,1MUPJ@1224|Proteobacteria,1RM84@1236|Gammaproteobacteria,1XUU0@135623|Vibrionales	Lysine 2,3-aminomutase	yjeK	-	ko:K19810	-	ko00000,ko01000,ko03012	Fer4_12,Fer4_14,Radical_SAM
3225	GEA52027.1	1205908.AKXW01000028_gene645	2.63e-117	337.0	2BN55@1|root,32GS7@2|Bacteria,1R7WY@1224|Proteobacteria,1RQ71@1236|Gammaproteobacteria,1XU9A@135623|Vibrionales	-	-	-	-	-	-	-
3225	GEA52028.1	1205908.AKXW01000028_gene646	0.0	1021.0	COG0488@1|root,COG0488@2|Bacteria,1MU37@1224|Proteobacteria,1RPN9@1236|Gammaproteobacteria,1XSW1@135623|Vibrionales	COG0488 ATPase components of ABC transporters with duplicated ATPase domains	ybiT	-	-	-	-	ABC_tran,ABC_tran_Xtn
3225	GEA52029.1	1205908.AKXW01000028_gene647	0.0	896.0	COG1119@1|root,COG1119@2|Bacteria,1MVVM@1224|Proteobacteria,1RMXK@1236|Gammaproteobacteria,1XT5Q@135623|Vibrionales	COG1119 ABC-type molybdenum transport system, ATPase component photorepair protein PhrA	-	-	ko:K05776	ko02010,map02010	ko00000,ko00001,ko00002,ko02000	ABC_tran
3225	GEA52030.1	1205908.AKXW01000028_gene648	0.0	2442.0	COG1523@1|root,COG1523@2|Bacteria,1MU19@1224|Proteobacteria,1RP6F@1236|Gammaproteobacteria,1XT7C@135623|Vibrionales	Belongs to the glycosyl hydrolase 13 family	-	-	ko:K01200	ko00500,ko01100,ko01110,map00500,map01100,map01110	ko00000,ko00001,ko01000	Alpha-amylase,CBM_48,DUF3372,PUD
3225	GEA52031.1	1219072.VHA01S_033_00340	0.0	969.0	COG0459@1|root,COG0459@2|Bacteria,1MURR@1224|Proteobacteria,1RMTB@1236|Gammaproteobacteria,1XSXK@135623|Vibrionales	Prevents misfolding and promotes the refolding and proper assembly of unfolded polypeptides generated under stress conditions	groL	GO:0003674,GO:0005488,GO:0005515,GO:0005575,GO:0005622,GO:0005623,GO:0005737,GO:0005829,GO:0006457,GO:0006458,GO:0008150,GO:0009987,GO:0016465,GO:0032991,GO:0044183,GO:0044424,GO:0044444,GO:0044445,GO:0044464,GO:0051082,GO:0061077,GO:0101031,GO:1990220	ko:K04077	ko03018,ko04212,ko04940,ko05134,ko05152,map03018,map04212,map04940,map05134,map05152	ko00000,ko00001,ko03019,ko03029,ko03110,ko04147	Cpn60_TCP1
3225	GEA52032.1	1219072.VHA01S_033_00330	1.05e-59	184.0	COG0234@1|root,COG0234@2|Bacteria,1MZ2X@1224|Proteobacteria,1S8YR@1236|Gammaproteobacteria,1XXUS@135623|Vibrionales	Binds to Cpn60 in the presence of Mg-ATP and suppresses the ATPase activity of the latter	groS	GO:0003674,GO:0005488,GO:0005515,GO:0006457,GO:0006458,GO:0006950,GO:0006986,GO:0008150,GO:0009987,GO:0010033,GO:0035966,GO:0042221,GO:0043167,GO:0043169,GO:0046872,GO:0050896,GO:0051082,GO:0051084,GO:0051085,GO:0051087,GO:0061077	ko:K04078	-	ko00000,ko03029,ko03110	Cpn10
3225	GEA52033.1	1205908.AKXW01000028_gene659	5.11e-302	826.0	COG0534@1|root,COG0534@2|Bacteria,1MVRV@1224|Proteobacteria,1RRDQ@1236|Gammaproteobacteria,1XTD2@135623|Vibrionales	Na driven multidrug efflux pump	-	-	-	-	-	MatE
3225	GEA52034.1	1205908.AKXW01000028_gene660	5.66e-191	530.0	COG1045@1|root,COG1045@2|Bacteria,1MVFX@1224|Proteobacteria,1RNCA@1236|Gammaproteobacteria,1XTF9@135623|Vibrionales	Serine acetyltransferase	cysE	-	ko:K00640	ko00270,ko00920,ko01100,ko01110,ko01120,ko01200,ko01230,ko05111,map00270,map00920,map01100,map01110,map01120,map01200,map01230,map05111	ko00000,ko00001,ko00002,ko01000	Hexapep,SATase_N
3225	GEA52035.1	1205908.AKXW01000028_gene661	2.61e-237	653.0	COG0240@1|root,COG0240@2|Bacteria,1MUU3@1224|Proteobacteria,1RPQ7@1236|Gammaproteobacteria,1XSBF@135623|Vibrionales	Glycerol-3-phosphate dehydrogenase	gpsA	GO:0003674,GO:0003824,GO:0004367,GO:0006072,GO:0006629,GO:0006644,GO:0006793,GO:0006796,GO:0008150,GO:0008152,GO:0008610,GO:0008654,GO:0009058,GO:0009987,GO:0016491,GO:0016614,GO:0016616,GO:0019637,GO:0044237,GO:0044238,GO:0044249,GO:0044255,GO:0052646,GO:0055114,GO:0071704,GO:0090407,GO:1901135,GO:1901576	ko:K00057	ko00564,ko01110,map00564,map01110	ko00000,ko00001,ko01000	NAD_Gly3P_dh_C,NAD_Gly3P_dh_N
3225	GEA52036.1	1205908.AKXW01000028_gene662	3.97e-107	309.0	COG1952@1|root,COG1952@2|Bacteria,1RI75@1224|Proteobacteria,1S62H@1236|Gammaproteobacteria,1XU1J@135623|Vibrionales	One of the proteins required for the normal export of preproteins out of the cell cytoplasm. It is a molecular chaperone that binds to a subset of precursor proteins, maintaining them in a translocation-competent state. It also specifically binds to its receptor SecA	secB	GO:0002790,GO:0006810,GO:0008104,GO:0008150,GO:0009306,GO:0009987,GO:0015031,GO:0015833,GO:0032940,GO:0033036,GO:0042886,GO:0045184,GO:0046903,GO:0051179,GO:0051234,GO:0071702,GO:0071705	ko:K03071	ko02024,ko03060,ko03070,map02024,map03060,map03070	ko00000,ko00001,ko00002,ko02044,ko03110	SecB
3225	GEA52037.1	1205908.AKXW01000028_gene663	7.13e-100	290.0	COG0607@1|root,COG0607@2|Bacteria,1MZ83@1224|Proteobacteria,1S8ZI@1236|Gammaproteobacteria,1XWWT@135623|Vibrionales	rhodanese-related sulfurtransferase	yibN	-	-	-	-	Rhodanese
3225	GEA52038.1	1205908.AKXW01000028_gene664	0.0	1006.0	COG0696@1|root,COG0696@2|Bacteria,1MUQ1@1224|Proteobacteria,1RMJE@1236|Gammaproteobacteria,1XTMH@135623|Vibrionales	Catalyzes the interconversion of 2-phosphoglycerate and 3-phosphoglycerate	gpmI	GO:0003674,GO:0003824,GO:0004619,GO:0005975,GO:0006082,GO:0006090,GO:0006091,GO:0006096,GO:0006139,GO:0006163,GO:0006164,GO:0006165,GO:0006725,GO:0006732,GO:0006733,GO:0006753,GO:0006754,GO:0006757,GO:0006793,GO:0006796,GO:0006807,GO:0008150,GO:0008152,GO:0009056,GO:0009058,GO:0009108,GO:0009117,GO:0009123,GO:0009124,GO:0009126,GO:0009127,GO:0009132,GO:0009135,GO:0009141,GO:0009142,GO:0009144,GO:0009145,GO:0009150,GO:0009152,GO:0009156,GO:0009161,GO:0009165,GO:0009166,GO:0009167,GO:0009168,GO:0009179,GO:0009185,GO:0009199,GO:0009201,GO:0009205,GO:0009206,GO:0009259,GO:0009260,GO:0009987,GO:0016052,GO:0016053,GO:0016310,GO:0016853,GO:0016866,GO:0016868,GO:0017144,GO:0018130,GO:0019359,GO:0019362,GO:0019363,GO:0019438,GO:0019439,GO:0019637,GO:0019693,GO:0019752,GO:0032787,GO:0034404,GO:0034641,GO:0034654,GO:0034655,GO:0042866,GO:0043436,GO:0044237,GO:0044238,GO:0044248,GO:0044249,GO:0044270,GO:0044271,GO:0044281,GO:0044283,GO:0046031,GO:0046034,GO:0046390,GO:0046394,GO:0046434,GO:0046483,GO:0046496,GO:0046700,GO:0046939,GO:0051186,GO:0051188,GO:0055086,GO:0071704,GO:0072330,GO:0072521,GO:0072522,GO:0072524,GO:0072525,GO:0090407,GO:1901135,GO:1901137,GO:1901292,GO:1901293,GO:1901360,GO:1901361,GO:1901362,GO:1901564,GO:1901566,GO:1901575,GO:1901576	ko:K15633	ko00010,ko00260,ko00680,ko01100,ko01110,ko01120,ko01130,ko01200,ko01230,map00010,map00260,map00680,map01100,map01110,map01120,map01130,map01200,map01230	ko00000,ko00001,ko00002,ko01000	Metalloenzyme,Phosphodiest,iPGM_N
3225	GEA52039.1	1205908.AKXW01000028_gene665	3.87e-225	626.0	COG4942@1|root,COG4942@2|Bacteria,1MY3E@1224|Proteobacteria,1RPQP@1236|Gammaproteobacteria,1XSXQ@135623|Vibrionales	COG4942 Membrane-bound metallopeptidase	envC	-	-	-	-	Peptidase_M23
3225	GEA52040.1	1205908.AKXW01000028_gene666	1.04e-27	102.0	COG3074@1|root,COG3074@2|Bacteria,1MZJE@1224|Proteobacteria,1S8TG@1236|Gammaproteobacteria,1XYCG@135623|Vibrionales	Non-essential, abundant cell division factor that is required for proper Z-ring formation. It is recruited early to the divisome by direct interaction with FtsZ, stimulating Z-ring assembly and thereby promoting cell division earlier in the cell cycle. Its recruitment to the Z-ring requires functional FtsA or ZipA	zapB	GO:0005575,GO:0005622,GO:0005623,GO:0005737,GO:0044424,GO:0044464	ko:K09892	-	ko00000,ko03036	ZapB
3225	GEA52041.1	1205908.AKXW01000028_gene667	1.68e-230	635.0	COG1494@1|root,COG1494@2|Bacteria,1MUB1@1224|Proteobacteria,1RR0E@1236|Gammaproteobacteria,1XTI1@135623|Vibrionales	COG1494 Fructose-1,6-bisphosphatase sedoheptulose 1,7-bisphosphatase and related proteins	glpX	-	ko:K02446	ko00010,ko00030,ko00051,ko00680,ko00710,ko01100,ko01110,ko01120,ko01130,ko01200,map00010,map00030,map00051,map00680,map00710,map01100,map01110,map01120,map01130,map01200	ko00000,ko00001,ko00002,ko01000	FBPase_glpX
3225	GEA52042.1	1205908.AKXW01000007_gene3280	2.29e-92	270.0	COG3152@1|root,COG3152@2|Bacteria,1RD1M@1224|Proteobacteria,1S2CI@1236|Gammaproteobacteria,1XXHJ@135623|Vibrionales	Protein of unknown function (DUF805)	-	-	-	-	-	DUF805
3225	GEA52043.1	1205908.AKXW01000007_gene3279	1.1e-67	206.0	COG3232@1|root,COG3232@2|Bacteria,1N7P5@1224|Proteobacteria,1S5D7@1236|Gammaproteobacteria,1XXDP@135623|Vibrionales	5-carboxymethyl-2-hydroxymuconate isomerase	hpcD	-	ko:K01826	ko00350,ko01120,ko01220,map00350,map01120,map01220	ko00000,ko00001,ko00002,ko01000	CHMI
3225	GEA52044.1	1205908.AKXW01000007_gene3278	3.62e-172	481.0	COG0149@1|root,COG0149@2|Bacteria,1MWK5@1224|Proteobacteria,1RM8I@1236|Gammaproteobacteria,1XUEE@135623|Vibrionales	Involved in the gluconeogenesis. Catalyzes stereospecifically the conversion of dihydroxyacetone phosphate (DHAP) to D-glyceraldehyde-3-phosphate (G3P)	tpiA	GO:0003674,GO:0003824,GO:0004807,GO:0005575,GO:0005622,GO:0005623,GO:0005737,GO:0005829,GO:0005975,GO:0005996,GO:0006006,GO:0006066,GO:0006071,GO:0006081,GO:0006082,GO:0006090,GO:0006091,GO:0006094,GO:0006096,GO:0006139,GO:0006163,GO:0006164,GO:0006165,GO:0006725,GO:0006732,GO:0006733,GO:0006753,GO:0006754,GO:0006757,GO:0006793,GO:0006796,GO:0006807,GO:0008150,GO:0008152,GO:0009056,GO:0009058,GO:0009108,GO:0009117,GO:0009123,GO:0009124,GO:0009126,GO:0009127,GO:0009132,GO:0009135,GO:0009141,GO:0009142,GO:0009144,GO:0009145,GO:0009150,GO:0009152,GO:0009156,GO:0009161,GO:0009165,GO:0009166,GO:0009167,GO:0009168,GO:0009179,GO:0009185,GO:0009199,GO:0009201,GO:0009205,GO:0009206,GO:0009259,GO:0009260,GO:0009987,GO:0016051,GO:0016052,GO:0016053,GO:0016310,GO:0016853,GO:0016860,GO:0016861,GO:0017144,GO:0018130,GO:0019318,GO:0019319,GO:0019359,GO:0019362,GO:0019363,GO:0019400,GO:0019405,GO:0019438,GO:0019439,GO:0019563,GO:0019637,GO:0019682,GO:0019693,GO:0019751,GO:0019752,GO:0032787,GO:0034404,GO:0034641,GO:0034654,GO:0034655,GO:0042866,GO:0043436,GO:0044237,GO:0044238,GO:0044248,GO:0044249,GO:0044262,GO:0044270,GO:0044271,GO:0044275,GO:0044281,GO:0044282,GO:0044283,GO:0044424,GO:0044444,GO:0044464,GO:0046031,GO:0046034,GO:0046164,GO:0046166,GO:0046174,GO:0046184,GO:0046364,GO:0046390,GO:0046394,GO:0046434,GO:0046483,GO:0046496,GO:0046700,GO:0046939,GO:0051186,GO:0051188,GO:0055086,GO:0071704,GO:0072330,GO:0072521,GO:0072522,GO:0072524,GO:0072525,GO:0090407,GO:1901135,GO:1901137,GO:1901292,GO:1901293,GO:1901360,GO:1901361,GO:1901362,GO:1901564,GO:1901566,GO:1901575,GO:1901576,GO:1901615,GO:1901616	ko:K01803	ko00010,ko00051,ko00562,ko00710,ko01100,ko01110,ko01120,ko01130,ko01200,ko01230,map00010,map00051,map00562,map00710,map01100,map01110,map01120,map01130,map01200,map01230	ko00000,ko00001,ko00002,ko01000,ko04147	TIM
3225	GEA52045.1	1205908.AKXW01000007_gene3277	1.18e-227	627.0	COG0205@1|root,COG0205@2|Bacteria,1MVN3@1224|Proteobacteria,1RMVY@1236|Gammaproteobacteria,1XTJ3@135623|Vibrionales	Catalyzes the phosphorylation of D-fructose 6-phosphate to fructose 1,6-bisphosphate by ATP, the first committing step of glycolysis	pfkA	GO:0003674,GO:0003824,GO:0003872,GO:0005975,GO:0006082,GO:0006090,GO:0006091,GO:0006096,GO:0006139,GO:0006163,GO:0006164,GO:0006165,GO:0006725,GO:0006732,GO:0006733,GO:0006753,GO:0006754,GO:0006757,GO:0006793,GO:0006796,GO:0006807,GO:0008150,GO:0008152,GO:0008443,GO:0009056,GO:0009058,GO:0009108,GO:0009117,GO:0009123,GO:0009124,GO:0009126,GO:0009127,GO:0009132,GO:0009135,GO:0009141,GO:0009142,GO:0009144,GO:0009145,GO:0009150,GO:0009152,GO:0009156,GO:0009161,GO:0009165,GO:0009166,GO:0009167,GO:0009168,GO:0009179,GO:0009185,GO:0009199,GO:0009201,GO:0009205,GO:0009206,GO:0009259,GO:0009260,GO:0009987,GO:0016052,GO:0016053,GO:0016301,GO:0016310,GO:0016740,GO:0016772,GO:0016773,GO:0017144,GO:0018130,GO:0019200,GO:0019359,GO:0019362,GO:0019363,GO:0019438,GO:0019439,GO:0019637,GO:0019693,GO:0019752,GO:0032787,GO:0034404,GO:0034641,GO:0034654,GO:0034655,GO:0042866,GO:0043436,GO:0044237,GO:0044238,GO:0044248,GO:0044249,GO:0044262,GO:0044270,GO:0044271,GO:0044281,GO:0044283,GO:0046031,GO:0046034,GO:0046390,GO:0046394,GO:0046434,GO:0046483,GO:0046496,GO:0046700,GO:0046835,GO:0046939,GO:0051186,GO:0051188,GO:0055086,GO:0061615,GO:0071704,GO:0072330,GO:0072521,GO:0072522,GO:0072524,GO:0072525,GO:0090407,GO:1901135,GO:1901137,GO:1901292,GO:1901293,GO:1901360,GO:1901361,GO:1901362,GO:1901564,GO:1901566,GO:1901575,GO:1901576	ko:K00850	ko00010,ko00030,ko00051,ko00052,ko00680,ko01100,ko01110,ko01120,ko01130,ko01200,ko01230,ko03018,ko04152,ko05230,map00010,map00030,map00051,map00052,map00680,map01100,map01110,map01120,map01130,map01200,map01230,map03018,map04152,map05230	ko00000,ko00001,ko00002,ko01000,ko01009,ko03019	PFK
3225	GEA52046.1	1205908.AKXW01000007_gene3276	1.97e-201	559.0	COG0053@1|root,COG0053@2|Bacteria,1MUDS@1224|Proteobacteria,1RNS2@1236|Gammaproteobacteria,1XSMN@135623|Vibrionales	Belongs to the cation diffusion facilitator (CDF) transporter (TC 2.A.4) family	fieF	-	ko:K13283	-	ko00000,ko02000	Cation_efflux,ZT_dimer
3225	GEA52047.1	1205908.AKXW01000007_gene3275	1.36e-92	273.0	COG3678@1|root,COG3678@2|Bacteria,1RBDH@1224|Proteobacteria,1S2DT@1236|Gammaproteobacteria,1XWIC@135623|Vibrionales	COG3678 P pilus assembly Cpx signaling pathway, periplasmic inhibitor zinc-resistance associated protein	cpxP	-	ko:K06006	-	ko00000,ko03110	LTXXQ
3225	GEA52048.1	1205908.AKXW01000007_gene3274	3.93e-150	423.0	COG0745@1|root,COG0745@2|Bacteria,1MVCB@1224|Proteobacteria,1RMW7@1236|Gammaproteobacteria,1XSZ6@135623|Vibrionales	COG0745 Response regulators consisting of a CheY-like receiver domain and a winged-helix DNA-binding domain	cpxR	-	ko:K07662	ko01503,ko02020,map01503,map02020	ko00000,ko00001,ko00002,ko02022	Response_reg,Trans_reg_C
3225	GEA52049.1	1205908.AKXW01000007_gene3273	3.18e-287	789.0	COG5002@1|root,COG5002@2|Bacteria,1QUGI@1224|Proteobacteria,1T1Y9@1236|Gammaproteobacteria,1XT99@135623|Vibrionales	sensor protein	cpxA	-	ko:K07640	ko01503,ko02020,map01503,map02020	ko00000,ko00001,ko00002,ko01000,ko01001,ko02022	CpxA_peri,HAMP,HATPase_c,HisKA
3225	GEA52050.1	1205908.AKXW01000007_gene3272	3.68e-112	322.0	COG0219@1|root,COG0219@2|Bacteria,1RCY4@1224|Proteobacteria,1S3PI@1236|Gammaproteobacteria,1XUPR@135623|Vibrionales	Methylates the ribose at the nucleotide 34 wobble position in the two leucyl isoacceptors tRNA(Leu)(CmAA) and tRNA(Leu)(cmnm5UmAA). Catalyzes the methyl transfer from S- adenosyl-L-methionine to the 2'-OH of the wobble nucleotide	trmL	-	ko:K03216	-	ko00000,ko01000,ko03016	SpoU_methylase
3225	GEA52051.1	1205908.AKXW01000007_gene3271	1.07e-98	288.0	COG3030@1|root,COG3030@2|Bacteria,1MZJJ@1224|Proteobacteria,1S8XU@1236|Gammaproteobacteria,1XVK9@135623|Vibrionales	COG3030 Protein affecting phage T7 exclusion by the F plasmid	fxsA	-	ko:K07113	-	ko00000	FxsA
3225	GEA52052.1	1205908.AKXW01000007_gene3270	0.0	929.0	COG1027@1|root,COG1027@2|Bacteria,1R9JY@1224|Proteobacteria,1RP5Z@1236|Gammaproteobacteria,1XSMK@135623|Vibrionales	Aspartate ammonia-lyase	aspA	-	ko:K01744	ko00250,ko01100,map00250,map01100	ko00000,ko00001,ko01000	FumaraseC_C,Lyase_1
3225	GEA52053.1	1205908.AKXW01000007_gene3269	2.63e-284	780.0	COG2704@1|root,COG2704@2|Bacteria,1MVHH@1224|Proteobacteria,1RPTE@1236|Gammaproteobacteria,1XT7X@135623|Vibrionales	Responsible for the transport of C4-dicarboxylates from the periplasm across the inner membrane	dcuA	-	ko:K07791	-	ko00000,ko02000	DcuA_DcuB
3225	GEA52054.1	1205908.AKXW01000007_gene3268	0.0	1071.0	COG4232@1|root,COG4232@2|Bacteria,1MU8W@1224|Proteobacteria,1RPF7@1236|Gammaproteobacteria,1XTUK@135623|Vibrionales	Required to facilitate the formation of correct disulfide bonds in some periplasmic proteins and for the assembly of the periplasmic c-type cytochromes. Acts by transferring electrons from cytoplasmic thioredoxin to the periplasm. This transfer involves a cascade of disulfide bond formation and reduction steps	dsbD	GO:0003674,GO:0003756,GO:0003824,GO:0005575,GO:0005623,GO:0005886,GO:0005887,GO:0008150,GO:0008152,GO:0009987,GO:0015035,GO:0015036,GO:0016020,GO:0016021,GO:0016043,GO:0016491,GO:0016667,GO:0016853,GO:0016860,GO:0016864,GO:0017004,GO:0019725,GO:0022607,GO:0031224,GO:0031226,GO:0034622,GO:0042592,GO:0043933,GO:0044085,GO:0044425,GO:0044459,GO:0044464,GO:0045454,GO:0050789,GO:0050794,GO:0055114,GO:0065003,GO:0065007,GO:0065008,GO:0071840,GO:0071944,GO:0140096	ko:K04084	-	ko00000,ko01000,ko03110	DsbC,DsbD,Thioredoxin_7
3225	GEA52055.1	1205908.AKXW01000007_gene3267	2.12e-137	390.0	COG2197@1|root,COG2197@2|Bacteria,1P4TD@1224|Proteobacteria,1RU35@1236|Gammaproteobacteria,1XV43@135623|Vibrionales	COG2197 Response regulator containing a CheY-like receiver domain and an HTH DNA-binding domain	-	-	-	-	-	GerE,Response_reg
3225	GEA52056.1	1205908.AKXW01000007_gene3266	1.06e-57	178.0	COG4327@1|root,COG4327@2|Bacteria,1N0TK@1224|Proteobacteria,1S8V9@1236|Gammaproteobacteria,1XXSA@135623|Vibrionales	membrane	-	-	-	-	-	DUF4212
3225	GEA52057.1	1205908.AKXW01000007_gene3265	0.0	1100.0	COG4147@1|root,COG4147@2|Bacteria,1MVJ8@1224|Proteobacteria,1RN0R@1236|Gammaproteobacteria,1XSJY@135623|Vibrionales	Belongs to the sodium solute symporter (SSF) (TC 2.A.21) family	actP	-	ko:K14393	-	ko00000,ko02000	SSF
3225	GEA52058.1	1205908.AKXW01000007_gene3264	2.29e-107	310.0	2DDDN@1|root,32U19@2|Bacteria,1N1UD@1224|Proteobacteria,1SAT8@1236|Gammaproteobacteria,1XUWT@135623|Vibrionales	-	-	-	-	-	-	-
3225	GEA52059.1	1205908.AKXW01000007_gene3263	0.0	2162.0	COG0591@1|root,COG0642@1|root,COG0784@1|root,COG0591@2|Bacteria,COG0784@2|Bacteria,COG2205@2|Bacteria,1MUY7@1224|Proteobacteria,1RP2U@1236|Gammaproteobacteria,1XUJN@135623|Vibrionales	COG0591 Na proline symporter	-	-	-	-	-	HATPase_c,HisKA,PAS_7,Response_reg
3225	GEA52060.1	1205908.AKXW01000007_gene3262	1.02e-279	765.0	COG0477@1|root,COG2814@2|Bacteria,1MVZI@1224|Proteobacteria,1RPBT@1236|Gammaproteobacteria,1XUPF@135623|Vibrionales	of the major facilitator superfamily	hcaT	-	ko:K05820	-	ko00000,ko02000	MFS_1_like
3225	GEA52061.1	1205908.AKXW01000007_gene3261	0.0	1140.0	COG2905@1|root,COG2905@2|Bacteria,1MW8U@1224|Proteobacteria,1RPSJ@1236|Gammaproteobacteria,1XTQS@135623|Vibrionales	containing cAMP-binding and CBS domains	-	-	ko:K07182	-	ko00000	CBS,DUF294,DUF294_C,cNMP_binding
3225	GEA52062.1	1205908.AKXW01000007_gene3260	1.63e-145	410.0	COG0847@1|root,COG0847@2|Bacteria,1P0GY@1224|Proteobacteria,1S6UR@1236|Gammaproteobacteria,1XTD3@135623|Vibrionales	DNA polymerase III, epsilon subunit	-	-	ko:K02342	ko00230,ko00240,ko01100,ko03030,ko03430,ko03440,map00230,map00240,map01100,map03030,map03430,map03440	ko00000,ko00001,ko00002,ko01000,ko03032,ko03400	RNase_T
3225	GEA52063.1	1205908.AKXW01000007_gene3259	0.0	1322.0	COG0365@1|root,COG0365@2|Bacteria,1MUF5@1224|Proteobacteria,1RMNZ@1236|Gammaproteobacteria,1XUS0@135623|Vibrionales	Catalyzes the conversion of acetate into acetyl-CoA (AcCoA), an essential intermediate at the junction of anabolic and catabolic pathways. AcsA undergoes a two-step reaction. In the first half reaction, AcsA combines acetate with ATP to form acetyl-adenylate (AcAMP) intermediate. In the second half reaction, it can then transfer the acetyl group from AcAMP to the sulfhydryl group of CoA, forming the product AcCoA	acsA	GO:0003674,GO:0003824,GO:0003987,GO:0006082,GO:0006083,GO:0006084,GO:0006085,GO:0006139,GO:0006163,GO:0006164,GO:0006637,GO:0006725,GO:0006732,GO:0006753,GO:0006790,GO:0006793,GO:0006796,GO:0006807,GO:0008150,GO:0008152,GO:0009058,GO:0009108,GO:0009117,GO:0009150,GO:0009152,GO:0009165,GO:0009259,GO:0009260,GO:0009987,GO:0016405,GO:0016874,GO:0016877,GO:0016878,GO:0016999,GO:0017144,GO:0018130,GO:0019427,GO:0019438,GO:0019637,GO:0019693,GO:0019752,GO:0032787,GO:0033865,GO:0033866,GO:0033875,GO:0034030,GO:0034032,GO:0034033,GO:0034641,GO:0034654,GO:0035383,GO:0035384,GO:0043436,GO:0043603,GO:0043604,GO:0044237,GO:0044238,GO:0044249,GO:0044271,GO:0044272,GO:0044281,GO:0046390,GO:0046483,GO:0051186,GO:0051188,GO:0055086,GO:0071616,GO:0071704,GO:0072521,GO:0072522,GO:0090407,GO:1901135,GO:1901137,GO:1901293,GO:1901360,GO:1901362,GO:1901564,GO:1901566,GO:1901576	ko:K01895	ko00010,ko00620,ko00640,ko00680,ko00720,ko01100,ko01110,ko01120,ko01130,ko01200,map00010,map00620,map00640,map00680,map00720,map01100,map01110,map01120,map01130,map01200	ko00000,ko00001,ko00002,ko01000,ko01004	ACAS_N,AMP-binding,AMP-binding_C
3225	GEA52064.1	1205908.AKXW01000007_gene3258	2.63e-96	281.0	COG0757@1|root,COG0757@2|Bacteria,1RDDT@1224|Proteobacteria,1S3PX@1236|Gammaproteobacteria,1XWVA@135623|Vibrionales	Catalyzes a trans-dehydration via an enolate intermediate	aroQ	GO:0003674,GO:0003824,GO:0003855,GO:0006082,GO:0008150,GO:0008152,GO:0009058,GO:0009423,GO:0009987,GO:0016053,GO:0016829,GO:0016835,GO:0016836,GO:0019752,GO:0043436,GO:0043648,GO:0043650,GO:0044237,GO:0044249,GO:0044281,GO:0044283,GO:0046394,GO:0046417,GO:0071704,GO:1901576	ko:K03786	ko00400,ko01100,ko01110,ko01130,ko01230,map00400,map01100,map01110,map01130,map01230	ko00000,ko00001,ko00002,ko01000	DHquinase_II
3225	GEA52065.1	1205908.AKXW01000007_gene3257	8.28e-83	247.0	COG0511@1|root,COG0511@2|Bacteria,1RCXA@1224|Proteobacteria,1S3YP@1236|Gammaproteobacteria,1XWV0@135623|Vibrionales	first, biotin carboxylase catalyzes the carboxylation of the carrier protein and then the transcarboxylase transfers the carboxyl group to form malonyl-CoA	accB	-	ko:K02160	ko00061,ko00620,ko00640,ko00720,ko01100,ko01110,ko01120,ko01130,ko01200,ko01212,map00061,map00620,map00640,map00720,map01100,map01110,map01120,map01130,map01200,map01212	ko00000,ko00001,ko00002	Biotin_lipoyl
3225	GEA52066.1	1205908.AKXW01000007_gene3256	0.0	898.0	COG0439@1|root,COG0439@2|Bacteria,1MU4H@1224|Proteobacteria,1RMNB@1236|Gammaproteobacteria,1XSFE@135623|Vibrionales	Biotin carboxylase	accC	-	ko:K01961	ko00061,ko00620,ko00640,ko00720,ko01100,ko01110,ko01120,ko01130,ko01200,ko01212,map00061,map00620,map00640,map00720,map01100,map01110,map01120,map01130,map01200,map01212	ko00000,ko00001,ko00002,ko01000	Biotin_carb_C,Biotin_carb_N,CPSase_L_D2
3225	GEA52067.1	1205908.AKXW01000007_gene3255	4.57e-213	588.0	COG2264@1|root,COG2264@2|Bacteria,1MUPC@1224|Proteobacteria,1RNAR@1236|Gammaproteobacteria,1XTMC@135623|Vibrionales	Methylates ribosomal protein L11	prmA	-	ko:K02687	-	ko00000,ko01000,ko03009	PrmA
3225	GEA52068.1	1205908.AKXW01000007_gene3254	5.39e-221	609.0	COG0042@1|root,COG0042@2|Bacteria,1MV5V@1224|Proteobacteria,1RMJP@1236|Gammaproteobacteria,1XV75@135623|Vibrionales	Catalyzes the synthesis of 5,6-dihydrouridine (D), a modified base found in the D-loop of most tRNAs, via the reduction of the C5-C6 double bond in target uridines	dusB	-	ko:K05540	-	ko00000,ko01000,ko03016	Dus
3225	GEA52069.1	1205908.AKXW01000007_gene3253	2.97e-60	186.0	COG2901@1|root,COG2901@2|Bacteria,1N7MJ@1224|Proteobacteria,1SD35@1236|Gammaproteobacteria,1XXSR@135623|Vibrionales	Activates ribosomal RNA transcription. Plays a direct role in upstream activation of rRNA promoters	fis	GO:0000229,GO:0000785,GO:0000786,GO:0000787,GO:0000789,GO:0003674,GO:0003700,GO:0005575,GO:0005622,GO:0005623,GO:0005694,GO:0005737,GO:0006355,GO:0008150,GO:0009889,GO:0010468,GO:0010556,GO:0019219,GO:0019222,GO:0031323,GO:0031326,GO:0032991,GO:0032993,GO:0043226,GO:0043228,GO:0043229,GO:0043232,GO:0044422,GO:0044424,GO:0044427,GO:0044444,GO:0044446,GO:0044464,GO:0044815,GO:0050789,GO:0050794,GO:0051171,GO:0051252,GO:0060255,GO:0065007,GO:0080090,GO:0140110,GO:1903506,GO:2000112,GO:2001141	ko:K03557	ko05111,map05111	ko00000,ko00001,ko03000,ko03036,ko03400	HTH_8
3225	GEA52070.1	1205908.AKXW01000007_gene3252	1.04e-194	541.0	COG0697@1|root,COG0697@2|Bacteria,1MVGC@1224|Proteobacteria,1RMXB@1236|Gammaproteobacteria,1XT7G@135623|Vibrionales	of the drug metabolite transporter (DMT) superfamily	yddG	-	-	-	-	EamA
3225	GEA52071.1	1219080.VEZ01S_45_00670	4.61e-104	312.0	COG0701@1|root,COG0701@2|Bacteria,1MUN8@1224|Proteobacteria,1RSPM@1236|Gammaproteobacteria,1XSCM@135623|Vibrionales	Predicted permease	-	-	ko:K07089	-	ko00000	ArsP_1
3225	GEA52073.1	1219072.VHA01S_071_00090	1.12e-78	236.0	COG0789@1|root,COG0789@2|Bacteria,1MZ3P@1224|Proteobacteria,1SA5G@1236|Gammaproteobacteria,1Y2TN@135623|Vibrionales	MerR, DNA binding	zntR	-	ko:K13638	-	ko00000,ko03000	MerR,MerR-DNA-bind,MerR_1
3225	GEA52074.1	1205908.AKXW01000007_gene3249	0.0	1028.0	COG0138@1|root,COG0138@2|Bacteria,1MUDQ@1224|Proteobacteria,1RMWS@1236|Gammaproteobacteria,1XTI6@135623|Vibrionales	bifunctional purine biosynthesis protein purh	purH	GO:0003674,GO:0003824,GO:0004643,GO:0006139,GO:0006163,GO:0006164,GO:0006725,GO:0006753,GO:0006793,GO:0006796,GO:0006807,GO:0008150,GO:0008152,GO:0009058,GO:0009117,GO:0009150,GO:0009152,GO:0009165,GO:0009259,GO:0009260,GO:0009987,GO:0016740,GO:0016741,GO:0016742,GO:0018130,GO:0019438,GO:0019637,GO:0019693,GO:0034641,GO:0034654,GO:0044237,GO:0044238,GO:0044249,GO:0044271,GO:0044281,GO:0046390,GO:0046483,GO:0055086,GO:0071704,GO:0072521,GO:0072522,GO:0090407,GO:1901135,GO:1901137,GO:1901293,GO:1901360,GO:1901362,GO:1901564,GO:1901566,GO:1901576	ko:K00602	ko00230,ko00670,ko01100,ko01110,ko01130,ko01523,map00230,map00670,map01100,map01110,map01130,map01523	ko00000,ko00001,ko00002,ko01000,ko04147	AICARFT_IMPCHas,MGS
3225	GEA52075.1	1205908.AKXW01000007_gene3248	5.68e-297	811.0	COG0151@1|root,COG0151@2|Bacteria,1MUAH@1224|Proteobacteria,1RNS4@1236|Gammaproteobacteria,1XT9Q@135623|Vibrionales	Belongs to the GARS family	purD	GO:0003674,GO:0003824,GO:0004637,GO:0006139,GO:0006163,GO:0006164,GO:0006725,GO:0006753,GO:0006793,GO:0006796,GO:0006807,GO:0008150,GO:0008152,GO:0009058,GO:0009117,GO:0009150,GO:0009152,GO:0009165,GO:0009259,GO:0009260,GO:0009987,GO:0016874,GO:0016879,GO:0018130,GO:0019438,GO:0019637,GO:0019693,GO:0034641,GO:0034654,GO:0044237,GO:0044238,GO:0044249,GO:0044271,GO:0044281,GO:0046390,GO:0046483,GO:0055086,GO:0071704,GO:0072521,GO:0072522,GO:0090407,GO:1901135,GO:1901137,GO:1901293,GO:1901360,GO:1901362,GO:1901564,GO:1901566,GO:1901576	ko:K01945	ko00230,ko01100,ko01110,ko01130,map00230,map01100,map01110,map01130	ko00000,ko00001,ko00002,ko01000	GARS_A,GARS_C,GARS_N
3225	GEA52076.1	675814.VIC_002752	3.46e-27	113.0	2AWQ2@1|root,31NKZ@2|Bacteria,1QKBK@1224|Proteobacteria,1TIF1@1236|Gammaproteobacteria,1XZ0J@135623|Vibrionales	Helix-turn-helix XRE-family like proteins	-	-	-	-	-	HTH_3
3225	GEA52077.1	1205908.AKXW01000007_gene3246	1.59e-73	221.0	COG2207@1|root,COG2207@2|Bacteria,1N1CY@1224|Proteobacteria,1SBMK@1236|Gammaproteobacteria,1Y2SY@135623|Vibrionales	helix_turn_helix, arabinose operon control protein	-	-	-	-	-	HTH_18,HTH_AraC,Response_reg,Sigma54_activ_2
3225	GEA52078.1	1205908.AKXW01000007_gene3245	4.58e-151	426.0	28HWS@1|root,2Z82N@2|Bacteria,1QFI0@1224|Proteobacteria,1RPY5@1236|Gammaproteobacteria,1XTX1@135623|Vibrionales	Protein of unknown function (DUF1481)	atpB	-	-	-	-	DUF1481
3225	GEA52079.1	1205908.AKXW01000007_gene3244	4.26e-54	169.0	COG0776@1|root,COG0776@2|Bacteria,1MZ5B@1224|Proteobacteria,1S8VH@1236|Gammaproteobacteria,1XXVI@135623|Vibrionales	Histone-like DNA-binding protein which is capable of wrapping DNA to stabilize it, and thus to prevent its denaturation under extreme environmental conditions	hupA	GO:0003674,GO:0003676,GO:0003677,GO:0005488,GO:0005575,GO:0005622,GO:0005623,GO:0005694,GO:0005737,GO:0005829,GO:0006323,GO:0006996,GO:0008150,GO:0009889,GO:0009987,GO:0010556,GO:0016043,GO:0019219,GO:0019222,GO:0031323,GO:0031326,GO:0043226,GO:0043228,GO:0043229,GO:0043232,GO:0044424,GO:0044444,GO:0044464,GO:0050789,GO:0050794,GO:0051171,GO:0051252,GO:0051276,GO:0060255,GO:0065007,GO:0071103,GO:0071840,GO:0080090,GO:0097159,GO:1901363,GO:1903506,GO:2001141	ko:K05787	-	ko00000,ko03032,ko03036,ko03400	Bac_DNA_binding
3225	GEA52080.1	1205908.AKXW01000007_gene3243	2.99e-235	650.0	COG1253@1|root,COG1253@2|Bacteria,1MWT3@1224|Proteobacteria,1RQBC@1236|Gammaproteobacteria,1XT75@135623|Vibrionales	COG1253 Hemolysins and related proteins containing CBS domains	-	-	-	-	-	CBS,DUF21
3225	GEA52081.1	1205908.AKXW01000007_gene3242	7.01e-135	382.0	COG3068@1|root,COG3068@2|Bacteria,1MWSN@1224|Proteobacteria,1RQDG@1236|Gammaproteobacteria,1XT50@135623|Vibrionales	protein conserved in bacteria	-	-	ko:K09891	-	ko00000	DUF416
3225	GEA52082.1	1205908.AKXW01000007_gene3241	1.33e-202	563.0	COG0111@1|root,COG0111@2|Bacteria,1MW1U@1224|Proteobacteria,1RRQE@1236|Gammaproteobacteria,1XT3B@135623|Vibrionales	COG0111 Phosphoglycerate dehydrogenase and related dehydrogenases	-	-	-	-	-	2-Hacid_dh_C
3225	GEA52083.1	1205908.AKXW01000007_gene3240	2.14e-147	415.0	COG0461@1|root,COG0461@2|Bacteria,1MW6F@1224|Proteobacteria,1RQYG@1236|Gammaproteobacteria,1XT4F@135623|Vibrionales	Catalyzes the transfer of a ribosyl phosphate group from 5-phosphoribose 1-diphosphate to orotate, leading to the formation of orotidine monophosphate (OMP)	pyrE	GO:0003674,GO:0003824,GO:0004588,GO:0006139,GO:0006220,GO:0006221,GO:0006725,GO:0006753,GO:0006793,GO:0006796,GO:0006807,GO:0008150,GO:0008152,GO:0009058,GO:0009117,GO:0009165,GO:0009218,GO:0009220,GO:0009259,GO:0009260,GO:0009987,GO:0016740,GO:0016757,GO:0016763,GO:0018130,GO:0019438,GO:0019637,GO:0019693,GO:0034641,GO:0034654,GO:0044237,GO:0044238,GO:0044249,GO:0044271,GO:0044281,GO:0046390,GO:0046483,GO:0055086,GO:0071704,GO:0072527,GO:0072528,GO:0090407,GO:1901135,GO:1901137,GO:1901293,GO:1901360,GO:1901362,GO:1901564,GO:1901566,GO:1901576	ko:K00762	ko00240,ko01100,map00240,map01100	ko00000,ko00001,ko00002,ko01000	Pribosyltran
3225	GEA52084.1	1205908.AKXW01000007_gene3239	1.18e-161	453.0	COG0689@1|root,COG0689@2|Bacteria,1MVFZ@1224|Proteobacteria,1RNTB@1236|Gammaproteobacteria,1XU74@135623|Vibrionales	Phosphorolytic exoribonuclease that removes nucleotide residues following the -CCA terminus of tRNA and adds nucleotides to the ends of RNA molecules by using nucleoside diphosphates as substrates	rph	GO:0003674,GO:0003824,GO:0004518,GO:0004540,GO:0006139,GO:0006396,GO:0006399,GO:0006401,GO:0006725,GO:0006807,GO:0008033,GO:0008150,GO:0008152,GO:0009056,GO:0009057,GO:0009987,GO:0010467,GO:0016070,GO:0016072,GO:0016075,GO:0016787,GO:0016788,GO:0019439,GO:0034470,GO:0034641,GO:0034655,GO:0034660,GO:0034661,GO:0043170,GO:0044237,GO:0044238,GO:0044248,GO:0044260,GO:0044265,GO:0044270,GO:0046483,GO:0046700,GO:0071704,GO:0090304,GO:0090305,GO:0090501,GO:0140098,GO:1901360,GO:1901361,GO:1901575	ko:K00989	-	ko00000,ko01000,ko03016	RNase_PH,RNase_PH_C
3225	GEA52085.1	1205908.AKXW01000007_gene3238	5.03e-197	547.0	COG1561@1|root,COG1561@2|Bacteria,1MWRA@1224|Proteobacteria,1RMAB@1236|Gammaproteobacteria,1XSZ4@135623|Vibrionales	stress-induced protein	yicC	-	-	-	-	DUF1732,YicC_N
3225	GEA52086.1	1219072.VHA01S_038_00380	9.7e-56	178.0	2AX8C@1|root,31P3U@2|Bacteria,1QKSY@1224|Proteobacteria,1TIXW@1236|Gammaproteobacteria,1XZYT@135623|Vibrionales	-	-	-	-	-	-	-
3225	GEA52087.1	1205908.AKXW01000007_gene3237	0.0	2430.0	COG3209@1|root,COG3209@2|Bacteria,1MVV1@1224|Proteobacteria,1SKYM@1236|Gammaproteobacteria,1XW76@135623|Vibrionales	COG3209 Rhs family protein	-	-	-	-	-	RHS_repeat
3225	GEA52088.1	1205908.AKXW01000007_gene3236	6.17e-144	406.0	COG0194@1|root,COG0194@2|Bacteria,1MW92@1224|Proteobacteria,1RN09@1236|Gammaproteobacteria,1XSI2@135623|Vibrionales	Essential for recycling GMP and indirectly, cGMP	gmk	GO:0003674,GO:0003824,GO:0004385,GO:0005575,GO:0005622,GO:0005623,GO:0005737,GO:0005829,GO:0006139,GO:0006163,GO:0006725,GO:0006753,GO:0006793,GO:0006796,GO:0006807,GO:0008150,GO:0008152,GO:0009058,GO:0009116,GO:0009117,GO:0009119,GO:0009123,GO:0009126,GO:0009132,GO:0009135,GO:0009150,GO:0009161,GO:0009165,GO:0009167,GO:0009179,GO:0009185,GO:0009259,GO:0009987,GO:0015949,GO:0016301,GO:0016310,GO:0016740,GO:0016772,GO:0016776,GO:0018130,GO:0019205,GO:0019438,GO:0019637,GO:0019693,GO:0034641,GO:0034654,GO:0042278,GO:0044237,GO:0044238,GO:0044249,GO:0044271,GO:0044281,GO:0044424,GO:0044444,GO:0044464,GO:0046037,GO:0046128,GO:0046483,GO:0046710,GO:0046940,GO:0050145,GO:0055086,GO:0071704,GO:0072521,GO:0090407,GO:1901068,GO:1901135,GO:1901293,GO:1901360,GO:1901362,GO:1901564,GO:1901576,GO:1901657	ko:K00942	ko00230,ko01100,map00230,map01100	ko00000,ko00001,ko00002,ko01000	Guanylate_kin
3225	GEA52089.1	1205908.AKXW01000007_gene3235	2.89e-43	142.0	COG1758@1|root,COG1758@2|Bacteria,1N6TX@1224|Proteobacteria,1SCSR@1236|Gammaproteobacteria,1XXX9@135623|Vibrionales	Promotes RNA polymerase assembly. Latches the N- and C- terminal regions of the beta' subunit thereby facilitating its interaction with the beta and alpha subunits	rpoZ	GO:0003674,GO:0003824,GO:0003899,GO:0006139,GO:0006351,GO:0006725,GO:0006807,GO:0008150,GO:0008152,GO:0009058,GO:0009059,GO:0009987,GO:0010467,GO:0016070,GO:0016740,GO:0016772,GO:0016779,GO:0018130,GO:0019438,GO:0032774,GO:0034062,GO:0034641,GO:0034645,GO:0034654,GO:0043170,GO:0044237,GO:0044238,GO:0044249,GO:0044260,GO:0044271,GO:0046483,GO:0071704,GO:0090304,GO:0097659,GO:0097747,GO:0140098,GO:1901360,GO:1901362,GO:1901576	ko:K03060	ko00230,ko00240,ko01100,ko03020,map00230,map00240,map01100,map03020	br01611,ko00000,ko00001,ko00002,ko01000,ko03021,ko03400	RNA_pol_Rpb6
3225	GEA52090.1	1205908.AKXW01000007_gene3234	0.0	1361.0	COG0317@1|root,COG0317@2|Bacteria,1MU44@1224|Proteobacteria,1RN3H@1236|Gammaproteobacteria,1XSS0@135623|Vibrionales	In eubacteria ppGpp (guanosine 3'-diphosphate 5-' diphosphate) is a mediator of the stringent response that coordinates a variety of cellular activities in response to changes in nutritional abundance	spoT	GO:0003674,GO:0003824,GO:0005575,GO:0005618,GO:0005623,GO:0005886,GO:0006139,GO:0006163,GO:0006725,GO:0006753,GO:0006793,GO:0006796,GO:0006807,GO:0006950,GO:0007154,GO:0008150,GO:0008152,GO:0008728,GO:0008893,GO:0009116,GO:0009117,GO:0009119,GO:0009150,GO:0009259,GO:0009267,GO:0009605,GO:0009987,GO:0009991,GO:0015969,GO:0016020,GO:0016740,GO:0016772,GO:0016778,GO:0016787,GO:0016788,GO:0016794,GO:0019637,GO:0019693,GO:0030312,GO:0031667,GO:0031668,GO:0031669,GO:0033554,GO:0033865,GO:0033875,GO:0034032,GO:0034035,GO:0034641,GO:0042278,GO:0042578,GO:0042594,GO:0044237,GO:0044238,GO:0044281,GO:0044464,GO:0046128,GO:0046483,GO:0050896,GO:0051716,GO:0055086,GO:0071496,GO:0071704,GO:0071944,GO:0072521,GO:1901068,GO:1901135,GO:1901360,GO:1901564,GO:1901657	ko:K01139	ko00230,map00230	ko00000,ko00001,ko01000,ko03009	ACT_4,HD_4,RelA_SpoT,TGS
3225	GEA52091.1	1205908.AKXW01000007_gene3233	2.2e-152	429.0	COG0566@1|root,COG0566@2|Bacteria,1MWBE@1224|Proteobacteria,1RMPR@1236|Gammaproteobacteria,1XSPQ@135623|Vibrionales	Catalyzes the 2'-O methylation of guanosine at position 18 in tRNA	trmH	-	ko:K00556	-	ko00000,ko01000,ko03016	SpoU_methylas_C,SpoU_methylase
3225	GEA52092.1	1205908.AKXW01000007_gene3232	2.14e-157	441.0	COG2003@1|root,COG2003@2|Bacteria,1MXZ5@1224|Proteobacteria,1RP86@1236|Gammaproteobacteria,1XTU6@135623|Vibrionales	Belongs to the UPF0758 family	radC	GO:0006139,GO:0006259,GO:0006281,GO:0006725,GO:0006807,GO:0006950,GO:0006974,GO:0008150,GO:0008152,GO:0009987,GO:0033554,GO:0034641,GO:0043170,GO:0044237,GO:0044238,GO:0044260,GO:0046483,GO:0050896,GO:0051716,GO:0071704,GO:0090304,GO:1901360	ko:K03630	-	ko00000	RadC
3225	GEA52093.1	1205908.AKXW01000007_gene3231	1.18e-273	750.0	COG0452@1|root,COG0452@2|Bacteria,1MVQP@1224|Proteobacteria,1RMKQ@1236|Gammaproteobacteria,1XT15@135623|Vibrionales	Catalyzes two steps in the biosynthesis of coenzyme A. In the first step cysteine is conjugated to 4'-phosphopantothenate to form 4-phosphopantothenoylcysteine, in the latter compound is decarboxylated to form 4'-phosphopantotheine	coaBC	-	ko:K13038	ko00770,ko01100,map00770,map01100	ko00000,ko00001,ko00002,ko01000	DFP,Flavoprotein
3225	GEA52094.1	1205908.AKXW01000007_gene3230	1.2e-100	292.0	COG0756@1|root,COG0756@2|Bacteria,1RA7P@1224|Proteobacteria,1S233@1236|Gammaproteobacteria,1XWXN@135623|Vibrionales	This enzyme is involved in nucleotide metabolism it produces dUMP, the immediate precursor of thymidine nucleotides and it decreases the intracellular concentration of dUTP so that uracil cannot be incorporated into DNA	dut	-	ko:K01520	ko00240,ko00983,ko01100,map00240,map00983,map01100	ko00000,ko00001,ko00002,ko01000,ko03400	dUTPase
3225	GEA52095.1	1205908.AKXW01000007_gene3229	8.14e-130	369.0	COG1309@1|root,COG1309@2|Bacteria,1MWF7@1224|Proteobacteria,1RPZ6@1236|Gammaproteobacteria,1XTMS@135623|Vibrionales	Required for nucleoid occlusion (NO) phenomenon, which prevents Z-ring formation and cell division over the nucleoid. Acts as a DNA-associated cell division inhibitor that binds simultaneously chromosomal DNA and FtsZ, and disrupts the assembly of FtsZ polymers. SlmA-DNA-binding sequences (SBS) are dispersed on non-Ter regions of the chromosome, preventing FtsZ polymerization at these regions	slmA	GO:0000976,GO:0001067,GO:0003674,GO:0003676,GO:0003677,GO:0003690,GO:0003700,GO:0005488,GO:0005575,GO:0005622,GO:0005623,GO:0005737,GO:0005829,GO:0006355,GO:0008150,GO:0009889,GO:0010468,GO:0010556,GO:0019219,GO:0019222,GO:0031323,GO:0031326,GO:0043565,GO:0044212,GO:0044424,GO:0044444,GO:0044464,GO:0050789,GO:0050794,GO:0051171,GO:0051252,GO:0060255,GO:0065007,GO:0080090,GO:0097159,GO:0140110,GO:1901363,GO:1903506,GO:1990837,GO:2000112,GO:2001141	ko:K05501	-	ko00000,ko03000,ko03036	TetR_N
3225	GEA52096.1	1205908.AKXW01000007_gene3228	2.37e-222	613.0	COG1560@1|root,COG1560@2|Bacteria,1MVNI@1224|Proteobacteria,1RMZ5@1236|Gammaproteobacteria,1XSK3@135623|Vibrionales	Catalyzes the transfer of laurate from lauroyl-acyl carrier protein (ACP) to Kdo(2)-lipid IV(A) to form Kdo(2)- (lauroyl)-lipid IV(A)	lpxL	-	ko:K02517	ko00540,ko01100,map00540,map01100	ko00000,ko00001,ko00002,ko01000,ko01005	Lip_A_acyltrans
3225	GEA52097.1	1205908.AKXW01000073_gene3441	7.47e-233	640.0	COG1560@1|root,COG1560@2|Bacteria,1MVNI@1224|Proteobacteria,1RMZ5@1236|Gammaproteobacteria,1XSK3@135623|Vibrionales	Catalyzes the transfer of laurate from lauroyl-acyl carrier protein (ACP) to Kdo(2)-lipid IV(A) to form Kdo(2)- (lauroyl)-lipid IV(A)	lpxL	-	ko:K02517	ko00540,ko01100,map00540,map01100	ko00000,ko00001,ko00002,ko01000,ko01005	Lip_A_acyltrans
3225	GEA52098.1	1205908.AKXW01000088_gene2170	3.57e-260	712.0	COG0407@1|root,COG0407@2|Bacteria,1MUG1@1224|Proteobacteria,1RMDH@1236|Gammaproteobacteria,1XTP5@135623|Vibrionales	Catalyzes the decarboxylation of four acetate groups of uroporphyrinogen-III to yield coproporphyrinogen-III	hemE	-	ko:K01599	ko00860,ko01100,ko01110,map00860,map01100,map01110	ko00000,ko00001,ko00002,ko01000	URO-D
3225	GEA52099.1	1205908.AKXW01000088_gene2169	6.81e-180	501.0	COG2816@1|root,COG2816@2|Bacteria,1QGCX@1224|Proteobacteria,1RP0Y@1236|Gammaproteobacteria,1XV54@135623|Vibrionales	COG2816 NTP pyrophosphohydrolases containing a Zn-finger, probably nucleic-acid-binding	nudC	GO:0003674,GO:0003824,GO:0006139,GO:0006259,GO:0006281,GO:0006725,GO:0006807,GO:0006950,GO:0006974,GO:0008150,GO:0008152,GO:0009987,GO:0033554,GO:0034641,GO:0043170,GO:0044237,GO:0044238,GO:0044260,GO:0046483,GO:0050896,GO:0051716,GO:0071704,GO:0090304,GO:1901360	ko:K03426	ko00760,ko01100,ko04146,map00760,map01100,map04146	ko00000,ko00001,ko01000	NUDIX,zf-NADH-PPase
3225	GEA52100.1	1205908.AKXW01000088_gene2168	3.09e-107	310.0	COG3160@1|root,COG3160@2|Bacteria,1RHBB@1224|Proteobacteria,1S420@1236|Gammaproteobacteria,1XWY4@135623|Vibrionales	Belongs to the Rsd AlgQ family	rsd	-	ko:K07740	-	ko00000	Rsd_AlgQ
3225	GEA52101.1	1205908.AKXW01000088_gene2167	0.0	2707.0	COG0086@1|root,COG0086@2|Bacteria,1MU3M@1224|Proteobacteria,1RPYH@1236|Gammaproteobacteria,1XTEN@135623|Vibrionales	DNA-dependent RNA polymerase catalyzes the transcription of DNA into RNA using the four ribonucleoside triphosphates as substrates	rpoC	GO:0000428,GO:0003674,GO:0003824,GO:0003899,GO:0005575,GO:0005622,GO:0005623,GO:0006139,GO:0006351,GO:0006725,GO:0006807,GO:0008150,GO:0008152,GO:0009058,GO:0009059,GO:0009987,GO:0010467,GO:0016070,GO:0016740,GO:0016772,GO:0016779,GO:0018130,GO:0019438,GO:0030880,GO:0032774,GO:0032991,GO:0034062,GO:0034641,GO:0034645,GO:0034654,GO:0043170,GO:0044237,GO:0044238,GO:0044249,GO:0044260,GO:0044271,GO:0044424,GO:0044464,GO:0046483,GO:0061695,GO:0071704,GO:0090304,GO:0097659,GO:0097747,GO:0140098,GO:1901360,GO:1901362,GO:1901576,GO:1902494,GO:1990234	ko:K03046	ko00230,ko00240,ko01100,ko03020,map00230,map00240,map01100,map03020	br01611,ko00000,ko00001,ko00002,ko01000,ko03021,ko03400	RNA_pol_Rpb1_1,RNA_pol_Rpb1_2,RNA_pol_Rpb1_3,RNA_pol_Rpb1_4,RNA_pol_Rpb1_5
3225	GEA52102.1	1205908.AKXW01000088_gene2166	0.0	2590.0	COG0085@1|root,COG0085@2|Bacteria,1MUC4@1224|Proteobacteria,1RMK0@1236|Gammaproteobacteria,1XUTX@135623|Vibrionales	DNA-dependent RNA polymerase catalyzes the transcription of DNA into RNA using the four ribonucleoside triphosphates as substrates	rpoB	GO:0000428,GO:0003674,GO:0003824,GO:0003899,GO:0005575,GO:0005622,GO:0005623,GO:0006139,GO:0006351,GO:0006725,GO:0006807,GO:0008150,GO:0008152,GO:0009058,GO:0009059,GO:0009987,GO:0010467,GO:0016070,GO:0016740,GO:0016772,GO:0016779,GO:0018130,GO:0019438,GO:0030880,GO:0032774,GO:0032991,GO:0034062,GO:0034641,GO:0034645,GO:0034654,GO:0043170,GO:0044237,GO:0044238,GO:0044249,GO:0044260,GO:0044271,GO:0044424,GO:0044464,GO:0046483,GO:0061695,GO:0071704,GO:0090304,GO:0097659,GO:0097747,GO:0140098,GO:1901360,GO:1901362,GO:1901576,GO:1902494,GO:1990234	ko:K03043	ko00230,ko00240,ko01100,ko03020,map00230,map00240,map01100,map03020	br01611,ko00000,ko00001,ko00002,ko01000,ko03021,ko03400	RNA_pol_Rpb2_1,RNA_pol_Rpb2_2,RNA_pol_Rpb2_3,RNA_pol_Rpb2_45,RNA_pol_Rpb2_6,RNA_pol_Rpb2_7
3225	GEA52103.1	1205908.AKXW01000088_gene2165	2.12e-55	175.0	COG0222@1|root,COG0222@2|Bacteria,1RGU4@1224|Proteobacteria,1S5V7@1236|Gammaproteobacteria,1XXAI@135623|Vibrionales	Forms part of the ribosomal stalk which helps the ribosome interact with GTP-bound translation factors. Is thus essential for accurate translation	rplL	GO:0003674,GO:0003735,GO:0005198,GO:0005575,GO:0005622,GO:0005623,GO:0005737,GO:0005829,GO:0005840,GO:0006412,GO:0006518,GO:0006807,GO:0008150,GO:0008152,GO:0009058,GO:0009059,GO:0009987,GO:0010467,GO:0015934,GO:0019538,GO:0022625,GO:0022626,GO:0032991,GO:0034641,GO:0034645,GO:0043043,GO:0043170,GO:0043226,GO:0043228,GO:0043229,GO:0043232,GO:0043603,GO:0043604,GO:0044237,GO:0044238,GO:0044249,GO:0044260,GO:0044267,GO:0044271,GO:0044391,GO:0044422,GO:0044424,GO:0044444,GO:0044445,GO:0044446,GO:0044464,GO:0071704,GO:1901564,GO:1901566,GO:1901576,GO:1990904	ko:K02935	ko03010,map03010	br01610,ko00000,ko00001,ko00002,ko03011	Ribosomal_L12,Ribosomal_L12_N
3225	GEA52104.1	1205908.AKXW01000088_gene2164	3.47e-104	302.0	COG0244@1|root,COG0244@2|Bacteria,1RAN5@1224|Proteobacteria,1S286@1236|Gammaproteobacteria,1XTXN@135623|Vibrionales	Forms part of the ribosomal stalk, playing a central role in the interaction of the ribosome with GTP-bound translation factors	rplJ	GO:0003674,GO:0003735,GO:0005198,GO:0005575,GO:0005622,GO:0005623,GO:0005737,GO:0005829,GO:0005840,GO:0006412,GO:0006518,GO:0006807,GO:0008150,GO:0008152,GO:0009058,GO:0009059,GO:0009987,GO:0010467,GO:0015934,GO:0019538,GO:0022625,GO:0022626,GO:0032991,GO:0034641,GO:0034645,GO:0043043,GO:0043170,GO:0043226,GO:0043228,GO:0043229,GO:0043232,GO:0043603,GO:0043604,GO:0044237,GO:0044238,GO:0044249,GO:0044260,GO:0044267,GO:0044271,GO:0044391,GO:0044422,GO:0044424,GO:0044444,GO:0044445,GO:0044446,GO:0044464,GO:0071704,GO:1901564,GO:1901566,GO:1901576,GO:1990904	ko:K02864	ko03010,map03010	br01610,ko00000,ko00001,ko00002,ko03011	Ribosomal_L10
3225	GEA52105.1	1219072.VHA01S_038_00110	6.72e-150	423.0	COG0081@1|root,COG0081@2|Bacteria,1MUE6@1224|Proteobacteria,1RMDW@1236|Gammaproteobacteria,1XSM0@135623|Vibrionales	Binds directly to 23S rRNA. The L1 stalk is quite mobile in the ribosome, and is involved in E site tRNA release	rplA	GO:0000470,GO:0003674,GO:0003676,GO:0003723,GO:0003735,GO:0005198,GO:0005488,GO:0005575,GO:0005622,GO:0005623,GO:0005737,GO:0005829,GO:0005840,GO:0006139,GO:0006364,GO:0006396,GO:0006412,GO:0006518,GO:0006725,GO:0006807,GO:0008150,GO:0008152,GO:0009058,GO:0009059,GO:0009987,GO:0010467,GO:0015934,GO:0016070,GO:0016072,GO:0019538,GO:0022613,GO:0022625,GO:0022626,GO:0032991,GO:0034470,GO:0034641,GO:0034645,GO:0034660,GO:0042254,GO:0042273,GO:0043043,GO:0043170,GO:0043226,GO:0043228,GO:0043229,GO:0043232,GO:0043603,GO:0043604,GO:0044085,GO:0044237,GO:0044238,GO:0044249,GO:0044260,GO:0044267,GO:0044271,GO:0044391,GO:0044422,GO:0044424,GO:0044444,GO:0044445,GO:0044446,GO:0044464,GO:0046483,GO:0071704,GO:0071840,GO:0090304,GO:0097159,GO:1901360,GO:1901363,GO:1901564,GO:1901566,GO:1901576,GO:1990904	ko:K02863	ko03010,map03010	br01610,ko00000,ko00001,ko00002,ko03011	Ribosomal_L1
3225	GEA52106.1	1205908.AKXW01000088_gene2162	1.49e-92	271.0	COG0080@1|root,COG0080@2|Bacteria,1RA2M@1224|Proteobacteria,1S22R@1236|Gammaproteobacteria,1XSSH@135623|Vibrionales	Forms part of the ribosomal stalk which helps the ribosome interact with GTP-bound translation factors	rplK	GO:0000027,GO:0003674,GO:0003676,GO:0003723,GO:0003735,GO:0005198,GO:0005488,GO:0005575,GO:0005622,GO:0005623,GO:0005737,GO:0005829,GO:0005840,GO:0006412,GO:0006518,GO:0006807,GO:0006996,GO:0008150,GO:0008152,GO:0009058,GO:0009059,GO:0009987,GO:0010467,GO:0015934,GO:0016043,GO:0019538,GO:0019843,GO:0022607,GO:0022613,GO:0022618,GO:0022625,GO:0022626,GO:0032991,GO:0034622,GO:0034641,GO:0034645,GO:0042254,GO:0042255,GO:0042273,GO:0043043,GO:0043170,GO:0043226,GO:0043228,GO:0043229,GO:0043232,GO:0043603,GO:0043604,GO:0043933,GO:0044085,GO:0044237,GO:0044238,GO:0044249,GO:0044260,GO:0044267,GO:0044271,GO:0044391,GO:0044422,GO:0044424,GO:0044444,GO:0044445,GO:0044446,GO:0044464,GO:0065003,GO:0070925,GO:0071704,GO:0071826,GO:0071840,GO:0097159,GO:1901363,GO:1901564,GO:1901566,GO:1901576,GO:1990904	ko:K02867	ko03010,map03010	br01610,ko00000,ko00001,ko00002,ko03011	Ribosomal_L11,Ribosomal_L11_N
3225	GEA52107.1	1219080.VEZ01S_46_00070	3.14e-127	362.0	COG0250@1|root,COG0250@2|Bacteria,1MU14@1224|Proteobacteria,1RMW0@1236|Gammaproteobacteria,1XTDF@135623|Vibrionales	Participates in transcription elongation, termination and antitermination	nusG	GO:0005575,GO:0005622,GO:0005623,GO:0005737,GO:0005829,GO:0006139,GO:0006351,GO:0006353,GO:0006355,GO:0006725,GO:0006807,GO:0008150,GO:0008152,GO:0009058,GO:0009059,GO:0009889,GO:0009987,GO:0010467,GO:0010468,GO:0010556,GO:0016070,GO:0018130,GO:0019219,GO:0019222,GO:0019438,GO:0031323,GO:0031326,GO:0032774,GO:0034641,GO:0034645,GO:0034654,GO:0043170,GO:0044237,GO:0044238,GO:0044249,GO:0044260,GO:0044271,GO:0044424,GO:0044444,GO:0044464,GO:0046483,GO:0050789,GO:0050794,GO:0051171,GO:0051252,GO:0060255,GO:0065007,GO:0071704,GO:0080090,GO:0090304,GO:0097659,GO:1901360,GO:1901362,GO:1901576,GO:1903506,GO:2000112,GO:2001141	ko:K02601	-	ko00000,ko03009,ko03021	KOW,NusG
3225	GEA52108.1	1205908.AKXW01000088_gene2160	3.86e-71	215.0	COG0690@1|root,COG0690@2|Bacteria,1RDI9@1224|Proteobacteria,1S3PA@1236|Gammaproteobacteria,1XXD8@135623|Vibrionales	Essential subunit of the Sec protein translocation channel SecYEG. Clamps together the 2 halves of SecY. May contact the channel plug during translocation	secE	GO:0002790,GO:0006810,GO:0008104,GO:0008150,GO:0009306,GO:0009987,GO:0015031,GO:0015833,GO:0032940,GO:0033036,GO:0042886,GO:0045184,GO:0046903,GO:0051179,GO:0051234,GO:0071702,GO:0071705	ko:K03073	ko02024,ko03060,ko03070,map02024,map03060,map03070	ko00000,ko00001,ko00002,ko02044	SecE
3225	GEA52109.1	1205908.AKXW01000077_gene3492	1.37e-292	803.0	COG0168@1|root,COG0168@2|Bacteria,1N412@1224|Proteobacteria,1RR24@1236|Gammaproteobacteria,1XSUX@135623|Vibrionales	COG0168 Trk-type K transport systems, membrane components	ktrB	-	ko:K03498	-	ko00000,ko02000	TrkH
3225	GEA52110.1	1205908.AKXW01000077_gene3491	7.08e-145	409.0	COG0569@1|root,COG0569@2|Bacteria,1N64R@1224|Proteobacteria,1SZZF@1236|Gammaproteobacteria,1XURF@135623|Vibrionales	TrkA-N domain	ktrA	-	ko:K03499	-	ko00000,ko02000	TrkA_C,TrkA_N
3225	GEA52111.1	1205908.AKXW01000077_gene3490	5.14e-128	366.0	COG2176@1|root,COG2176@2|Bacteria,1QUHH@1224|Proteobacteria,1T1Z7@1236|Gammaproteobacteria,1XUWD@135623|Vibrionales	COG2176 DNA polymerase III, alpha subunit (gram-positive type)	-	-	ko:K02342	ko00230,ko00240,ko01100,ko03030,ko03430,ko03440,map00230,map00240,map01100,map03030,map03430,map03440	ko00000,ko00001,ko00002,ko01000,ko03032,ko03400	RNase_T
3225	GEA52112.1	1205908.AKXW01000077_gene3489	7.04e-291	796.0	COG0596@1|root,COG0596@2|Bacteria,1MZ13@1224|Proteobacteria,1RVAM@1236|Gammaproteobacteria,1XTGX@135623|Vibrionales	hydrolases or acyltransferases (alpha beta hydrolase superfamily)	pip	-	-	-	-	Abhydrolase_1
3225	GEA52113.1	1205908.AKXW01000077_gene3488	2.29e-39	133.0	2A4TV@1|root,30TFB@2|Bacteria,1PD96@1224|Proteobacteria,1TJK1@1236|Gammaproteobacteria,1Y1C7@135623|Vibrionales	-	-	-	-	-	-	-
3225	GEA52115.1	1205908.AKXW01000077_gene3487	3.76e-100	293.0	2BN55@1|root,32GS7@2|Bacteria,1R7WY@1224|Proteobacteria,1RQ71@1236|Gammaproteobacteria,1XU9A@135623|Vibrionales	-	-	-	-	-	-	-
3225	GEA52117.1	617140.AJZE01000105_gene378	3.85e-154	447.0	COG1482@1|root,COG1482@2|Bacteria,1MUD8@1224|Proteobacteria,1RQX8@1236|Gammaproteobacteria,1XUUE@135623|Vibrionales	COG1482 Phosphomannose isomerase	-	-	ko:K01809	ko00051,ko00520,ko01100,ko01110,ko01130,map00051,map00520,map01100,map01110,map01130	ko00000,ko00001,ko00002,ko01000	PMI_typeI
3225	GEA52118.1	1120988.AXWV01000081_gene462	1.86e-85	271.0	COG1609@1|root,COG1609@2|Bacteria,1RAQR@1224|Proteobacteria,1SZUX@1236|Gammaproteobacteria	Transcriptional regulator, LacI family	-	-	-	-	-	LacI,Peripla_BP_3
3225	GEA52119.1	500640.CIT292_08114	2.88e-55	185.0	COG1452@1|root,COG1452@2|Bacteria,1R4ZS@1224|Proteobacteria,1RQHC@1236|Gammaproteobacteria	Outer membrane channel protein that allows an efficient diffusion of low-molecular-weight solutes such as small sugars and tetraglycine. However, the specific substrate recognized by the OmpL channel is	-	-	ko:K22110	-	ko00000,ko02000	KdgM
3225	GEA52120.1	1249997.JHZW01000003_gene3457	3.98e-115	378.0	28I1E@1|root,2Z862@2|Bacteria,4NGDW@976|Bacteroidetes,1IEHW@117743|Flavobacteriia,2PIKW@252356|Maribacter	Heparinase II/III-like protein	-	-	-	-	-	Hepar_II_III
3225	GEA52121.1	1205908.AKXW01000077_gene3476	1.39e-166	478.0	COG4225@1|root,COG4225@2|Bacteria,1NQTS@1224|Proteobacteria,1RRKB@1236|Gammaproteobacteria,1XUQ8@135623|Vibrionales	Glycosyl Hydrolase Family 88	-	-	ko:K18581	-	ko00000,ko01000	Glyco_hydro_88
3225	GEA52122.1	1224318.DT73_03595	3.03e-102	310.0	COG1638@1|root,COG1638@2|Bacteria,1MVHC@1224|Proteobacteria,1RR72@1236|Gammaproteobacteria	COG1638 TRAP-type C4-dicarboxylate transport system, periplasmic component	-	-	ko:K21395	-	ko00000,ko02000	DctP
3225	GEA52123.1	675806.VII_000052	2.69e-205	592.0	COG1593@1|root,COG1593@2|Bacteria,1MU0F@1224|Proteobacteria,1RNAM@1236|Gammaproteobacteria,1XTIW@135623|Vibrionales	TRAP-type C4-dicarboxylate transport system, large permease component	-	-	-	-	-	DctM
3225	GEA52124.1	243277.VC_0270	5.18e-115	341.0	COG1940@1|root,COG1940@2|Bacteria,1MU94@1224|Proteobacteria,1RQ3P@1236|Gammaproteobacteria,1XWRQ@135623|Vibrionales	Glucokinase	mak	-	ko:K00847	ko00051,ko00500,ko00520,ko01100,map00051,map00500,map00520,map01100	ko00000,ko00001,ko01000	ROK
3225	GEA52125.1	1219072.VHA01S_008_00780	1.1e-154	436.0	COG1741@1|root,COG1741@2|Bacteria,1MWIP@1224|Proteobacteria,1RNVM@1236|Gammaproteobacteria,1XU4P@135623|Vibrionales	Belongs to the pirin family	-	-	ko:K06911	-	ko00000	Pirin,Pirin_C
3225	GEA52126.1	1219072.VHA01S_008_00790	3.84e-82	245.0	COG2259@1|root,COG2259@2|Bacteria,1RDYW@1224|Proteobacteria,1S3RT@1236|Gammaproteobacteria,1XX1H@135623|Vibrionales	TQO small subunit DoxD	-	-	ko:K15977	-	ko00000	DoxX
3225	GEA52127.1	1219072.VHA01S_008_00800	3.05e-175	493.0	COG0583@1|root,COG0583@2|Bacteria,1MZTA@1224|Proteobacteria,1RN7R@1236|Gammaproteobacteria,1XSKB@135623|Vibrionales	Transcriptional regulator	-	-	-	-	-	HTH_1,LysR_substrate
3225	GEA52128.1	1136163.M565_ctg5P1123	3.44e-97	285.0	COG0789@1|root,COG0789@2|Bacteria,1MWN0@1224|Proteobacteria,1RQA6@1236|Gammaproteobacteria,1XWH5@135623|Vibrionales	helix_turn_helix, mercury resistance	-	-	-	-	-	MerR_1
3225	GEA52129.1	1136163.M565_ctg5P1124	2.67e-133	384.0	COG0697@1|root,COG0697@2|Bacteria,1MZXM@1224|Proteobacteria,1S0RM@1236|Gammaproteobacteria,1XWR9@135623|Vibrionales	EamA-like transporter family	-	-	-	-	-	EamA
3225	GEA52130.1	1205908.AKXW01000077_gene3470	1.1e-165	463.0	COG0437@1|root,COG0437@2|Bacteria,1N9WY@1224|Proteobacteria,1RNHT@1236|Gammaproteobacteria,1XUAQ@135623|Vibrionales	Quinol dehydrogenase	napG	-	ko:K02573	-	ko00000	Fer4_4,Fer4_7
3225	GEA52131.1	1205908.AKXW01000077_gene3469	2.97e-212	586.0	COG0348@1|root,COG0348@2|Bacteria,1MWR5@1224|Proteobacteria,1RQ1I@1236|Gammaproteobacteria,1XTU5@135623|Vibrionales	Quinol dehydrogenase	napH	-	ko:K02574	-	ko00000	Fer4_5,Fer4_6,Fer4_9
3225	GEA52132.1	1085623.GNIT_2035	2.37e-05	48.9	2C0Y0@1|root,331YM@2|Bacteria,1NE0V@1224|Proteobacteria,1T09N@1236|Gammaproteobacteria,46D0I@72275|Alteromonadaceae	Protein of unknown function (DUF3429)	-	-	-	-	-	DUF3429
3225	GEA52133.1	1205908.AKXW01000077_gene3467	1.03e-139	397.0	COG1136@1|root,COG1136@2|Bacteria,1NCFC@1224|Proteobacteria,1SKIN@1236|Gammaproteobacteria,1XUH9@135623|Vibrionales	ABC-type antimicrobial peptide transport system, ATPase component	-	-	ko:K02003	-	ko00000,ko00002,ko02000	ABC_tran
3225	GEA52134.1	1205908.AKXW01000077_gene3466	0.0	1351.0	COG0577@1|root,COG4591@1|root,COG0577@2|Bacteria,COG4591@2|Bacteria,1MVCT@1224|Proteobacteria,1RNP1@1236|Gammaproteobacteria,1XT2U@135623|Vibrionales	ABC-type antimicrobial peptide transport system, permease component	-	-	ko:K02004	-	ko00000,ko00002,ko02000	FtsX,MacB_PCD
3225	GEA52135.1	1205908.AKXW01000077_gene3465	3.75e-229	634.0	COG5621@1|root,COG5621@2|Bacteria,1MUVF@1224|Proteobacteria,1RZ65@1236|Gammaproteobacteria,1XTRT@135623|Vibrionales	secreted hydrolase	-	-	-	-	-	CrtC,Lipocalin_9
3225	GEA52136.1	1205908.AKXW01000077_gene3464	6.4e-90	269.0	COG4520@1|root,COG4520@2|Bacteria,1NCWZ@1224|Proteobacteria,1SIVR@1236|Gammaproteobacteria,1XTHI@135623|Vibrionales	surface antigen	-	-	-	-	-	-
3225	GEA52137.1	1205908.AKXW01000077_gene3463	3.26e-254	699.0	COG0842@1|root,COG0842@2|Bacteria,1R4QG@1224|Proteobacteria,1RTXK@1236|Gammaproteobacteria,1XTRK@135623|Vibrionales	ABC-type multidrug transport system, permease component	-	-	ko:K01992	-	ko00000,ko00002,ko02000	ABC2_membrane_3
3225	GEA52138.1	1205908.AKXW01000077_gene3462	5.19e-254	699.0	COG0842@1|root,COG0842@2|Bacteria,1MXKS@1224|Proteobacteria,1S2NW@1236|Gammaproteobacteria,1XT6T@135623|Vibrionales	ABC-type multidrug transport system, permease component	-	-	ko:K01992	-	ko00000,ko00002,ko02000	ABC2_membrane_3
3225	GEA52139.1	1205908.AKXW01000077_gene3461	2.81e-213	591.0	COG1566@1|root,COG1566@2|Bacteria,1MXZV@1224|Proteobacteria,1S2IJ@1236|Gammaproteobacteria,1XTS4@135623|Vibrionales	COG0845 Membrane-fusion protein	-	-	ko:K01993	-	ko00000	Biotin_lipoyl_2,HlyD_3,HlyD_D23
3225	GEA52140.1	1205908.AKXW01000077_gene3460	3.65e-286	788.0	COG1538@1|root,COG1538@2|Bacteria,1R96K@1224|Proteobacteria,1SYID@1236|Gammaproteobacteria,1XT6F@135623|Vibrionales	COG1538 Outer membrane protein	-	-	-	-	-	OEP
3225	GEA52141.1	1280001.BAOA01000026_gene5051	1.94e-25	106.0	2FAWX@1|root,3433W@2|Bacteria,1NYN9@1224|Proteobacteria,1SQM2@1236|Gammaproteobacteria,1XXE5@135623|Vibrionales	-	-	-	-	-	-	-
3225	GEA52143.1	1205908.AKXW01000077_gene3459	1.15e-193	540.0	COG0673@1|root,COG0673@2|Bacteria,1MVCX@1224|Proteobacteria,1RP1P@1236|Gammaproteobacteria,1XU9E@135623|Vibrionales	Oxidoreductase family, NAD-binding Rossmann fold	VVA1152	-	ko:K03810	-	ko00000	GFO_IDH_MocA
3225	GEA52144.1	1205908.AKXW01000077_gene3458	1.6e-273	752.0	COG2199@1|root,COG5278@1|root,COG2199@2|Bacteria,COG5278@2|Bacteria,1R7Q3@1224|Proteobacteria,1RRVG@1236|Gammaproteobacteria,1XU9J@135623|Vibrionales	COG2199 FOG GGDEF domain	-	-	-	-	-	CHASE3,GGDEF
3225	GEA52145.1	1205908.AKXW01000077_gene3457	0.0	1504.0	28HB2@1|root,2Z7N8@2|Bacteria,1P4RV@1224|Proteobacteria,1RN0X@1236|Gammaproteobacteria,1XSU5@135623|Vibrionales	Fatty acid cis/trans isomerase (CTI)	-	-	-	-	-	CTI
3225	GEA52147.1	1280001.BAOA01000050_gene1446	1.79e-126	369.0	COG0583@1|root,COG0583@2|Bacteria,1NUYD@1224|Proteobacteria,1SNQS@1236|Gammaproteobacteria,1XVQE@135623|Vibrionales	Transcriptional regulator	-	-	-	-	-	HTH_1,LysR_substrate
3225	GEA52150.1	1001530.BACE01000027_gene729	1.48e-94	288.0	COG2207@1|root,COG2207@2|Bacteria,1NDY5@1224|Proteobacteria,1T39M@1236|Gammaproteobacteria,1Y34N@135623|Vibrionales	COG2207 AraC-type DNA-binding domain-containing proteins	-	-	-	-	-	AraC_binding,HTH_18
3225	GEA52151.1	1238450.VIBNISOn1_1760001	7.09e-06	46.2	2AX24@1|root,31P0F@2|Bacteria,1QKPQ@1224|Proteobacteria,1TIU2@1236|Gammaproteobacteria,1XZNK@135623|Vibrionales	-	-	-	-	-	-	-
3225	GEA52152.1	1278307.KB907053_gene2614	2.76e-249	697.0	COG1263@1|root,COG1264@1|root,COG1263@2|Bacteria,COG1264@2|Bacteria,1MY1V@1224|Proteobacteria,1RMYZ@1236|Gammaproteobacteria	Phosphotransferase System	nagE	-	ko:K02803,ko:K02804	ko00520,ko02060,map00520,map02060	ko00000,ko00001,ko00002,ko01000,ko02000	PTS_EIIB,PTS_EIIC
3225	GEA52153.1	1517681.HW45_08220	2.44e-128	374.0	COG0484@1|root,COG0484@2|Bacteria,1MUZ4@1224|Proteobacteria,1SJSA@1236|Gammaproteobacteria,1XW14@135623|Vibrionales	ATP binding to DnaK triggers the release of the substrate protein, thus completing the reaction cycle. Several rounds of ATP-dependent interactions between DnaJ, DnaK and GrpE are required for fully efficient folding. Also involved, together with DnaK and GrpE, in the DNA replication of plasmids through activation of initiation proteins	-	-	ko:K03686	-	ko00000,ko03029,ko03110	DnaJ,DnaJ_C
3225	GEA52154.1	1205908.AKXW01000125_gene411	0.0	1129.0	COG0443@1|root,COG0443@2|Bacteria,1MVEN@1224|Proteobacteria,1RMDD@1236|Gammaproteobacteria,1XUDT@135623|Vibrionales	Heat shock 70 kDa protein	dnaK	GO:0006457,GO:0008150,GO:0009987	ko:K04043	ko03018,ko04212,ko05152,map03018,map04212,map05152	ko00000,ko00001,ko03019,ko03029,ko03110,ko04147	HSP70
3225	GEA52155.1	701176.VIBRN418_15713	2.02e-73	222.0	COG0071@1|root,COG0071@2|Bacteria,1RH2X@1224|Proteobacteria,1S6WS@1236|Gammaproteobacteria,1XX3P@135623|Vibrionales	Belongs to the small heat shock protein (HSP20) family	-	-	ko:K04080	-	ko00000,ko03110	HSP20
3225	GEA52156.1	1219080.VEZ01S_42_00100	2.06e-60	189.0	COG1664@1|root,COG1664@2|Bacteria,1MZG6@1224|Proteobacteria,1SE1C@1236|Gammaproteobacteria,1XYDY@135623|Vibrionales	Polymer-forming cytoskeletal	-	-	-	-	-	Bactofilin
3225	GEA52157.1	1205908.AKXW01000163_gene2635	1.36e-215	596.0	COG0739@1|root,COG0739@2|Bacteria,1MVTF@1224|Proteobacteria,1RMIR@1236|Gammaproteobacteria,1XTK9@135623|Vibrionales	COG0739 Membrane proteins related to metalloendopeptidases	-	-	-	-	-	Peptidase_M23
3225	GEA52158.1	1205908.AKXW01000163_gene2634	6.1e-67	204.0	2AN7V@1|root,31D5W@2|Bacteria,1RJ19@1224|Proteobacteria,1S5V8@1236|Gammaproteobacteria,1XXU3@135623|Vibrionales	Protein of unknown function (DUF2810)	yibL	-	ko:K14762	-	ko00000,ko03009	DUF2810
3225	GEA52159.1	1205908.AKXW01000163_gene2633	1.67e-192	536.0	COG2084@1|root,COG2084@2|Bacteria,1MUGU@1224|Proteobacteria,1SYN4@1236|Gammaproteobacteria,1Y2KV@135623|Vibrionales	NAD-binding of NADP-dependent 3-hydroxyisobutyrate dehydrogenase	-	-	ko:K00020	ko00280,ko01100,map00280,map01100	ko00000,ko00001,ko01000	NAD_binding_11,NAD_binding_2
3225	GEA52161.1	1219072.VHA01S_011_00100	1.18e-161	453.0	COG0217@1|root,COG0217@2|Bacteria,1MW3X@1224|Proteobacteria,1RP5N@1236|Gammaproteobacteria,1XTXW@135623|Vibrionales	transcriptional regulatory protein	yeeN	GO:0005575,GO:0005622,GO:0005623,GO:0005737,GO:0005829,GO:0044424,GO:0044444,GO:0044464	-	-	-	Transcrip_reg
3225	GEA52162.1	1205908.AKXW01000163_gene2630	1.81e-41	136.0	2C4PK@1|root,3333R@2|Bacteria,1N7VC@1224|Proteobacteria	Protein of unknown function (DUF3283)	VVA0009	-	-	-	-	DUF3283
3225	GEA52163.1	1205908.AKXW01000163_gene2628	7.15e-35	119.0	2AWN9@1|root,31NJ0@2|Bacteria,1QK9N@1224|Proteobacteria,1TID5@1236|Gammaproteobacteria,1XYWS@135623|Vibrionales	-	VVA0005	-	-	-	-	-
3225	GEA52164.1	1205908.AKXW01000163_gene2627	1e-116	336.0	2C4PJ@1|root,2ZS42@2|Bacteria,1P5XZ@1224|Proteobacteria,1SVFU@1236|Gammaproteobacteria,1XY1R@135623|Vibrionales	-	-	-	-	-	-	-
3225	GEA52165.1	1205908.AKXW01000163_gene2626	0.0	1261.0	COG1284@1|root,COG1284@2|Bacteria,1RDIV@1224|Proteobacteria,1S7JN@1236|Gammaproteobacteria,1XSIE@135623|Vibrionales	Protein of unknown function (DUF3346)	rctB	-	-	-	-	DUF3346
3225	GEA52166.1	1205908.AKXW01000163_gene2625	5.8e-290	792.0	COG1192@1|root,COG1192@2|Bacteria,1NAJP@1224|Proteobacteria,1S2DK@1236|Gammaproteobacteria,1XSUA@135623|Vibrionales	COG1192 ATPases involved in chromosome partitioning	parA	-	-	-	-	AAA_31
3225	GEA52167.1	1205908.AKXW01000163_gene2624	4.55e-218	603.0	COG1475@1|root,COG1475@2|Bacteria,1NGXR@1224|Proteobacteria,1RNZ3@1236|Gammaproteobacteria,1XSQH@135623|Vibrionales	Belongs to the ParB family	VVA1695	-	ko:K03497	-	ko00000,ko03000,ko03036,ko04812	ParBc
3225	GEA52168.1	1205908.AKXW01000163_gene2623	3.97e-277	761.0	COG0668@1|root,COG0668@2|Bacteria,1MVX9@1224|Proteobacteria,1RNBM@1236|Gammaproteobacteria,1XVZ7@135623|Vibrionales	COG0668 Small-conductance mechanosensitive channel	ybdG	-	ko:K16053	-	ko00000,ko02000	MS_channel
3225	GEA52169.1	1205908.AKXW01000163_gene2622	0.0	1033.0	COG1444@1|root,COG1444@2|Bacteria,1NBA4@1224|Proteobacteria,1RPAM@1236|Gammaproteobacteria,1XT9I@135623|Vibrionales	Catalyzes the formation of N(4)-acetylcytidine (ac(4)C) at the wobble position of tRNA(Met), by using acetyl-CoA as an acetyl donor and ATP (or GTP)	tmcA	GO:0000049,GO:0000154,GO:0002097,GO:0002101,GO:0003674,GO:0003676,GO:0003723,GO:0003824,GO:0005488,GO:0006139,GO:0006364,GO:0006396,GO:0006399,GO:0006400,GO:0006725,GO:0006807,GO:0008033,GO:0008080,GO:0008150,GO:0008152,GO:0009451,GO:0009987,GO:0010467,GO:0016070,GO:0016072,GO:0016407,GO:0016410,GO:0016740,GO:0016746,GO:0016747,GO:0022613,GO:0030490,GO:0034470,GO:0034641,GO:0034660,GO:0042254,GO:0042274,GO:0043170,GO:0043412,GO:0044085,GO:0044237,GO:0044238,GO:0046483,GO:0051391,GO:0051392,GO:0071704,GO:0071840,GO:0090304,GO:0097159,GO:1901360,GO:1901363,GO:1904812,GO:1990882,GO:1990883,GO:1990884	ko:K06957	-	ko00000,ko01000,ko03016	DUF1726,GNAT_acetyltr_2,Helicase_RecD
3225	GEA52170.1	1205908.AKXW01000163_gene2620	0.0	1297.0	COG2274@1|root,COG2274@2|Bacteria,1R2T0@1224|Proteobacteria,1SBE1@1236|Gammaproteobacteria,1XTY1@135623|Vibrionales	COG2274 ABC-type bacteriocin lantibiotic exporters, contain an N-terminal double-glycine peptidase domain	lapB	-	ko:K12541	ko02010,map02010	ko00000,ko00001,ko00002,ko02000,ko02044	ABC_membrane,ABC_tran,Peptidase_C39
3225	GEA52171.1	1205908.AKXW01000163_gene2619	0.0	1055.0	COG2199@1|root,COG2200@1|root,COG2199@2|Bacteria,COG2200@2|Bacteria,1MUQV@1224|Proteobacteria,1RN0Q@1236|Gammaproteobacteria,1XU7X@135623|Vibrionales	COG2199 FOG GGDEF domain	VVA1653	-	-	-	-	EAL,GGDEF,HAMP,LapD_MoxY_N
3225	GEA52172.1	1205908.AKXW01000163_gene2618	1.05e-147	417.0	COG3672@1|root,COG3672@2|Bacteria,1RDQS@1224|Proteobacteria,1S3Y1@1236|Gammaproteobacteria,1XST8@135623|Vibrionales	Periplasmic Protein	lapF	-	-	-	-	Peptidase_C93
3225	GEA52173.1	1205908.AKXW01000163_gene2617	5.28e-301	825.0	COG0845@1|root,COG0845@2|Bacteria,1MUI8@1224|Proteobacteria,1RNK4@1236|Gammaproteobacteria,1XSCT@135623|Vibrionales	COG0845 Membrane-fusion protein	lapC	-	ko:K12542	-	ko00000,ko00002,ko02000,ko02044	Biotin_lipoyl_2,HlyD,HlyD_3,OEP
3225	GEA52174.1	1205908.AKXW01000163_gene2616	7.44e-143	404.0	COG0259@1|root,COG0259@2|Bacteria,1NZUU@1224|Proteobacteria,1RMQ2@1236|Gammaproteobacteria,1XUNP@135623|Vibrionales	Catalyzes the oxidation of either pyridoxine 5'- phosphate (PNP) or pyridoxamine 5'-phosphate (PMP) into pyridoxal 5'-phosphate (PLP)	pdxH	GO:0003674,GO:0003824,GO:0004733,GO:0006081,GO:0006725,GO:0006732,GO:0006766,GO:0006767,GO:0006793,GO:0006796,GO:0006807,GO:0008150,GO:0008152,GO:0008614,GO:0008615,GO:0009058,GO:0009108,GO:0009110,GO:0009987,GO:0016491,GO:0016638,GO:0016641,GO:0017144,GO:0018130,GO:0019438,GO:0019637,GO:0034641,GO:0042364,GO:0042816,GO:0042819,GO:0042822,GO:0042823,GO:0044237,GO:0044249,GO:0044271,GO:0044281,GO:0044283,GO:0046184,GO:0046483,GO:0051186,GO:0051188,GO:0055114,GO:0071704,GO:0072524,GO:0072525,GO:0090407,GO:1901360,GO:1901362,GO:1901564,GO:1901566,GO:1901576,GO:1901615,GO:1901617	ko:K00275	ko00750,ko01100,ko01120,map00750,map01100,map01120	ko00000,ko00001,ko00002,ko01000	PNP_phzG_C,Putative_PNPOx
3225	GEA52175.1	1205908.AKXW01000163_gene2615	7.91e-74	223.0	COG3602@1|root,COG3602@2|Bacteria,1MZKQ@1224|Proteobacteria,1SA68@1236|Gammaproteobacteria,1XXYN@135623|Vibrionales	ACT domain	-	-	ko:K09964	-	ko00000	ACT_3,ACT_7
3225	GEA52176.1	1205908.AKXW01000163_gene2614	3.74e-302	840.0	COG4206@1|root,COG4206@2|Bacteria,1MW63@1224|Proteobacteria,1RMFJ@1236|Gammaproteobacteria,1XT6V@135623|Vibrionales	Involved in the active translocation of vitamin B12 (cyanocobalamin) across the outer membrane to the periplasmic space. It derives its energy for transport by interacting with the trans-periplasmic membrane protein TonB	btuB	GO:0003674,GO:0005215	ko:K16092	-	ko00000,ko02000	Plug,TonB_dep_Rec
3225	GEA52177.1	1205908.AKXW01000163_gene2613	0.0	1937.0	COG0506@1|root,COG4230@1|root,COG0506@2|Bacteria,COG4230@2|Bacteria,1MV93@1224|Proteobacteria,1RN48@1236|Gammaproteobacteria,1XTWM@135623|Vibrionales	Oxidizes proline to glutamate for use as a carbon and nitrogen source	putA	-	ko:K13821	ko00250,ko00330,ko01100,ko01110,ko01130,map00250,map00330,map01100,map01110,map01130	ko00000,ko00001,ko01000,ko03000	Aldedh,Pro_dh,Pro_dh-DNA_bdg
3225	GEA52178.1	1205908.AKXW01000163_gene2612	1.01e-138	395.0	COG4230@1|root,COG4230@2|Bacteria,1MYWH@1224|Proteobacteria,1S86Z@1236|Gammaproteobacteria,1XSMU@135623|Vibrionales	COG4230 Delta 1-pyrroline-5-carboxylate dehydrogenase	-	-	-	-	-	Aldedh
3225	GEA52179.1	1205908.AKXW01000163_gene2611	2.2e-255	701.0	COG4667@1|root,COG4667@2|Bacteria,1PV7M@1224|Proteobacteria,1RRPR@1236|Gammaproteobacteria,1XVBZ@135623|Vibrionales	Patatin-like phospholipase	-	-	-	-	-	Patatin
3225	GEA52180.1	1205908.AKXW01000163_gene2610	2.31e-164	462.0	COG0390@1|root,COG0390@2|Bacteria,1MV2N@1224|Proteobacteria,1RSGA@1236|Gammaproteobacteria,1XT6E@135623|Vibrionales	transport system, permease component	-	-	ko:K02069	-	ko00000,ko00002,ko02000	UPF0014
3225	GEA52181.1	1205908.AKXW01000163_gene2609	9.17e-244	671.0	COG0668@1|root,COG0668@2|Bacteria,1MXD2@1224|Proteobacteria,1RNUB@1236|Gammaproteobacteria,1XUER@135623|Vibrionales	COG0668 Small-conductance mechanosensitive channel	ynaI	-	ko:K16052	-	ko00000,ko02000	MS_channel
3225	GEA52182.1	1205908.AKXW01000163_gene2608	7.76e-208	576.0	COG0583@1|root,COG0583@2|Bacteria,1QSDA@1224|Proteobacteria,1RZU9@1236|Gammaproteobacteria,1XTD6@135623|Vibrionales	Transcriptional regulator	-	-	-	-	-	HTH_1,LysR_substrate
3225	GEA52183.1	1205908.AKXW01000163_gene2607	5.72e-241	665.0	COG2059@1|root,COG2059@2|Bacteria,1MUBW@1224|Proteobacteria,1RPNP@1236|Gammaproteobacteria,1XUAG@135623|Vibrionales	COG2059 Chromate transport protein ChrA	-	-	ko:K07240	-	ko00000,ko02000	Chromate_transp
3225	GEA52184.1	1205908.AKXW01000163_gene2606	7.59e-217	602.0	COG2207@1|root,COG2207@2|Bacteria	Transcriptional regulator	-	-	-	-	-	AraC_binding,Arabinose_bd,HTH_18
3225	GEA52185.1	1205908.AKXW01000163_gene2605	3.92e-188	524.0	2BIBD@1|root,32CH5@2|Bacteria,1QKR4@1224|Proteobacteria,1TIVH@1236|Gammaproteobacteria,1XZS8@135623|Vibrionales	-	-	-	-	-	-	-
3225	GEA52186.1	1205908.AKXW01000163_gene2604	3.17e-169	475.0	COG3386@1|root,COG3386@2|Bacteria,1MWTR@1224|Proteobacteria,1RSKQ@1236|Gammaproteobacteria,1XZ9H@135623|Vibrionales	SMP-30/Gluconolaconase/LRE-like region	-	-	-	-	-	SGL
3225	GEA52187.1	1205908.AKXW01000163_gene2603	5.11e-98	285.0	COG2128@1|root,COG2128@2|Bacteria,1RD1K@1224|Proteobacteria,1S714@1236|Gammaproteobacteria,1Y2YW@135623|Vibrionales	Antioxidant protein with alkyl hydroperoxidase activity. Required for the reduction of the AhpC active site cysteine residues and for the regeneration of the AhpC enzyme activity	-	-	-	-	-	CMD
3225	GEA52188.1	1205908.AKXW01000163_gene2602	0.0	875.0	COG2199@1|root,COG3706@2|Bacteria,1R895@1224|Proteobacteria,1S6XM@1236|Gammaproteobacteria,1XUVV@135623|Vibrionales	Sensory box GGDEF family protein	-	-	-	-	-	CHASE4,GGDEF
3225	GEA52189.1	1205908.AKXW01000163_gene2601	3.37e-259	713.0	COG0477@1|root,COG2814@2|Bacteria,1N0VD@1224|Proteobacteria,1SYJ0@1236|Gammaproteobacteria,1Y2T4@135623|Vibrionales	Sugar (and other) transporter	VVA1136	-	-	-	-	MFS_1
3225	GEA52190.1	1205908.AKXW01000163_gene2600	6.14e-202	560.0	COG0583@1|root,COG0583@2|Bacteria,1R9BW@1224|Proteobacteria,1RYCZ@1236|Gammaproteobacteria,1XTAR@135623|Vibrionales	Transcriptional regulator	-	-	-	-	-	HTH_1,LysR_substrate
3225	GEA52191.1	1205908.AKXW01000163_gene2599	1.12e-235	650.0	COG2220@1|root,COG2220@2|Bacteria,1MV20@1224|Proteobacteria,1RN4Z@1236|Gammaproteobacteria,1XVCY@135623|Vibrionales	Zn-dependent hydrolases of the beta-lactamase fold	-	-	-	-	-	Lactamase_B_2
3225	GEA52192.1	1205908.AKXW01000163_gene2598	1.68e-125	359.0	COG1309@1|root,COG1309@2|Bacteria,1RESV@1224|Proteobacteria,1S55T@1236|Gammaproteobacteria,1XVGQ@135623|Vibrionales	Transcriptional regulator	-	-	ko:K19736	-	ko00000,ko03000	TetR_C_7,TetR_N
3225	GEA52193.1	1205908.AKXW01000163_gene2597	8.86e-245	673.0	COG0722@1|root,COG0722@2|Bacteria,1MU5Q@1224|Proteobacteria,1RMAA@1236|Gammaproteobacteria,1XSHG@135623|Vibrionales	Stereospecific condensation of phosphoenolpyruvate (PEP) and D-erythrose-4-phosphate (E4P) giving rise to 3-deoxy-D- arabino-heptulosonate-7-phosphate (DAHP)	aroG	-	ko:K01626	ko00400,ko01100,ko01110,ko01130,ko01230,ko02024,map00400,map01100,map01110,map01130,map01230,map02024	ko00000,ko00001,ko00002,ko01000	DAHP_synth_1
3225	GEA52194.1	1205908.AKXW01000163_gene2596	8.4e-42	136.0	2CCBA@1|root,33EB7@2|Bacteria,1NHGG@1224|Proteobacteria,1SJ6R@1236|Gammaproteobacteria,1XYVW@135623|Vibrionales	-	-	-	-	-	-	-
3225	GEA52195.1	1205908.AKXW01000163_gene2595	2.22e-312	852.0	COG3724@1|root,COG3724@2|Bacteria,1MUJV@1224|Proteobacteria,1RNSS@1236|Gammaproteobacteria,1XVMD@135623|Vibrionales	Catalyzes the hydrolysis of N(2)-succinylarginine into N(2)-succinylornithine, ammonia and CO(2)	astB	-	ko:K01484	ko00330,ko01100,map00330,map01100	ko00000,ko00001,ko01000	AstB
3225	GEA52196.1	1205908.AKXW01000163_gene2594	1.41e-243	669.0	COG3138@1|root,COG3138@2|Bacteria,1MWHC@1224|Proteobacteria,1RMXG@1236|Gammaproteobacteria,1XU0Z@135623|Vibrionales	Arginine N-succinyltransferase beta subunit	-	-	ko:K00673	ko00330,ko01100,map00330,map01100	ko00000,ko00001,ko01000	AstA
3225	GEA52197.1	1205908.AKXW01000157_gene2276	6.59e-155	436.0	COG0518@1|root,COG0518@2|Bacteria,1MV9U@1224|Proteobacteria,1S2MK@1236|Gammaproteobacteria,1XTR7@135623|Vibrionales	Glutamine amidotransferase class-I	-	-	-	-	-	GATase
3225	GEA52198.1	1205908.AKXW01000157_gene2275	0.0	1131.0	COG1132@1|root,COG1132@2|Bacteria,1MUBM@1224|Proteobacteria,1RMUR@1236|Gammaproteobacteria,1XSH6@135623|Vibrionales	COG1132 ABC-type multidrug transport system, ATPase and permease components	vcaM	-	ko:K18893	ko02010,map02010	ko00000,ko00001,ko02000	ABC_membrane,ABC_tran
3225	GEA52199.1	1205908.AKXW01000117_gene1529	3.94e-250	687.0	COG4174@1|root,COG4174@2|Bacteria,1MVKE@1224|Proteobacteria,1RMH8@1236|Gammaproteobacteria,1XT3P@135623|Vibrionales	transport system, permease component	-	-	ko:K13894	ko02010,map02010	ko00000,ko00001,ko00002,ko02000	BPD_transp_1
3225	GEA52200.1	1205908.AKXW01000117_gene1528	9.56e-243	667.0	COG4239@1|root,COG4239@2|Bacteria,1MUM5@1224|Proteobacteria,1RNUH@1236|Gammaproteobacteria,1XT25@135623|Vibrionales	transport system permease component	-	-	ko:K13895	ko02010,map02010	ko00000,ko00001,ko00002,ko02000	BPD_transp_1,OppC_N
3225	GEA52201.1	1205908.AKXW01000117_gene1527	3.36e-42	139.0	2AWVG@1|root,31NSU@2|Bacteria,1QKH0@1224|Proteobacteria,1TIM5@1236|Gammaproteobacteria,1XZBI@135623|Vibrionales	-	-	-	-	-	-	-
3225	GEA52202.1	1205908.AKXW01000117_gene1526	0.0	985.0	COG1123@1|root,COG4172@2|Bacteria,1MU09@1224|Proteobacteria,1RMEI@1236|Gammaproteobacteria,1XSCK@135623|Vibrionales	Belongs to the ABC transporter superfamily	-	-	ko:K02031,ko:K02032,ko:K13896	ko02010,ko02024,map02010,map02024	ko00000,ko00001,ko00002,ko02000	ABC_tran,oligo_HPY
3225	GEA52203.1	1205908.AKXW01000117_gene1525	3.04e-314	860.0	COG0397@1|root,COG0397@2|Bacteria,1MVK3@1224|Proteobacteria,1RNCS@1236|Gammaproteobacteria,1XSQA@135623|Vibrionales	Belongs to the UPF0061 (SELO) family	-	-	-	-	-	UPF0061
3225	GEA52205.1	1205908.AKXW01000117_gene1523	1.43e-58	184.0	2A3XG@1|root,30SFU@2|Bacteria,1QK1U@1224|Proteobacteria,1TI4D@1236|Gammaproteobacteria,1XYCM@135623|Vibrionales	Glycine-zipper domain	-	-	-	-	-	-
3225	GEA52206.1	1205908.AKXW01000117_gene1521	0.0	1100.0	COG4533@1|root,COG4533@2|Bacteria,1N2NK@1224|Proteobacteria,1RP2Z@1236|Gammaproteobacteria,1XUBB@135623|Vibrionales	transport system periplasmic component	sgrR	-	ko:K11925	-	ko00000,ko03000	SBP_bac_5,SgrR_N
3225	GEA52207.1	1348635.BBJY01000014_gene835	1.5e-13	66.2	297K9@1|root,2ZUTC@2|Bacteria,1PBJE@1224|Proteobacteria,1SVP9@1236|Gammaproteobacteria,1XYY8@135623|Vibrionales	Protein of unknown function (DUF3389)	-	-	-	-	-	DUF3389
3225	GEA52208.1	1205908.AKXW01000117_gene1519	1.17e-95	279.0	COG2050@1|root,COG2050@2|Bacteria,1RGVP@1224|Proteobacteria,1S5WY@1236|Gammaproteobacteria,1XWX9@135623|Vibrionales	protein possibly involved in aromatic compounds catabolism	ydiI	-	-	-	-	4HBT
3225	GEA52210.1	1205908.AKXW01000117_gene1518	3.91e-166	466.0	COG0501@1|root,COG0501@2|Bacteria,1MUNA@1224|Proteobacteria,1RMZ6@1236|Gammaproteobacteria,1XTEI@135623|Vibrionales	Zn-dependent protease with chaperone function	-	-	-	-	-	Peptidase_M48
3225	GEA52211.1	1205908.AKXW01000117_gene1517	9.31e-135	381.0	COG2824@1|root,COG2824@2|Bacteria,1RGUU@1224|Proteobacteria,1S60W@1236|Gammaproteobacteria,1XVM9@135623|Vibrionales	Zn-ribbon-containing protein involved in phosphonate metabolism	phnA	-	ko:K06193	ko01120,map01120	ko00000	PhnA,PhnA_Zn_Ribbon
3225	GEA52212.1	1190603.AJYD01000070_gene2266	2.07e-107	310.0	COG3153@1|root,COG3153@2|Bacteria,1PA3Q@1224|Proteobacteria,1S1J1@1236|Gammaproteobacteria,1XX6C@135623|Vibrionales	Acetyltransferase (GNAT) family	-	-	-	-	-	Acetyltransf_1
3225	GEA52213.1	1190603.AJYD01000070_gene2267	4.1e-94	278.0	COG1309@1|root,COG1309@2|Bacteria,1NJJF@1224|Proteobacteria,1THT9@1236|Gammaproteobacteria,1XXGV@135623|Vibrionales	Bacterial regulatory proteins, tetR family	-	-	-	-	-	TetR_N
3225	GEA52215.1	1136163.M565_ctg5P0197	4.8e-96	288.0	COG2207@1|root,COG2207@2|Bacteria,1RC70@1224|Proteobacteria,1THJ0@1236|Gammaproteobacteria,1XW8S@135623|Vibrionales	helix_turn_helix, arabinose operon control protein	-	-	-	-	-	Arabinose_bd,HTH_18
3225	GEA52216.1	1136163.M565_ctg5P0198	1.85e-302	828.0	COG1680@1|root,COG1680@2|Bacteria,1P3SQ@1224|Proteobacteria,1S64P@1236|Gammaproteobacteria,1XV39@135623|Vibrionales	Beta-lactamase	-	-	-	-	-	Beta-lactamase
3225	GEA52217.1	1136163.M565_ctg5P0199	2.3e-160	452.0	2ENZZ@1|root,31MV3@2|Bacteria,1QJMB@1224|Proteobacteria,1THMX@1236|Gammaproteobacteria,1XWS9@135623|Vibrionales	-	-	-	-	-	-	-
3225	GEA52218.1	935840.JAEQ01000004_gene589	1.08e-110	332.0	COG1609@1|root,COG1609@2|Bacteria,1MVUR@1224|Proteobacteria,2TTHH@28211|Alphaproteobacteria,43JDN@69277|Phyllobacteriaceae	PFAM Bacterial regulatory proteins, lacI family	-	-	ko:K02529	-	ko00000,ko03000	LacI,Peripla_BP_3
3225	GEA52219.1	935840.JAEQ01000004_gene590	7.08e-79	241.0	COG2453@1|root,COG2453@2|Bacteria,1RID3@1224|Proteobacteria,2UA61@28211|Alphaproteobacteria,43Q1H@69277|Phyllobacteriaceae	phosphatase	-	-	-	-	-	DSPc
3225	GEA52220.1	1116369.KB890024_gene4041	7.16e-88	270.0	COG0483@1|root,COG0483@2|Bacteria,1R3TP@1224|Proteobacteria,2U4FB@28211|Alphaproteobacteria,43R6K@69277|Phyllobacteriaceae	Inositol monophosphatase family	-	-	ko:K01092	ko00521,ko00562,ko01100,ko04070,map00521,map00562,map01100,map04070	ko00000,ko00001,ko00002,ko01000	Inositol_P
3225	GEA52221.1	935840.JAEQ01000004_gene584	1.33e-139	408.0	COG1840@1|root,COG1840@2|Bacteria,1R6JS@1224|Proteobacteria,2U2H3@28211|Alphaproteobacteria,43RGN@69277|Phyllobacteriaceae	Bacterial extracellular solute-binding protein	-	-	ko:K02012	ko02010,map02010	ko00000,ko00001,ko00002,ko02000	SBP_bac_11
3225	GEA52222.1	935840.JAEQ01000004_gene583	1.32e-143	420.0	COG3842@1|root,COG3842@2|Bacteria,1MU3I@1224|Proteobacteria,2TQMJ@28211|Alphaproteobacteria,43P1A@69277|Phyllobacteriaceae	ATPases associated with a variety of cellular activities	-	-	ko:K02010	ko02010,map02010	ko00000,ko00001,ko00002,ko01000,ko02000	ABC_tran,TOBE_2
3225	GEA52223.1	935840.JAEQ01000004_gene582	9.23e-287	800.0	COG1178@1|root,COG1178@2|Bacteria,1MWEV@1224|Proteobacteria,2TVQS@28211|Alphaproteobacteria,43I6P@69277|Phyllobacteriaceae	ABC transporter (Permease	-	-	ko:K02011	ko02010,map02010	ko00000,ko00001,ko00002,ko02000	BPD_transp_1
3225	GEA52224.1	1121878.AUGL01000017_gene1828	1.17e-133	397.0	COG1454@1|root,COG1454@2|Bacteria,1MVPH@1224|Proteobacteria,1RMVU@1236|Gammaproteobacteria	alcohol dehydrogenase	-	-	ko:K00001	ko00010,ko00071,ko00350,ko00625,ko00626,ko00830,ko00980,ko00982,ko01100,ko01110,ko01120,ko01130,ko01220,map00010,map00071,map00350,map00625,map00626,map00830,map00980,map00982,map01100,map01110,map01120,map01130,map01220	ko00000,ko00001,ko01000	Fe-ADH
3225	GEA52225.1	1205908.AKXW01000117_gene1516	0.0	1053.0	COG3263@1|root,COG3263@2|Bacteria,1MVKV@1224|Proteobacteria,1RMCA@1236|Gammaproteobacteria,1XTCU@135623|Vibrionales	K( ) H( ) antiporter that extrudes potassium in exchange for external protons and maintains the internal concentration of potassium under toxic levels	nhaP2	-	ko:K11105	-	ko00000,ko02000	CorC_HlyC,Na_H_Exchanger,TrkA_C
3225	GEA52226.1	1205908.AKXW01000086_gene2154	8.26e-222	612.0	COG0189@1|root,COG0189@2|Bacteria,1R5VK@1224|Proteobacteria,1RN06@1236|Gammaproteobacteria,1XWP2@135623|Vibrionales	COG0189 Glutathione synthase Ribosomal protein S6 modification enzyme (glutaminyl transferase)	-	-	-	-	-	RimK
3225	GEA52227.1	1205908.AKXW01000086_gene2152	1.42e-196	547.0	COG1597@1|root,COG1597@2|Bacteria,1MY37@1224|Proteobacteria,1RMX9@1236|Gammaproteobacteria,1XW60@135623|Vibrionales	the in vivo substrate is	-	-	-	-	-	DAGK_cat
3225	GEA52228.1	1163617.SCD_n01317	1.35e-27	108.0	COG1266@1|root,COG1266@2|Bacteria,1ND7U@1224|Proteobacteria	CAAX protease self-immunity	-	-	ko:K07052	-	ko00000	Abi
3225	GEA52229.1	1205908.AKXW01000086_gene2151	0.0	1014.0	2DM3X@1|root,31MK7@2|Bacteria,1RFI0@1224|Proteobacteria,1S7WP@1236|Gammaproteobacteria	-	-	-	-	-	-	-
3225	GEA52230.1	1205908.AKXW01000086_gene2150	2.01e-235	649.0	COG1902@1|root,COG1902@2|Bacteria,1MVE0@1224|Proteobacteria,1RMII@1236|Gammaproteobacteria,1XSK1@135623|Vibrionales	NADH:flavin oxidoreductase / NADH oxidase family	-	-	-	-	-	Oxidored_FMN
3225	GEA52231.1	1205908.AKXW01000086_gene2149	2.49e-56	174.0	2CC0C@1|root,32RUG@2|Bacteria,1MZVQ@1224|Proteobacteria,1S8V7@1236|Gammaproteobacteria,1XYG5@135623|Vibrionales	Protein of unknown function (DUF3297)	-	-	-	-	-	DUF3297
3225	GEA52232.1	1205908.AKXW01000086_gene2148	1.64e-116	336.0	2AW7J@1|root,31N2Q@2|Bacteria,1QJUA@1224|Proteobacteria,1THVN@1236|Gammaproteobacteria,1XXPE@135623|Vibrionales	-	-	-	-	-	-	-
3225	GEA52233.1	1205908.AKXW01000086_gene2147	1.68e-209	582.0	COG3203@1|root,COG3203@2|Bacteria,1QTID@1224|Proteobacteria,1SWVI@1236|Gammaproteobacteria,1XSFV@135623|Vibrionales	COG3203 Outer membrane protein (porin)	ompU	GO:0005575,GO:0005623,GO:0009279,GO:0016020,GO:0019867,GO:0030312,GO:0030313,GO:0031975,GO:0044462,GO:0044464,GO:0071944	ko:K08720	ko01501,ko05111,map01501,map05111	ko00000,ko00001,ko02000	Porin_1,Porin_4
3225	GEA52234.1	1205908.AKXW01000086_gene2146	4.71e-283	775.0	COG0814@1|root,COG0814@2|Bacteria,1NQFA@1224|Proteobacteria,1RQ8Q@1236|Gammaproteobacteria,1XSJ0@135623|Vibrionales	serine transporter	sdaC	-	ko:K03837	-	ko00000,ko02000	Trp_Tyr_perm
3225	GEA52235.1	1205908.AKXW01000086_gene2145	0.0	867.0	COG1760@1|root,COG1760@2|Bacteria,1MUZN@1224|Proteobacteria,1RMJZ@1236|Gammaproteobacteria,1XSZW@135623|Vibrionales	COG1760 L-serine deaminase	sdaA	-	ko:K01752	ko00260,ko00270,ko01100,ko01110,ko01130,ko01200,ko01230,map00260,map00270,map01100,map01110,map01130,map01200,map01230	ko00000,ko00001,ko01000	SDH_alpha,SDH_beta
3225	GEA52236.1	1205908.AKXW01000086_gene2144	1.22e-308	845.0	COG2930@1|root,COG2930@2|Bacteria,1R34S@1224|Proteobacteria,1T63C@1236|Gammaproteobacteria,1Y3DC@135623|Vibrionales	(twin-arginine translocation) pathway signal	-	-	-	-	-	-
3225	GEA52237.1	1205908.AKXW01000086_gene2142	1.85e-36	123.0	2AWQ5@1|root,31NM3@2|Bacteria,1QKBQ@1224|Proteobacteria,1TIF5@1236|Gammaproteobacteria,1XZ0U@135623|Vibrionales	-	VPA0857	-	-	-	-	-
3225	GEA52238.1	1205908.AKXW01000086_gene2141	0.0	1035.0	COG0737@1|root,COG0737@2|Bacteria,1MX03@1224|Proteobacteria,1RPX3@1236|Gammaproteobacteria,1XU8U@135623|Vibrionales	Belongs to the 5'-nucleotidase family	-	-	ko:K01081	ko00230,ko00240,ko00760,ko01100,ko01110,map00230,map00240,map00760,map01100,map01110	ko00000,ko00001,ko01000	5_nucleotid_C,Metallophos
3225	GEA52239.1	1205908.AKXW01000086_gene2140	0.0	1057.0	COG1196@1|root,COG3593@1|root,COG1196@2|Bacteria,COG3593@2|Bacteria,1N2CB@1224|Proteobacteria,1RQN2@1236|Gammaproteobacteria,1XSQI@135623|Vibrionales	ATP-dependent endonuclease of the OLD family	ybjD	-	ko:K07459	-	ko00000	DUF2813
3225	GEA52241.1	1205908.AKXW01000086_gene2138	3.23e-128	365.0	COG2353@1|root,COG2353@2|Bacteria,1R9XD@1224|Proteobacteria,1S24R@1236|Gammaproteobacteria,1XUIB@135623|Vibrionales	UPF0312 protein	-	-	-	-	-	YceI
3225	GEA52242.1	1205908.AKXW01000086_gene2137	5.99e-121	345.0	COG3038@1|root,COG3038@2|Bacteria,1MZ7X@1224|Proteobacteria,1S3RF@1236|Gammaproteobacteria,1XWWE@135623|Vibrionales	Cytochrome b561	-	-	ko:K12262	-	ko00000	Ni_hydr_CYTB
3225	GEA52243.1	1205908.AKXW01000086_gene2136	8.5e-131	373.0	2AVVY@1|root,31MPS@2|Bacteria,1QJH3@1224|Proteobacteria,1THGW@1236|Gammaproteobacteria,1XVRR@135623|Vibrionales	-	VCA0537	-	-	-	-	-
3225	GEA52244.1	1205908.AKXW01000086_gene2135	1.32e-165	464.0	COG0412@1|root,COG0412@2|Bacteria,1MW7S@1224|Proteobacteria,1RPGK@1236|Gammaproteobacteria,1XTF6@135623|Vibrionales	Dienelactone hydrolase family	-	-	-	-	-	DLH
3225	GEA52245.1	1205908.AKXW01000086_gene2134	1.59e-164	470.0	COG2207@1|root,COG2207@2|Bacteria,1RAM6@1224|Proteobacteria,1S3AE@1236|Gammaproteobacteria,1XTH2@135623|Vibrionales	COG2207 AraC-type DNA-binding domain-containing proteins	VVA1249	-	-	-	-	Arabinose_bd,HTH_18
3225	GEA52246.1	1205908.AKXW01000086_gene2133	6.14e-279	764.0	COG0786@1|root,COG0786@2|Bacteria,1MVBC@1224|Proteobacteria,1RP0S@1236|Gammaproteobacteria,1XUE5@135623|Vibrionales	Catalyzes the sodium-dependent transport of glutamate	gltS	-	ko:K03312	-	ko00000,ko02000	Glt_symporter
3225	GEA52247.1	1205908.AKXW01000086_gene2132	0.0	1022.0	COG0488@1|root,COG0488@2|Bacteria,1MU37@1224|Proteobacteria,1RPN9@1236|Gammaproteobacteria,1XT7E@135623|Vibrionales	ABC transporter	-	-	-	-	-	ABC_tran,ABC_tran_Xtn
3225	GEA52248.1	1517681.HW45_28095	8.8e-121	360.0	2E3K0@1|root,32YI9@2|Bacteria,1NDT0@1224|Proteobacteria,1SFCE@1236|Gammaproteobacteria	Oxygen tolerance	-	-	-	-	-	BatD
3225	GEA52249.1	1517681.HW45_28090	2.45e-247	692.0	COG2304@1|root,COG2304@2|Bacteria,1MW51@1224|Proteobacteria,1RMD3@1236|Gammaproteobacteria,1XVCX@135623|Vibrionales	protein containing a von Willebrand factor type A (vWA) domain	-	-	ko:K07114	-	ko00000,ko02000	TPR_1,TPR_19,TPR_2,VWA_2
3225	GEA52250.1	1517681.HW45_28085	6.26e-156	446.0	COG2304@1|root,COG2304@2|Bacteria,1R87B@1224|Proteobacteria,1S1HF@1236|Gammaproteobacteria	von Willebrand factor (vWF) type A domain	-	-	ko:K07114	-	ko00000,ko02000	VWA
3225	GEA52251.1	1517681.HW45_28080	4.28e-42	145.0	COG2304@1|root,COG2304@2|Bacteria,1PC6Y@1224|Proteobacteria,1SX1F@1236|Gammaproteobacteria,1XZE3@135623|Vibrionales	Domain of unknown function (DUF4381)	-	-	-	-	-	DUF4381
3225	GEA52252.1	1517681.HW45_28115	1.41e-72	233.0	COG1721@1|root,COG1721@2|Bacteria,1R7RH@1224|Proteobacteria,1S0N5@1236|Gammaproteobacteria,1XTFV@135623|Vibrionales	Protein of unknown function DUF58	-	-	-	-	-	DUF58
3225	GEA52253.1	1517681.HW45_28070	1.59e-165	469.0	COG0714@1|root,COG0714@2|Bacteria,1MUFN@1224|Proteobacteria,1RN5G@1236|Gammaproteobacteria,1XSEP@135623|Vibrionales	ATPase family associated with various cellular activities (AAA)	-	-	ko:K03924	-	ko00000,ko01000	AAA_3
3225	GEA52254.1	1517681.HW45_28105	2.84e-230	652.0	COG3119@1|root,COG3119@2|Bacteria,1MUJH@1224|Proteobacteria,1RN2V@1236|Gammaproteobacteria,1XSD5@135623|Vibrionales	Arylsulfatase	-	-	ko:K01130	ko00140,ko00600,map00140,map00600	ko00000,ko00001,ko01000	Sulfatase,Sulfatase_C
3225	GEA52256.1	1517681.HW45_28055	1.08e-303	830.0	COG0641@1|root,COG0641@2|Bacteria,1MX3M@1224|Proteobacteria,1RN4R@1236|Gammaproteobacteria,1XSAW@135623|Vibrionales	Iron-sulfur cluster-binding domain	-	-	ko:K06871	-	ko00000	Fer4_12,Radical_SAM,SPASM
3225	GEA52257.1	1280001.BAOA01000079_gene3032	4.68e-68	224.0	COG0457@1|root,COG0457@2|Bacteria,1MX2U@1224|Proteobacteria,1RPD2@1236|Gammaproteobacteria,1XTK8@135623|Vibrionales	COG0457 FOG TPR repeat	-	-	-	-	-	TPR_16
3225	GEA52259.1	1517681.HW45_28040	1.81e-171	483.0	COG0583@1|root,COG0583@2|Bacteria,1MX24@1224|Proteobacteria,1RQP0@1236|Gammaproteobacteria,1XVUC@135623|Vibrionales	Bacterial regulatory helix-turn-helix protein, lysR family	-	-	ko:K05798	-	ko00000,ko03000	HTH_1,LysR_substrate
3225	GEA52260.1	1136163.M565_ctg1P1163	4.13e-65	204.0	2BW1G@1|root,32QYR@2|Bacteria,1N2EP@1224|Proteobacteria,1SAHB@1236|Gammaproteobacteria,1XXY9@135623|Vibrionales	MAPEG family	-	-	-	-	-	MAPEG
3225	GEA52261.1	1517681.HW45_12160	3.86e-202	563.0	COG1566@1|root,COG1566@2|Bacteria,1NAMI@1224|Proteobacteria,1RP4N@1236|Gammaproteobacteria,1XTNC@135623|Vibrionales	Biotin-lipoyl like	-	-	-	-	-	Biotin_lipoyl_2
3225	GEA52262.1	1280001.BAOA01000026_gene5134	5.49e-58	181.0	2CIMK@1|root,32S89@2|Bacteria,1N0NJ@1224|Proteobacteria,1S9BM@1236|Gammaproteobacteria,1XYMW@135623|Vibrionales	Protein of unknown function (DUF3302)	-	-	-	-	-	DUF3302
3225	GEA52263.1	1517681.HW45_12150	8.86e-58	182.0	2AAQ1@1|root,31023@2|Bacteria,1Q55F@1224|Proteobacteria,1SQBZ@1236|Gammaproteobacteria,1XZ4B@135623|Vibrionales	-	-	-	-	-	-	-
3225	GEA52264.1	1517681.HW45_26740	1.58e-66	207.0	COG4803@1|root,COG4803@2|Bacteria,1RD4J@1224|Proteobacteria,1THRR@1236|Gammaproteobacteria,1XXBY@135623|Vibrionales	membrane protein of uknown function UCP014873	-	-	-	-	-	-
3225	GEA52265.1	1517681.HW45_26655	1.62e-34	122.0	2C0Z5@1|root,30A8K@2|Bacteria,1QT68@1224|Proteobacteria,1SV3K@1236|Gammaproteobacteria	-	-	-	-	-	-	-
3225	GEA52267.1	1205908.AKXW01000167_gene2488	1.03e-14	72.8	2AWG6@1|root,31NCF@2|Bacteria,1QK3F@1224|Proteobacteria,1TI68@1236|Gammaproteobacteria,1XYGS@135623|Vibrionales	-	-	-	-	-	-	-
3225	GEA52271.1	1517681.HW45_12185	1.48e-211	592.0	COG0729@1|root,COG0729@2|Bacteria,1R5Y3@1224|Proteobacteria,1RPB2@1236|Gammaproteobacteria,1XV4X@135623|Vibrionales	Surface antigen	-	-	-	-	-	Bac_surface_Ag
3225	GEA52272.1	1517681.HW45_12190	2.68e-144	412.0	28PXN@1|root,2ZCHK@2|Bacteria,1R71P@1224|Proteobacteria,1S2DY@1236|Gammaproteobacteria,1XUGY@135623|Vibrionales	-	-	-	-	-	-	-
3225	GEA52273.1	1238450.VIBNISOn1_450081	3.14e-22	101.0	COG0583@1|root,COG0583@2|Bacteria,1R8Z6@1224|Proteobacteria,1S1YG@1236|Gammaproteobacteria,1XVMQ@135623|Vibrionales	COG0583 Transcriptional regulator	-	-	-	-	-	HTH_1,LysR_substrate
3225	GEA52274.1	1229485.AMYV01000156_gene2692	3.68e-76	233.0	COG0163@1|root,COG0163@2|Bacteria,1RA0P@1224|Proteobacteria,1RPN1@1236|Gammaproteobacteria	Flavin prenyltransferase that catalyzes the synthesis of the prenylated FMN cofactor (prenyl-FMN) for 4-hydroxy-3- polyprenylbenzoic acid decarboxylase UbiD. The prenyltransferase is metal-independent and links a dimethylallyl moiety from dimethylallyl monophosphate (DMAP) to the flavin N5 and C6 atoms of FMN	pad1	-	ko:K03186	ko00130,ko00627,ko00940,ko01100,ko01110,ko01120,ko01220,map00130,map00627,map00940,map01100,map01110,map01120,map01220	ko00000,ko00001,ko00002,ko01000	Flavoprotein
3225	GEA52275.1	1196029.ALIM01000006_gene4862	2.75e-210	596.0	COG0043@1|root,COG0043@2|Bacteria,1TQ6V@1239|Firmicutes,4HE3C@91061|Bacilli,1ZDEE@1386|Bacillus	Belongs to the UbiD family	-	-	ko:K01612,ko:K03182	ko00130,ko00627,ko01100,ko01110,ko01120,ko01220,map00130,map00627,map01100,map01110,map01120,map01220	ko00000,ko00001,ko00002,ko01000	UbiD
3225	GEA52276.1	500640.CIT292_09867	4.54e-14	67.4	2CK9M@1|root,32SBW@2|Bacteria,1MZBK@1224|Proteobacteria,1S9GY@1236|Gammaproteobacteria,3WYTM@544|Citrobacter	4-hydroxybenzoate decarboxylase	bsdD	-	ko:K21759	ko00627,ko01120,ko01220,map00627,map01120,map01220	ko00000,ko00001,ko01000	-
3225	GEA52277.1	1321778.HMPREF1982_03363	7.49e-12	64.7	arCOG04966@1|root,33EHA@2|Bacteria,1VN4X@1239|Firmicutes	-	-	-	-	-	-	-
3225	GEA52278.1	1190603.AJYD01000036_gene3806	2.2e-48	160.0	COG0454@1|root,COG0456@2|Bacteria,1N5IH@1224|Proteobacteria,1SBHU@1236|Gammaproteobacteria,1XX7Q@135623|Vibrionales	Acetyltransferase (GNAT) domain	-	-	-	-	-	Acetyltransf_1
3225	GEA52279.1	1122599.AUGR01000002_gene3363	1.01e-165	479.0	COG0019@1|root,COG0019@2|Bacteria,1MUA6@1224|Proteobacteria,1RMI2@1236|Gammaproteobacteria,1XHK6@135619|Oceanospirillales	Specifically catalyzes the decarboxylation of meso- diaminopimelate (meso-DAP) to L-lysine	lysA	-	ko:K01586	ko00300,ko01100,ko01110,ko01120,ko01130,ko01230,map00300,map01100,map01110,map01120,map01130,map01230	ko00000,ko00001,ko00002,ko01000	Orn_Arg_deC_N,Orn_DAP_Arg_deC
3225	GEA52280.1	1122599.AUGR01000002_gene3364	1.83e-55	177.0	COG1522@1|root,COG1522@2|Bacteria,1N2D6@1224|Proteobacteria,1S8VT@1236|Gammaproteobacteria,1XKP0@135619|Oceanospirillales	transcriptional regulator	-	-	-	-	-	AsnC_trans_reg,HTH_24,HTH_AsnC-type
3225	GEA52281.1	316275.VSAL_I0517	1.62e-66	205.0	COG0251@1|root,COG0251@2|Bacteria,1MZ3J@1224|Proteobacteria,1S5XS@1236|Gammaproteobacteria,1XWXC@135623|Vibrionales	translation initiation inhibitor, yjgF family	yjgF	-	ko:K09022	-	ko00000,ko01000	Ribonuc_L-PSP
3225	GEA52282.1	1188252.AJYK01000085_gene1216	4.05e-181	521.0	COG0520@1|root,COG0520@2|Bacteria,1MXH1@1224|Proteobacteria,1RZAJ@1236|Gammaproteobacteria,1XVSS@135623|Vibrionales	Aminotransferase class-V	-	-	-	-	-	Aminotran_5
3225	GEA52283.1	1117315.AHCA01000001_gene2363	2.04e-173	492.0	COG1162@1|root,COG1162@2|Bacteria,1MUEF@1224|Proteobacteria,1RMMB@1236|Gammaproteobacteria,2PZIC@267888|Pseudoalteromonadaceae	One of several proteins that assist in the late maturation steps of the functional core of the 30S ribosomal subunit. Helps release RbfA from mature subunits. May play a role in the assembly of ribosomal proteins into the subunit. Circularly permuted GTPase that catalyzes slow GTP hydrolysis, GTPase activity is stimulated by the 30S ribosomal subunit	-	-	ko:K06949	ko00730,ko01100,map00730,map01100	ko00000,ko00001,ko01000,ko03009	RsgA_GTPase
3225	GEA52284.1	1336233.JAEH01000054_gene4163	1.04e-139	402.0	COG2207@1|root,COG2207@2|Bacteria,1RBBF@1224|Proteobacteria,1S2VC@1236|Gammaproteobacteria,2QDIS@267890|Shewanellaceae	Helix-turn-helix domain	-	-	-	-	-	HTH_18,HTH_AraC
3225	GEA52285.1	1336233.JAEH01000057_gene2006	1.3e-127	370.0	COG1670@1|root,COG1670@2|Bacteria,1NSP2@1224|Proteobacteria,1SJW6@1236|Gammaproteobacteria,2QDSB@267890|Shewanellaceae	Acetyltransferase (GNAT) domain	-	-	-	-	-	Acetyltransf_1
3225	GEA52286.1	1336233.JAEH01000013_gene3433	4.53e-128	377.0	COG5361@1|root,COG5361@2|Bacteria,1NTSV@1224|Proteobacteria,1SM41@1236|Gammaproteobacteria	Protein of unknown function (DUF1214)	-	-	-	-	-	DUF1214
3225	GEA52287.1	1205908.AKXW01000119_gene513	1.11e-131	375.0	2CDDT@1|root,3418A@2|Bacteria,1NYET@1224|Proteobacteria,1SQJ3@1236|Gammaproteobacteria,1XWSM@135623|Vibrionales	-	-	-	-	-	-	-
3225	GEA52288.1	225849.swp_3969	8.47e-22	92.8	COG2165@1|root,COG2165@2|Bacteria,1Q02J@1224|Proteobacteria,1SPQ1@1236|Gammaproteobacteria,2QCKN@267890|Shewanellaceae	Prokaryotic N-terminal methylation motif	-	-	ko:K10924	ko05111,map05111	ko00000,ko00001,ko02044	N_methyl
3225	GEA52289.1	530564.Psta_3368	6.82e-143	431.0	COG0661@1|root,COG0661@2|Bacteria,2IXG0@203682|Planctomycetes	unusual protein kinase	-	-	ko:K03688	-	ko00000	ABC1
3225	GEA52290.1	1205908.AKXW01000095_gene2372	1.26e-185	523.0	COG5361@1|root,COG5361@2|Bacteria,1NZZJ@1224|Proteobacteria,1RSI3@1236|Gammaproteobacteria,1XY1P@135623|Vibrionales	Protein of unknown function (DUF1254)	-	-	-	-	-	DUF1214,DUF1254
3225	GEA52293.1	1205908.AKXW01000020_gene1105	0.0	1728.0	COG2909@1|root,COG2909@2|Bacteria,1MVZZ@1224|Proteobacteria,1RN29@1236|Gammaproteobacteria,1XUE3@135623|Vibrionales	Positively regulates the transcription of the maltose regulon whose gene products are responsible for uptake and catabolism of malto-oligosaccharides. Binds and recognizes a DNA motif (called the malT box) 5'-GGA TG GA-3'	malT	GO:0003674,GO:0003700,GO:0005975,GO:0006355,GO:0008150,GO:0008152,GO:0009889,GO:0010468,GO:0010556,GO:0019219,GO:0019222,GO:0031323,GO:0031326,GO:0044238,GO:0050789,GO:0050794,GO:0051171,GO:0051252,GO:0060255,GO:0065007,GO:0071704,GO:0080090,GO:0140110,GO:1903506,GO:2000112,GO:2001141	ko:K03556	-	ko00000,ko03000	GerE
3225	GEA52294.1	1219072.VHA01S_032_00050	1.28e-152	440.0	COG0472@1|root,COG0472@2|Bacteria,1MWYW@1224|Proteobacteria,1RNAP@1236|Gammaproteobacteria,1XUZS@135623|Vibrionales	Catalyzes the transfer of the GlcNAc-1-phosphate moiety from UDP-GlcNAc onto the carrier lipid undecaprenyl phosphate (C55-P), yielding GlcNAc-pyrophosphoryl-undecaprenyl (GlcNAc-PP- C55)	wecA	-	ko:K02851	-	ko00000,ko01000,ko01003,ko01005	Glycos_transf_4
3225	GEA52295.1	399742.Ent638_2645	3.11e-92	288.0	COG0438@1|root,COG0438@2|Bacteria,1MUYN@1224|Proteobacteria,1RSFE@1236|Gammaproteobacteria,3X39C@547|Enterobacter	Glycosyl transferase 4-like domain	-	-	ko:K12995	-	ko00000,ko01000,ko01003,ko01005	DUF1972,Glyco_trans_1_4,Glyco_transf_4,Glycos_transf_1
3225	GEA52296.1	675814.VIC_005029	3.13e-43	154.0	COG0110@1|root,COG0110@2|Bacteria,1NMFJ@1224|Proteobacteria	maltose O-acetyltransferase activity	-	-	-	-	-	Hexapep
3225	GEA52298.1	675814.VIC_005032	8.85e-96	301.0	COG3562@1|root,COG3562@2|Bacteria,1N80Y@1224|Proteobacteria,1SG3Z@1236|Gammaproteobacteria,1XZIT@135623|Vibrionales	capsule polysaccharide	-	-	-	-	-	Capsule_synth
3225	GEA52299.1	675814.VIC_005033	7.5e-41	157.0	COG2244@1|root,COG2244@2|Bacteria,1RA38@1224|Proteobacteria,1SK4R@1236|Gammaproteobacteria	polysaccharide biosynthetic process	-	-	-	-	-	Polysacc_synt
3225	GEA52300.1	555500.I215_12403	2.3e-84	272.0	COG3562@1|root,COG3562@2|Bacteria,4NXFS@976|Bacteroidetes,1I6U2@117743|Flavobacteriia	Capsule polysaccharide biosynthesis protein	-	-	-	-	-	Capsule_synth
3225	GEA52301.1	29495.EA26_01955	7.69e-206	575.0	COG2089@1|root,COG2089@2|Bacteria,1MWG3@1224|Proteobacteria,1RPIG@1236|Gammaproteobacteria,1XSC4@135623|Vibrionales	NeuB family	-	-	ko:K01654	ko00520,ko01100,map00520,map01100	ko00000,ko00001,ko01000	NeuB,SAF
3225	GEA52302.1	717774.Marme_0617	2.77e-88	266.0	COG0223@1|root,COG0223@2|Bacteria,1RFNX@1224|Proteobacteria,1S5EI@1236|Gammaproteobacteria	Formyl transferase	-	-	-	-	-	Formyl_trans_N
3225	GEA52303.1	29495.EA26_01950	4.96e-119	360.0	COG1670@1|root,COG3980@1|root,COG1670@2|Bacteria,COG3980@2|Bacteria,1Q330@1224|Proteobacteria,1RYTC@1236|Gammaproteobacteria,1XWJ6@135623|Vibrionales	Spore coat polysaccharide biosynthesis protein	-	-	-	-	-	Acetyltransf_3,Glyco_tran_28_C
3225	GEA52304.1	29495.EA26_01945	1.49e-117	341.0	COG1083@1|root,COG1083@2|Bacteria,1QACI@1224|Proteobacteria,1RR92@1236|Gammaproteobacteria,1XUFD@135623|Vibrionales	Cytidylyltransferase	neuA	-	ko:K00983	ko00520,ko01100,map00520,map01100	ko00000,ko00001,ko01000	CTP_transf_3
3225	GEA52305.1	1136163.M565_ctg4P464	5.14e-228	634.0	COG0399@1|root,COG0399@2|Bacteria,1MUPN@1224|Proteobacteria,1RMCS@1236|Gammaproteobacteria,1XUNC@135623|Vibrionales	Belongs to the DegT DnrJ EryC1 family	-	-	-	-	-	DegT_DnrJ_EryC1
3225	GEA52306.1	617140.AJZE01000062_gene2958	2.91e-232	640.0	COG1086@1|root,COG1086@2|Bacteria,1MWKY@1224|Proteobacteria,1RNQ2@1236|Gammaproteobacteria,1XVBG@135623|Vibrionales	NAD(P)H-binding	-	-	ko:K17716	ko00052,ko00520,ko01100,map00052,map00520,map01100	ko00000,ko00001,ko00002,ko01000	Polysacc_syn_2C,Polysacc_synt_2
3225	GEA52307.1	1116375.VEJY3_01160	1.81e-230	647.0	COG1109@1|root,COG1109@2|Bacteria,1MUB3@1224|Proteobacteria,1RNFZ@1236|Gammaproteobacteria,1XSPD@135623|Vibrionales	Phosphoglucomutase/phosphomannomutase, alpha/beta/alpha domain III	-	-	ko:K01840	ko00051,ko00520,ko01100,ko01110,ko01130,map00051,map00520,map01100,map01110,map01130	ko00000,ko00001,ko00002,ko01000	PGM_PMM_I,PGM_PMM_II,PGM_PMM_III,PGM_PMM_IV
3225	GEA52308.1	722419.PH505_ae00870	3.05e-242	677.0	COG0662@1|root,COG0836@1|root,COG0662@2|Bacteria,COG0836@2|Bacteria,1MV39@1224|Proteobacteria,1RNQI@1236|Gammaproteobacteria,2Q086@267888|Pseudoalteromonadaceae	Belongs to the mannose-6-phosphate isomerase type 2 family	cpsB	-	ko:K00971,ko:K16011	ko00051,ko00520,ko01100,ko01110,ko01130,ko02025,map00051,map00520,map01100,map01110,map01130,map02025	ko00000,ko00001,ko00002,ko01000	MannoseP_isomer,NTP_transferase
3225	GEA52309.1	1205908.AKXW01000083_gene1980	0.0	1201.0	28JSE@1|root,2Z9HX@2|Bacteria,1P2TM@1224|Proteobacteria,1RS1S@1236|Gammaproteobacteria,1XTSF@135623|Vibrionales	Exopolysaccharide biosynthesis protein YbjH	-	-	-	-	-	YjbH
3225	GEA52310.1	1205908.AKXW01000023_gene908	5.9e-260	714.0	COG1004@1|root,COG1004@2|Bacteria,1MW5U@1224|Proteobacteria,1RMVW@1236|Gammaproteobacteria,1XTZN@135623|Vibrionales	Belongs to the UDP-glucose GDP-mannose dehydrogenase family	ugd	-	ko:K00012	ko00040,ko00053,ko00520,ko01100,map00040,map00053,map00520,map01100	ko00000,ko00001,ko00002,ko01000	UDPG_MGDP_dh,UDPG_MGDP_dh_C,UDPG_MGDP_dh_N
3225	GEA52312.1	945543.VIBR0546_02680	4.68e-167	475.0	COG3177@1|root,COG3177@2|Bacteria,1MV69@1224|Proteobacteria,1RM9J@1236|Gammaproteobacteria,1XVM4@135623|Vibrionales	Domain of unknown function (DUF4172)	-	-	-	-	-	DUF4172,Fic
3225	GEA52313.1	1187848.AJYQ01000099_gene2395	7.14e-235	654.0	COG3550@1|root,COG3550@2|Bacteria,1MVAB@1224|Proteobacteria,1RR5N@1236|Gammaproteobacteria,1XW4A@135623|Vibrionales	Pfam:HipA_N	-	-	ko:K07154	-	ko00000,ko01000,ko01001,ko02048	Couple_hipA,HipA_C
3225	GEA52314.1	1188252.AJYK01000051_gene2848	1.6e-39	134.0	COG3620@1|root,COG3620@2|Bacteria,1NAFS@1224|Proteobacteria,1SCGR@1236|Gammaproteobacteria,1Y1FA@135623|Vibrionales	Helix-turn-helix XRE-family like proteins	-	-	-	-	-	HTH_3
3225	GEA52315.1	1201293.AKXQ01000013_gene3728	7.61e-149	437.0	COG3550@1|root,COG3550@2|Bacteria,1MVAB@1224|Proteobacteria,1RR5N@1236|Gammaproteobacteria	protein related to capsule biosynthesis enzymes	hipA_1	-	ko:K07154	-	ko00000,ko01000,ko01001,ko02048	Couple_hipA,HipA_C
3225	GEA52316.1	272624.lpg1935	2.08e-21	88.2	COG1396@1|root,COG1396@2|Bacteria,1NGFD@1224|Proteobacteria,1T3NQ@1236|Gammaproteobacteria,1JEQN@118969|Legionellales	Helix-turn-helix domain	-	-	-	-	-	HTH_31
3225	GEA52317.1	1046724.KB889885_gene627	1.51e-12	70.9	COG1672@1|root,COG1672@2|Bacteria,1R5UJ@1224|Proteobacteria	PFAM Archaeal ATPase	-	-	-	-	-	AAA_22,ATPase_2
3225	GEA52318.1	1265507.KB899639_gene855	3.1e-67	257.0	COG1196@1|root,COG1196@2|Bacteria,1MVNY@1224|Proteobacteria,1RPME@1236|Gammaproteobacteria,1Y5SG@135624|Aeromonadales	Protein of unknown function (DUF3584)	-	-	-	-	-	DUF3584
3225	GEA52319.1	765911.Thivi_2818	3.49e-16	81.3	28I5M@1|root,2Z88X@2|Bacteria,1PIRT@1224|Proteobacteria,1S0T3@1236|Gammaproteobacteria,1WXQ9@135613|Chromatiales	-	-	-	-	-	-	-
3225	GEA52320.1	1265507.KB899639_gene853	9.68e-21	102.0	COG2352@1|root,COG2352@2|Bacteria,1R5D2@1224|Proteobacteria,1RZ53@1236|Gammaproteobacteria,1Y66M@135624|Aeromonadales	Forms oxaloacetate, a four-carbon dicarboxylic acid source for the tricarboxylic acid cycle	-	-	-	-	-	-
3225	GEA52321.1	998674.ATTE01000001_gene2630	5.32e-13	75.5	COG1697@1|root,COG1697@2|Bacteria,1R8A9@1224|Proteobacteria,1SI9T@1236|Gammaproteobacteria	DNA topoisomerase VI subunit A	-	-	-	-	-	-
3225	GEA52322.1	1205908.AKXW01000020_gene1077	2.3e-44	144.0	COG3550@1|root,COG3550@2|Bacteria	kinase activity	-	-	ko:K07154	-	ko00000,ko01000,ko01001,ko02048	Couple_hipA,HipA_C
3225	GEA52323.1	1120977.JHUX01000009_gene2577	5.26e-45	147.0	COG3041@1|root,COG3041@2|Bacteria,1N0K0@1224|Proteobacteria,1RVET@1236|Gammaproteobacteria,3NQI8@468|Moraxellaceae	Bacterial toxin of type II toxin-antitoxin system, YafQ	-	-	-	-	-	YafQ_toxin
3225	GEA52324.1	291112.PAU_03797	2.56e-25	97.1	COG3077@1|root,COG3077@2|Bacteria,1Q9YY@1224|Proteobacteria,1SFMX@1236|Gammaproteobacteria	RelB antitoxin	-	-	ko:K07473	-	ko00000,ko02048	RelB
3225	GEA52325.1	637905.SVI_0014	3.2e-35	122.0	COG4115@1|root,COG4115@2|Bacteria,1MZBP@1224|Proteobacteria,1S99Z@1236|Gammaproteobacteria,2QE7E@267890|Shewanellaceae	YoeB-like toxin of bacterial type II toxin-antitoxin system	yoeB	GO:0003674,GO:0003824,GO:0004518,GO:0004519,GO:0004521,GO:0004540,GO:0005488,GO:0006139,GO:0006379,GO:0006401,GO:0006402,GO:0006417,GO:0006446,GO:0006725,GO:0006807,GO:0008150,GO:0008152,GO:0009056,GO:0009057,GO:0009889,GO:0009890,GO:0009892,GO:0009987,GO:0010468,GO:0010556,GO:0010558,GO:0010605,GO:0010608,GO:0010629,GO:0016070,GO:0016071,GO:0016458,GO:0016787,GO:0016788,GO:0016892,GO:0016894,GO:0017148,GO:0019222,GO:0019439,GO:0031323,GO:0031324,GO:0031326,GO:0031327,GO:0032268,GO:0032269,GO:0034248,GO:0034249,GO:0034641,GO:0034655,GO:0042710,GO:0043021,GO:0043024,GO:0043170,GO:0044010,GO:0044237,GO:0044238,GO:0044248,GO:0044260,GO:0044265,GO:0044270,GO:0044764,GO:0044877,GO:0045947,GO:0046483,GO:0046700,GO:0048519,GO:0048523,GO:0050789,GO:0050794,GO:0051171,GO:0051172,GO:0051246,GO:0051248,GO:0051704,GO:0060255,GO:0065007,GO:0071704,GO:0080090,GO:0090304,GO:0090305,GO:0090501,GO:0090502,GO:0098795,GO:0140098,GO:1901360,GO:1901361,GO:1901575,GO:2000112,GO:2000113	ko:K19158	-	ko00000,ko01000,ko02048	YoeB_toxin
3225	GEA52326.1	637905.SVI_0015	5.8e-20	82.4	COG2161@1|root,COG2161@2|Bacteria,1N6X6@1224|Proteobacteria,1S9S2@1236|Gammaproteobacteria,2QD0X@267890|Shewanellaceae	Antitoxin component of a toxin-antitoxin (TA) module	-	-	ko:K19159	-	ko00000,ko02048	PhdYeFM_antitox
3225	GEA52328.1	675806.VII_000663	3.56e-48	155.0	2DZUD@1|root,32VJ8@2|Bacteria,1N044@1224|Proteobacteria,1S8TH@1236|Gammaproteobacteria,1XXVQ@135623|Vibrionales	RelB antitoxin	-	-	-	-	-	RelB
3225	GEA52329.1	675816.VIA_002768	1.59e-50	160.0	COG3668@1|root,COG3668@2|Bacteria,1MZUQ@1224|Proteobacteria,1SANN@1236|Gammaproteobacteria,1XXZC@135623|Vibrionales	ParE toxin of type II toxin-antitoxin system, parDE	-	-	-	-	-	ParE_toxin
3225	GEA52330.1	595494.Tola_1934	1.29e-08	55.8	COG1396@1|root,335G4@2|Bacteria,1ND0H@1224|Proteobacteria,1SF2S@1236|Gammaproteobacteria	Transcriptional	-	-	-	-	-	HTH_26,HTH_3
3225	GEA52331.1	1219072.VHA01S_005_00300	1.11e-45	149.0	COG3550@1|root,COG3550@2|Bacteria,1NAM8@1224|Proteobacteria,1SD9R@1236|Gammaproteobacteria	HipA N-terminal domain	-	-	ko:K07154	-	ko00000,ko01000,ko01001,ko02048	Couple_hipA
3225	GEA52332.1	1219072.VHA01S_005_00310	6.6e-149	430.0	COG3550@1|root,COG3550@2|Bacteria,1R4KZ@1224|Proteobacteria,1SYAM@1236|Gammaproteobacteria	Pfam:HipA_N	-	-	ko:K07154	-	ko00000,ko01000,ko01001,ko02048	Couple_hipA,HipA_C
3225	GEA52333.1	243277.VC_A0487	7.36e-110	317.0	COG0454@1|root,COG0456@2|Bacteria,1R7GG@1224|Proteobacteria,1S2X0@1236|Gammaproteobacteria,1XVE6@135623|Vibrionales	Acetyltransferase (GNAT) family	-	-	-	-	-	Acetyltransf_7
3225	GEA52334.1	675814.VIC_001299	4.14e-47	152.0	COG4453@1|root,COG4453@2|Bacteria,1N0BK@1224|Proteobacteria,1S8UN@1236|Gammaproteobacteria,1XYE0@135623|Vibrionales	Protein of unknown function (DUF1778)	-	-	-	-	-	DUF1778
3225	GEA52335.1	1026882.MAMP_01239	1.35e-65	199.0	COG1396@1|root,COG1396@2|Bacteria,1N2MZ@1224|Proteobacteria,1S667@1236|Gammaproteobacteria,460UV@72273|Thiotrichales	Transcriptional	-	-	-	-	-	-
3225	GEA52336.1	29495.EA26_01740	3.98e-295	806.0	COG3550@1|root,COG3550@2|Bacteria,1N458@1224|Proteobacteria,1RNYG@1236|Gammaproteobacteria,1XWT3@135623|Vibrionales	HipA-like C-terminal domain	-	-	ko:K07154	-	ko00000,ko01000,ko01001,ko02048	Couple_hipA,HipA_C
3225	GEA52337.1	1515746.HR45_08585	1.03e-10	60.5	COG2184@1|root,COG2184@2|Bacteria,1R72A@1224|Proteobacteria,1RYM7@1236|Gammaproteobacteria,2QDW8@267890|Shewanellaceae	Fic/DOC family	fic	-	ko:K04095	-	ko00000,ko03036	Fic
3225	GEA52338.1	945550.VISI1226_12046	1.73e-41	142.0	COG2184@1|root,COG2184@2|Bacteria,1R72A@1224|Proteobacteria,1RYM7@1236|Gammaproteobacteria,1XX81@135623|Vibrionales	Fic/DOC family	-	-	-	-	-	Fic
3225	GEA52340.1	1205908.AKXW01000109_gene1485	1.51e-249	700.0	2AVY0@1|root,31MS3@2|Bacteria,1QJIM@1224|Proteobacteria,1THIW@1236|Gammaproteobacteria,1XW74@135623|Vibrionales	-	-	-	-	-	-	-
3225	GEA52341.1	1205908.AKXW01000109_gene1484	0.0	1027.0	2F09H@1|root,33TCR@2|Bacteria,1NTYG@1224|Proteobacteria,1SMFS@1236|Gammaproteobacteria,1XWP0@135623|Vibrionales	-	-	-	-	-	-	Phage_integrase
3225	GEA52342.1	1205908.AKXW01000109_gene1483	9.42e-155	449.0	2BQ08@1|root,32IUC@2|Bacteria,1PBWB@1224|Proteobacteria,1TIUF@1236|Gammaproteobacteria,1XZP9@135623|Vibrionales	-	-	-	-	-	-	-
3225	GEA52343.1	1205908.AKXW01000109_gene1482	2.24e-237	657.0	COG0582@1|root,COG0582@2|Bacteria,1R56A@1224|Proteobacteria,1S1TC@1236|Gammaproteobacteria,1Y24R@135623|Vibrionales	Arm DNA-binding domain	-	-	ko:K14059	-	ko00000	Arm-DNA-bind_2,Phage_int_SAM_3,Phage_integrase
3225	GEA52344.1	1205908.AKXW01000020_gene1099	7.62e-224	619.0	COG0451@1|root,COG0451@2|Bacteria,1MU7J@1224|Proteobacteria,1RPTA@1236|Gammaproteobacteria,1XTE0@135623|Vibrionales	COG0451 Nucleoside-diphosphate-sugar epimerases	-	-	ko:K08679	ko00520,ko01100,map00520,map01100	ko00000,ko00001,ko01000	Epimerase,GDP_Man_Dehyd
3225	GEA52345.1	1205908.AKXW01000021_gene1001	8.34e-244	674.0	COG1004@1|root,COG1004@2|Bacteria,1MW5U@1224|Proteobacteria,1RMVW@1236|Gammaproteobacteria,1XTZN@135623|Vibrionales	Belongs to the UDP-glucose GDP-mannose dehydrogenase family	-	-	ko:K00012	ko00040,ko00053,ko00520,ko01100,map00040,map00053,map00520,map01100	ko00000,ko00001,ko00002,ko01000	UDPG_MGDP_dh,UDPG_MGDP_dh_C,UDPG_MGDP_dh_N
3225	GEA52346.1	1191299.AJYX01000025_gene2807	8.88e-199	556.0	COG0451@1|root,COG0451@2|Bacteria,1MU7J@1224|Proteobacteria,1RPTA@1236|Gammaproteobacteria,1XTE0@135623|Vibrionales	COG0451 Nucleoside-diphosphate-sugar epimerases	-	-	ko:K02473	ko00520,ko01100,map00520,map01100	ko00000,ko00001,ko01000	Epimerase,GDP_Man_Dehyd
3225	GEA52347.1	1191299.AJYX01000025_gene2808	1.73e-262	724.0	COG0677@1|root,COG0677@2|Bacteria,1MUC6@1224|Proteobacteria,1RMX0@1236|Gammaproteobacteria,1XSY5@135623|Vibrionales	Belongs to the UDP-glucose GDP-mannose dehydrogenase family	-	-	ko:K02474	ko00520,map00520	ko00000,ko00001,ko01000,ko01005	UDPG_MGDP_dh,UDPG_MGDP_dh_C,UDPG_MGDP_dh_N
3225	GEA52348.1	1219072.VHA01S_032_00190	1.96e-267	755.0	COG1086@1|root,COG1086@2|Bacteria,1MWKY@1224|Proteobacteria,1RNQ2@1236|Gammaproteobacteria,1XUT0@135623|Vibrionales	nucleoside-diphosphate sugar epimerases	-	-	-	-	-	CoA_binding_3,Polysacc_synt_2
3225	GEA52349.1	223926.28805216	2.39e-233	647.0	COG0399@1|root,COG0399@2|Bacteria,1MUPN@1224|Proteobacteria,1RMCS@1236|Gammaproteobacteria,1XUNC@135623|Vibrionales	Belongs to the DegT DnrJ EryC1 family	-	-	-	-	-	DegT_DnrJ_EryC1
3225	GEA52350.1	1191299.AJYX01000025_gene2804	1.96e-40	144.0	COG0110@1|root,COG0110@2|Bacteria,1MZ7U@1224|Proteobacteria,1S3R7@1236|Gammaproteobacteria,1Y2DA@135623|Vibrionales	Bacterial transferase hexapeptide (six repeats)	-	-	-	-	-	Hexapep
3225	GEA52351.1	1191299.AJYX01000025_gene2805	1.1e-92	276.0	COG2148@1|root,COG2148@2|Bacteria,1MV6W@1224|Proteobacteria,1RMMN@1236|Gammaproteobacteria,1XTWQ@135623|Vibrionales	COG2148 Sugar transferases involved in lipopolysaccharide synthesis	-	-	-	-	-	Bac_transf
3225	GEA52352.1	1288826.MSNKSG1_08693	3.71e-144	420.0	COG0438@1|root,COG0438@2|Bacteria,1N0DG@1224|Proteobacteria,1S0D6@1236|Gammaproteobacteria	glycosyl transferase group 1	-	-	ko:K13004,ko:K21011	ko02025,map02025	ko00000,ko00001,ko01000,ko01003,ko01005	Glyco_trans_1_4,Glyco_trans_4_2,Glycos_transf_1
3225	GEA52353.1	1419583.V466_07760	5.02e-123	365.0	COG0438@1|root,COG0438@2|Bacteria,1R3TV@1224|Proteobacteria,1RQZC@1236|Gammaproteobacteria,1YUAE@136843|Pseudomonas fluorescens group	Glycosyl transferases group 1	-	-	-	-	-	Glyco_trans_1_4,Glyco_trans_4_4
3225	GEA52354.1	887898.HMPREF0551_2366	5.36e-39	152.0	COG0532@1|root,COG0532@2|Bacteria	One of the essential components for the initiation of protein synthesis. Protects formylmethionyl-tRNA from spontaneous hydrolysis and promotes its binding to the 30S ribosomal subunits. Also involved in the hydrolysis of GTP during the formation of the 70S ribosomal complex	pvpA	-	ko:K11275	-	ko00000,ko03036	IF2_N
3225	GEA52355.1	675812.VHA_002837	3.82e-45	161.0	COG0463@1|root,COG0463@2|Bacteria,1N840@1224|Proteobacteria,1SA3F@1236|Gammaproteobacteria,1XYR0@135623|Vibrionales	Glycosyl transferase family 2	-	-	ko:K12997	-	ko00000,ko01000,ko01003,ko01005	Glycos_transf_2
3225	GEA52356.1	459495.SPLC1_S140120	2.18e-19	95.1	COG0438@1|root,COG5610@1|root,COG0438@2|Bacteria,COG5610@2|Bacteria	transferase activity, transferring glycosyl groups	-	-	-	-	-	Glyco_trans_1_4,Glyco_trans_4_4,Glyco_transf_4,Glycos_transf_1
3225	GEA52357.1	860228.Ccan_23200	2.12e-33	137.0	COG2244@1|root,COG2244@2|Bacteria,4NFF1@976|Bacteroidetes,1HZP1@117743|Flavobacteriia,1ERJG@1016|Capnocytophaga	Polysaccharide biosynthesis protein	rfbX	-	ko:K03328	-	ko00000	Polysacc_synt,Polysacc_synt_C
3225	GEA52358.1	1201293.AKXQ01000007_gene512	4.55e-106	308.0	COG1898@1|root,COG1898@2|Bacteria,1R9YD@1224|Proteobacteria,1S245@1236|Gammaproteobacteria	Catalyzes the epimerization of the C3' and C5'positions of dTDP-6-deoxy-D-xylo-4-hexulose, forming dTDP-6-deoxy-L-lyxo-4- hexulose	rmlC	-	ko:K01790	ko00521,ko00523,ko01130,map00521,map00523,map01130	ko00000,ko00001,ko00002,ko01000	dTDP_sugar_isom
3225	GEA52361.1	1448857.JFAP01000008_gene579	3.39e-89	275.0	COG3307@1|root,COG3307@2|Bacteria,1R3TT@1224|Proteobacteria,43BV7@68525|delta/epsilon subdivisions	TupA-like ATPgrasp	-	-	-	-	-	ATPgrasp_TupA
3225	GEA52362.1	1190606.AJYG01000168_gene3939	3.21e-163	463.0	COG3039@1|root,COG3039@2|Bacteria,1MXTN@1224|Proteobacteria,1RM94@1236|Gammaproteobacteria,1XVGA@135623|Vibrionales	User locus_tag	-	-	-	-	-	DDE_Tnp_1,DDE_Tnp_1_5
3225	GEA52363.1	1051646.VITU9109_13022	0.000413	42.7	COG1898@1|root,COG1898@2|Bacteria,1R9YD@1224|Proteobacteria,1S245@1236|Gammaproteobacteria,1XSKQ@135623|Vibrionales	Catalyzes the epimerization of the C3' and C5'positions of dTDP-6-deoxy-D-xylo-4-hexulose, forming dTDP-6-deoxy-L-lyxo-4- hexulose	rfbC	-	ko:K01790	ko00521,ko00523,ko01130,map00521,map00523,map01130	ko00000,ko00001,ko00002,ko01000	dTDP_sugar_isom
3225	GEA52364.1	1205908.AKXW01000020_gene1093	6.72e-146	418.0	COG1091@1|root,COG1091@2|Bacteria,1MUXM@1224|Proteobacteria,1RSNR@1236|Gammaproteobacteria,1XV68@135623|Vibrionales	Catalyzes the reduction of dTDP-6-deoxy-L-lyxo-4- hexulose to yield dTDP-L-rhamnose	rmlD	-	ko:K00067	ko00521,ko00523,ko01130,map00521,map00523,map01130	ko00000,ko00001,ko00002,ko01000	RmlD_sub_bind
3225	GEA52365.1	1205908.AKXW01000020_gene1092	1.61e-194	541.0	COG1209@1|root,COG1209@2|Bacteria,1MU0X@1224|Proteobacteria,1RMTR@1236|Gammaproteobacteria,1XU3P@135623|Vibrionales	Catalyzes the formation of dTDP-glucose, from dTTP and glucose 1-phosphate, as well as its pyrophosphorolysis	rmlA	-	ko:K00973	ko00521,ko00523,ko00525,ko01130,map00521,map00523,map00525,map01130	ko00000,ko00001,ko00002,ko01000	NTP_transferase
3225	GEA52366.1	312309.VF_0166	4.31e-240	662.0	COG1088@1|root,COG1088@2|Bacteria,1MU5E@1224|Proteobacteria,1RP7G@1236|Gammaproteobacteria,1XUQ1@135623|Vibrionales	Belongs to the NAD(P)-dependent epimerase dehydratase family. dTDP-glucose dehydratase subfamily	-	-	ko:K01710	ko00521,ko00523,ko00525,ko01055,ko01130,map00521,map00523,map00525,map01055,map01130	ko00000,ko00001,ko00002,ko01000	GDP_Man_Dehyd
3225	GEA52367.1	1205908.AKXW01000021_gene996	0.0	1193.0	COG0489@1|root,COG3206@1|root,COG0489@2|Bacteria,COG3206@2|Bacteria,1MVI9@1224|Proteobacteria,1RNB0@1236|Gammaproteobacteria,1XTE5@135623|Vibrionales	protein involved in exopolysaccharide biosynthesis	wzc	-	ko:K16692	-	ko00000,ko01000,ko01001	AAA_31,GNVR,Wzz
3225	GEA52368.1	1205908.AKXW01000021_gene994	3.14e-89	262.0	COG0394@1|root,COG0394@2|Bacteria,1N0DZ@1224|Proteobacteria,1S92S@1236|Gammaproteobacteria,1XXJG@135623|Vibrionales	Belongs to the low molecular weight phosphotyrosine protein phosphatase family	wzb	-	ko:K01104,ko:K20945	ko05111,map05111	ko00000,ko00001,ko01000	LMWPc
3225	GEA52369.1	1205908.AKXW01000021_gene993	1.03e-252	697.0	COG1596@1|root,COG1596@2|Bacteria,1N7GP@1224|Proteobacteria,1RQSM@1236|Gammaproteobacteria,1XUWY@135623|Vibrionales	Periplasmic protein involved in polysaccharide export	wza	-	ko:K01991	ko02026,map02026	ko00000,ko00001,ko02000	Poly_export,SLBB
3225	GEA52370.1	1205908.AKXW01000021_gene992	4.78e-218	601.0	COG0175@1|root,COG0175@2|Bacteria,1MUCZ@1224|Proteobacteria,1RNAD@1236|Gammaproteobacteria,1XTPJ@135623|Vibrionales	Sulfate adenylyltransferase subunit 2	cysD	-	ko:K00957	ko00230,ko00261,ko00450,ko00920,ko01100,ko01120,ko01130,map00230,map00261,map00450,map00920,map01100,map01120,map01130	ko00000,ko00001,ko00002,ko01000	PAPS_reduct
3225	GEA52371.1	1205908.AKXW01000021_gene991	2.61e-62	192.0	COG0399@1|root,COG0399@2|Bacteria,1N0QW@1224|Proteobacteria,1S8YK@1236|Gammaproteobacteria,1XXD4@135623|Vibrionales	23S rRNA-intervening sequence protein	-	-	-	-	-	23S_rRNA_IVP
3225	GEA52372.1	1205908.AKXW01000021_gene990	0.0	893.0	COG2895@1|root,COG2895@2|Bacteria,1MUD9@1224|Proteobacteria,1RME4@1236|Gammaproteobacteria,1XSCY@135623|Vibrionales	Belongs to the TRAFAC class translation factor GTPase superfamily. Classic translation factor GTPase family. CysN NodQ subfamily	cysN	-	ko:K00956	ko00230,ko00261,ko00450,ko00920,ko01100,ko01120,ko01130,map00230,map00261,map00450,map00920,map01100,map01120,map01130	ko00000,ko00001,ko00002,ko01000	GTP_EFTU,GTP_EFTU_D3
3225	GEA52373.1	1205908.AKXW01000021_gene989	0.0	1037.0	COG0471@1|root,COG0490@1|root,COG0471@2|Bacteria,COG0490@2|Bacteria,1MU0K@1224|Proteobacteria,1RMI1@1236|Gammaproteobacteria,1XTKK@135623|Vibrionales	COG0471 Di- and tricarboxylate transporters	-	-	-	-	-	CitMHS,TrkA_C
3225	GEA52374.1	1051646.VITU9109_08406	9e-38	126.0	COG1551@1|root,COG1551@2|Bacteria,1N6PG@1224|Proteobacteria,1SCB4@1236|Gammaproteobacteria,1XYEQ@135623|Vibrionales	Could accelerate the degradation of some genes transcripts potentially through selective RNA binding	csrA	GO:0003674,GO:0003676,GO:0003723,GO:0005488,GO:0006109,GO:0006139,GO:0006725,GO:0006807,GO:0008150,GO:0008152,GO:0009987,GO:0016070,GO:0016071,GO:0019222,GO:0034641,GO:0043170,GO:0044237,GO:0044238,GO:0046483,GO:0050789,GO:0065007,GO:0071704,GO:0080090,GO:0090304,GO:0097159,GO:1901360,GO:1901363	ko:K03563	ko02020,ko02025,ko02026,ko05111,map02020,map02025,map02026,map05111	ko00000,ko00001,ko03019	CsrA
3225	GEA52375.1	1205908.AKXW01000061_gene2768	5.28e-248	684.0	COG0527@1|root,COG0527@2|Bacteria,1MW3H@1224|Proteobacteria,1RN1G@1236|Gammaproteobacteria,1XU5V@135623|Vibrionales	Belongs to the aspartokinase family	lysC	-	ko:K00928	ko00260,ko00261,ko00270,ko00300,ko01100,ko01110,ko01120,ko01130,ko01210,ko01230,map00260,map00261,map00270,map00300,map01100,map01110,map01120,map01130,map01210,map01230	ko00000,ko00001,ko00002,ko01000	AA_kinase
3225	GEA52376.1	1205908.AKXW01000061_gene2769	0.0	1655.0	COG0013@1|root,COG0013@2|Bacteria,1MU9A@1224|Proteobacteria,1RMWZ@1236|Gammaproteobacteria,1XUIK@135623|Vibrionales	Catalyzes the attachment of alanine to tRNA(Ala) in a two-step reaction alanine is first activated by ATP to form Ala- AMP and then transferred to the acceptor end of tRNA(Ala). Also edits incorrectly charged Ser-tRNA(Ala) and Gly-tRNA(Ala) via its editing domain	alaS	GO:0003674,GO:0003824,GO:0004812,GO:0004813,GO:0005488,GO:0005575,GO:0005622,GO:0005623,GO:0005737,GO:0005829,GO:0006082,GO:0006139,GO:0006396,GO:0006399,GO:0006400,GO:0006412,GO:0006418,GO:0006419,GO:0006518,GO:0006520,GO:0006725,GO:0006807,GO:0008033,GO:0008150,GO:0008152,GO:0009058,GO:0009059,GO:0009451,GO:0009987,GO:0010467,GO:0016070,GO:0016597,GO:0016874,GO:0016875,GO:0019538,GO:0019752,GO:0031406,GO:0034470,GO:0034641,GO:0034645,GO:0034660,GO:0036094,GO:0043038,GO:0043039,GO:0043043,GO:0043167,GO:0043168,GO:0043170,GO:0043177,GO:0043412,GO:0043436,GO:0043603,GO:0043604,GO:0044237,GO:0044238,GO:0044249,GO:0044260,GO:0044267,GO:0044271,GO:0044281,GO:0044424,GO:0044444,GO:0044464,GO:0046483,GO:0071704,GO:0090304,GO:0140098,GO:0140101,GO:1901360,GO:1901564,GO:1901566,GO:1901576	ko:K01872	ko00970,map00970	ko00000,ko00001,ko00002,ko01000,ko01007,ko03016	DHHA1,tRNA-synt_2c,tRNA_SAD
3225	GEA52377.1	1205908.AKXW01000061_gene2770	7.79e-92	270.0	COG2137@1|root,COG2137@2|Bacteria,1N6P6@1224|Proteobacteria,1SCMF@1236|Gammaproteobacteria,1XWKA@135623|Vibrionales	Modulates RecA activity	recX	GO:0006282,GO:0008150,GO:0019219,GO:0019222,GO:0031323,GO:0048583,GO:0050789,GO:0050794,GO:0051052,GO:0051171,GO:0060255,GO:0065007,GO:0080090,GO:0080134,GO:0080135,GO:2001020	ko:K03565	-	ko00000,ko03400	RecX
3225	GEA52378.1	1205908.AKXW01000061_gene2771	6.39e-239	657.0	COG0468@1|root,COG0468@2|Bacteria,1MU3C@1224|Proteobacteria,1RMHP@1236|Gammaproteobacteria,1XSES@135623|Vibrionales	Can catalyze the hydrolysis of ATP in the presence of single-stranded DNA, the ATP-dependent uptake of single-stranded DNA by duplex DNA, and the ATP-dependent hybridization of homologous single-stranded DNAs. It interacts with LexA causing its activation and leading to its autocatalytic cleavage	recA	GO:0005575,GO:0005622,GO:0005623,GO:0005737,GO:0005829,GO:0006139,GO:0006259,GO:0006281,GO:0006310,GO:0006725,GO:0006807,GO:0006950,GO:0006974,GO:0008150,GO:0008152,GO:0009987,GO:0033554,GO:0034641,GO:0043170,GO:0044237,GO:0044238,GO:0044260,GO:0044424,GO:0044444,GO:0044464,GO:0046483,GO:0050896,GO:0051716,GO:0071704,GO:0090304,GO:1901360	ko:K03553	ko03440,map03440	ko00000,ko00001,ko00002,ko03400	RecA
3225	GEA52379.1	1205908.AKXW01000061_gene2772	6.91e-95	278.0	COG1546@1|root,COG1546@2|Bacteria,1RH2Y@1224|Proteobacteria,1S5WH@1236|Gammaproteobacteria,1XXEF@135623|Vibrionales	Belongs to the CinA family	-	-	ko:K03743	ko00760,map00760	ko00000,ko00001,ko01000	CinA
3225	GEA52380.1	1205908.AKXW01000061_gene2773	0.0	1603.0	COG0249@1|root,COG0249@2|Bacteria,1MUGX@1224|Proteobacteria,1RNW3@1236|Gammaproteobacteria,1XTI0@135623|Vibrionales	that it carries out the mismatch recognition step. This protein has a weak ATPase activity	mutS	GO:0003674,GO:0003676,GO:0003677,GO:0003684,GO:0003690,GO:0003824,GO:0005488,GO:0005575,GO:0005622,GO:0005623,GO:0006139,GO:0006259,GO:0006281,GO:0006298,GO:0006725,GO:0006807,GO:0006950,GO:0006974,GO:0008094,GO:0008150,GO:0008152,GO:0009987,GO:0016462,GO:0016787,GO:0016817,GO:0016818,GO:0016887,GO:0017111,GO:0030983,GO:0032300,GO:0032991,GO:0033554,GO:0034641,GO:0042623,GO:0043170,GO:0044237,GO:0044238,GO:0044260,GO:0044424,GO:0044464,GO:0046483,GO:0050896,GO:0051716,GO:0071704,GO:0090304,GO:0097159,GO:1901360,GO:1901363,GO:1990391	ko:K03555	ko03430,map03430	ko00000,ko00001,ko03400	MutS_I,MutS_II,MutS_III,MutS_IV,MutS_V
3225	GEA52381.1	1205908.AKXW01000061_gene2774	3.47e-217	601.0	COG0568@1|root,COG0568@2|Bacteria,1MUDI@1224|Proteobacteria,1RN8V@1236|Gammaproteobacteria,1XSUN@135623|Vibrionales	Sigma factors are initiation factors that promote the attachment of RNA polymerase to specific initiation sites and are then released	rpoS	-	ko:K03087	ko02026,ko05111,map02026,map05111	ko00000,ko00001,ko03021	Sigma70_r1_2,Sigma70_r2,Sigma70_r3,Sigma70_r4
3225	GEA52382.1	1205908.AKXW01000061_gene2775	7.84e-186	519.0	COG1388@1|root,COG4942@1|root,COG1388@2|Bacteria,COG4942@2|Bacteria,1RD24@1224|Proteobacteria,1RR11@1236|Gammaproteobacteria,1XSDC@135623|Vibrionales	COG0739 Membrane proteins related to metalloendopeptidases	nlpD	-	ko:K06194	-	ko00000	LysM,Peptidase_M23
3225	GEA52383.1	1205908.AKXW01000061_gene2776	2.23e-142	402.0	COG2518@1|root,COG2518@2|Bacteria,1MXQC@1224|Proteobacteria,1RMHZ@1236|Gammaproteobacteria,1XUP9@135623|Vibrionales	Catalyzes the methyl esterification of L-isoaspartyl residues in peptides and proteins that result from spontaneous decomposition of normal L-aspartyl and L-asparaginyl residues. It plays a role in the repair and or degradation of damaged proteins	pcm	GO:0003674,GO:0003824,GO:0004719,GO:0005575,GO:0005622,GO:0005623,GO:0005737,GO:0006464,GO:0006479,GO:0006807,GO:0008150,GO:0008152,GO:0008168,GO:0008171,GO:0008213,GO:0008276,GO:0008757,GO:0009987,GO:0010340,GO:0016740,GO:0016741,GO:0019538,GO:0030091,GO:0032259,GO:0036211,GO:0043170,GO:0043412,GO:0043414,GO:0044237,GO:0044238,GO:0044260,GO:0044267,GO:0044424,GO:0044464,GO:0051998,GO:0071704,GO:0140096,GO:1901564	ko:K00573	-	ko00000,ko01000	PCMT
3225	GEA52384.1	1205908.AKXW01000061_gene2777	1.05e-173	484.0	COG0496@1|root,COG0496@2|Bacteria,1MVHE@1224|Proteobacteria,1RN36@1236|Gammaproteobacteria,1XT84@135623|Vibrionales	Nucleotidase that shows phosphatase activity on nucleoside 5'-monophosphates	surE	-	ko:K03787	ko00230,ko00240,ko00760,ko01100,ko01110,map00230,map00240,map00760,map01100,map01110	ko00000,ko00001,ko01000	SurE
3225	GEA52385.1	1205908.AKXW01000061_gene2778	8.2e-220	608.0	COG0585@1|root,COG0585@2|Bacteria,1MXHD@1224|Proteobacteria,1RPRF@1236|Gammaproteobacteria,1XTNP@135623|Vibrionales	Responsible for synthesis of pseudouridine from uracil- 13 in transfer RNAs	truD	GO:0001522,GO:0003674,GO:0003824,GO:0006139,GO:0006725,GO:0006807,GO:0008150,GO:0008152,GO:0009451,GO:0009982,GO:0009987,GO:0016070,GO:0016853,GO:0016866,GO:0034641,GO:0043170,GO:0043412,GO:0044237,GO:0044238,GO:0046483,GO:0071704,GO:0090304,GO:1901360	ko:K06176	-	ko00000,ko01000,ko03016	TruD
3225	GEA52386.1	1205908.AKXW01000061_gene2779	1.09e-109	315.0	COG0245@1|root,COG0245@2|Bacteria,1MVHA@1224|Proteobacteria,1S3RQ@1236|Gammaproteobacteria,1XTA4@135623|Vibrionales	Involved in the biosynthesis of isopentenyl diphosphate (IPP) and dimethylallyl diphosphate (DMAPP), two major building blocks of isoprenoid compounds. Catalyzes the conversion of 4- diphosphocytidyl-2-C-methyl-D-erythritol 2-phosphate (CDP-ME2P) to 2-C-methyl-D-erythritol 2,4-cyclodiphosphate (ME-CPP) with a corresponding release of cytidine 5-monophosphate (CMP)	ispF	-	ko:K01770	ko00900,ko01100,ko01110,ko01130,map00900,map01100,map01110,map01130	ko00000,ko00001,ko00002,ko01000	YgbB
3225	GEA52387.1	1205908.AKXW01000061_gene2780	7.87e-132	376.0	COG1211@1|root,COG1211@2|Bacteria,1MY3B@1224|Proteobacteria,1S21S@1236|Gammaproteobacteria,1XTAS@135623|Vibrionales	Catalyzes the formation of 4-diphosphocytidyl-2-C- methyl-D-erythritol from CTP and 2-C-methyl-D-erythritol 4- phosphate (MEP)	ispD	GO:0003674,GO:0003824,GO:0006629,GO:0006720,GO:0008150,GO:0008152,GO:0008299,GO:0008610,GO:0009058,GO:0009987,GO:0016740,GO:0016772,GO:0016779,GO:0044237,GO:0044238,GO:0044249,GO:0044255,GO:0050518,GO:0070567,GO:0071704,GO:1901576	ko:K00991	ko00900,ko01100,ko01110,ko01130,map00900,map01100,map01110,map01130	ko00000,ko00001,ko00002,ko01000	IspD
3225	GEA52388.1	1205908.AKXW01000061_gene2781	1.87e-53	168.0	COG2919@1|root,COG2919@2|Bacteria,1N7AA@1224|Proteobacteria,1SD8H@1236|Gammaproteobacteria,1XYBX@135623|Vibrionales	Essential cell division protein. May link together the upstream cell division proteins, which are predominantly cytoplasmic, with the downstream cell division proteins, which are predominantly periplasmic	ftsB	-	ko:K05589	-	ko00000,ko03036	DivIC
3225	GEA52389.1	1219072.VHA01S_053_00060	9.73e-293	801.0	COG0148@1|root,COG0148@2|Bacteria,1MU1N@1224|Proteobacteria,1RNQA@1236|Gammaproteobacteria,1XSWV@135623|Vibrionales	Catalyzes the reversible conversion of 2- phosphoglycerate into phosphoenolpyruvate. It is essential for the degradation of carbohydrates via glycolysis	eno	GO:0003674,GO:0003824,GO:0004634,GO:0005975,GO:0006082,GO:0006090,GO:0006091,GO:0006096,GO:0006139,GO:0006163,GO:0006164,GO:0006165,GO:0006725,GO:0006732,GO:0006733,GO:0006753,GO:0006754,GO:0006757,GO:0006793,GO:0006796,GO:0006807,GO:0008150,GO:0008152,GO:0009056,GO:0009058,GO:0009108,GO:0009117,GO:0009123,GO:0009124,GO:0009126,GO:0009127,GO:0009132,GO:0009135,GO:0009141,GO:0009142,GO:0009144,GO:0009145,GO:0009150,GO:0009152,GO:0009156,GO:0009161,GO:0009165,GO:0009166,GO:0009167,GO:0009168,GO:0009179,GO:0009185,GO:0009199,GO:0009201,GO:0009205,GO:0009206,GO:0009259,GO:0009260,GO:0009987,GO:0016052,GO:0016053,GO:0016310,GO:0016829,GO:0016835,GO:0016836,GO:0017144,GO:0018130,GO:0019359,GO:0019362,GO:0019363,GO:0019438,GO:0019439,GO:0019637,GO:0019693,GO:0019752,GO:0032787,GO:0034404,GO:0034641,GO:0034654,GO:0034655,GO:0042866,GO:0043436,GO:0044237,GO:0044238,GO:0044248,GO:0044249,GO:0044270,GO:0044271,GO:0044281,GO:0044283,GO:0046031,GO:0046034,GO:0046390,GO:0046394,GO:0046434,GO:0046483,GO:0046496,GO:0046700,GO:0046939,GO:0051186,GO:0051188,GO:0055086,GO:0071704,GO:0072330,GO:0072521,GO:0072522,GO:0072524,GO:0072525,GO:0090407,GO:1901135,GO:1901137,GO:1901292,GO:1901293,GO:1901360,GO:1901361,GO:1901362,GO:1901564,GO:1901566,GO:1901575,GO:1901576	ko:K01689	ko00010,ko00680,ko01100,ko01110,ko01120,ko01130,ko01200,ko01230,ko03018,ko04066,map00010,map00680,map01100,map01110,map01120,map01130,map01200,map01230,map03018,map04066	ko00000,ko00001,ko00002,ko01000,ko03019,ko04147	Enolase_C,Enolase_N
3225	GEA52390.1	1205908.AKXW01000061_gene2783	0.0	1068.0	COG0504@1|root,COG0504@2|Bacteria,1MUIT@1224|Proteobacteria,1RM92@1236|Gammaproteobacteria,1XSS5@135623|Vibrionales	Catalyzes the ATP-dependent amination of UTP to CTP with either L-glutamine or ammonia as the source of nitrogen. Regulates intracellular CTP levels through interactions with the four ribonucleotide triphosphates	pyrG	GO:0003674,GO:0003824,GO:0003883,GO:0006139,GO:0006220,GO:0006221,GO:0006725,GO:0006753,GO:0006793,GO:0006796,GO:0006807,GO:0008150,GO:0008152,GO:0009058,GO:0009117,GO:0009165,GO:0009218,GO:0009220,GO:0009259,GO:0009260,GO:0009987,GO:0016874,GO:0016879,GO:0018130,GO:0019438,GO:0019637,GO:0019693,GO:0034641,GO:0034654,GO:0044237,GO:0044238,GO:0044249,GO:0044271,GO:0044281,GO:0046390,GO:0046483,GO:0055086,GO:0071704,GO:0072527,GO:0072528,GO:0090407,GO:1901135,GO:1901137,GO:1901293,GO:1901360,GO:1901362,GO:1901564,GO:1901566,GO:1901576	ko:K01937	ko00240,ko01100,map00240,map01100	ko00000,ko00001,ko00002,ko01000	CTP_synth_N,GATase
3225	GEA52391.1	1205908.AKXW01000061_gene2784	1.49e-183	511.0	COG1694@1|root,COG3956@2|Bacteria,1MVKM@1224|Proteobacteria,1RNVU@1236|Gammaproteobacteria,1XVCP@135623|Vibrionales	Nucleoside triphosphate	mazG	-	ko:K04765	ko00230,ko00240,ko00760,ko00770,ko01100,map00230,map00240,map00760,map00770,map01100	ko00000,ko00001,ko01000	MazG
3225	GEA52392.1	1205908.AKXW01000061_gene2785	0.0	1432.0	COG0317@1|root,COG0317@2|Bacteria,1MU44@1224|Proteobacteria,1RN3H@1236|Gammaproteobacteria,1XTUV@135623|Vibrionales	In eubacteria ppGpp (guanosine 3'-diphosphate 5-' diphosphate) is a mediator of the stringent response that coordinates a variety of cellular activities in response to changes in nutritional abundance	relA	-	ko:K00951	ko00230,map00230	ko00000,ko00001,ko01000	ACT_4,HD_4,RelA_SpoT,TGS
3225	GEA52393.1	1205908.AKXW01000061_gene2786	8.7e-296	809.0	COG2265@1|root,COG2265@2|Bacteria,1MV3A@1224|Proteobacteria,1RN1D@1236|Gammaproteobacteria,1XUN9@135623|Vibrionales	Catalyzes the formation of 5-methyl-uridine at position 1939 (m5U1939) in 23S rRNA	rlmD	GO:0000154,GO:0001510,GO:0003674,GO:0003824,GO:0006139,GO:0006364,GO:0006396,GO:0006725,GO:0006807,GO:0008150,GO:0008152,GO:0008168,GO:0008173,GO:0008649,GO:0008757,GO:0009451,GO:0009987,GO:0010467,GO:0016070,GO:0016072,GO:0016740,GO:0016741,GO:0022613,GO:0031167,GO:0032259,GO:0034470,GO:0034641,GO:0034660,GO:0042254,GO:0043170,GO:0043412,GO:0043414,GO:0044085,GO:0044237,GO:0044238,GO:0044260,GO:0046483,GO:0071704,GO:0071840,GO:0090304,GO:0140098,GO:0140102,GO:1901360	ko:K03215	-	ko00000,ko01000,ko03009	TRAM,tRNA_U5-meth_tr
3225	GEA52394.1	1205908.AKXW01000061_gene2787	0.0	1660.0	COG0642@1|root,COG2205@2|Bacteria,1NRP8@1224|Proteobacteria,1SKTW@1236|Gammaproteobacteria,1XV4F@135623|Vibrionales	Histidine kinase	barA	-	ko:K07678	ko02020,ko02025,ko02026,ko05111,map02020,map02025,map02026,map05111	ko00000,ko00001,ko00002,ko01000,ko01001,ko02022	DUF2222,HATPase_c,HisKA,Hpt,Response_reg
3225	GEA52395.1	1205908.AKXW01000061_gene2788	7.78e-76	227.0	COG0736@1|root,COG0736@2|Bacteria,1MZBF@1224|Proteobacteria,1S98P@1236|Gammaproteobacteria,1XXAM@135623|Vibrionales	Transfers the 4'-phosphopantetheine moiety from coenzyme A to a Ser of acyl-carrier-protein	acpS	GO:0003674,GO:0003824,GO:0006629,GO:0008150,GO:0008152,GO:0008610,GO:0008897,GO:0009058,GO:0016740,GO:0016772,GO:0016780,GO:0044238,GO:0071704,GO:1901576	ko:K00997	ko00770,map00770	ko00000,ko00001,ko01000	ACPS
3225	GEA52396.1	1205908.AKXW01000061_gene2789	3.79e-165	462.0	COG0854@1|root,COG0854@2|Bacteria,1MU9W@1224|Proteobacteria,1RMS5@1236|Gammaproteobacteria,1XTR0@135623|Vibrionales	Catalyzes the complicated ring closure reaction between the two acyclic compounds 1-deoxy-D-xylulose-5-phosphate (DXP) and 3-amino-2-oxopropyl phosphate (1-amino-acetone-3-phosphate or AAP) to form pyridoxine 5'-phosphate (PNP) and inorganic phosphate	pdxJ	GO:0003674,GO:0003824,GO:0005575,GO:0005622,GO:0005623,GO:0005737,GO:0005829,GO:0006725,GO:0006766,GO:0006767,GO:0006807,GO:0008150,GO:0008152,GO:0008614,GO:0008615,GO:0009058,GO:0009110,GO:0009987,GO:0016740,GO:0016769,GO:0017144,GO:0018130,GO:0019438,GO:0033856,GO:0034641,GO:0042364,GO:0042816,GO:0042819,GO:0044237,GO:0044249,GO:0044271,GO:0044281,GO:0044283,GO:0044424,GO:0044444,GO:0044464,GO:0046483,GO:0051186,GO:0051188,GO:0071704,GO:0072524,GO:0072525,GO:1901360,GO:1901362,GO:1901564,GO:1901566,GO:1901576,GO:1901615,GO:1901617	ko:K03474	ko00750,ko01100,map00750,map01100	ko00000,ko00001,ko00002,ko01000	PdxJ
3225	GEA52397.1	1205908.AKXW01000061_gene2790	1.38e-165	463.0	COG1381@1|root,COG1381@2|Bacteria,1RHIC@1224|Proteobacteria,1RN8Y@1236|Gammaproteobacteria,1XU1R@135623|Vibrionales	Involved in DNA repair and RecF pathway recombination	recO	-	ko:K03584	ko03440,map03440	ko00000,ko00001,ko03400	RecO_C,RecO_N
3225	GEA52398.1	1205908.AKXW01000061_gene2791	6.15e-234	644.0	COG1159@1|root,COG1159@2|Bacteria,1MUKT@1224|Proteobacteria,1RN3A@1236|Gammaproteobacteria,1XUB4@135623|Vibrionales	An essential GTPase that binds both GDP and GTP, with rapid nucleotide exchange. Plays a role in 16S rRNA processing and 30S ribosomal subunit biogenesis and possibly also in cell cycle regulation and energy metabolism	era	GO:0000166,GO:0001882,GO:0001883,GO:0003674,GO:0005488,GO:0005525,GO:0017076,GO:0019001,GO:0032549,GO:0032550,GO:0032553,GO:0032555,GO:0032561,GO:0035639,GO:0036094,GO:0043167,GO:0043168,GO:0097159,GO:0097367,GO:1901265,GO:1901363	ko:K03595	-	ko00000,ko03009,ko03029	KH_2,MMR_HSR1
3225	GEA52399.1	1205908.AKXW01000061_gene2792	3.67e-154	433.0	COG0571@1|root,COG0571@2|Bacteria,1MUQ6@1224|Proteobacteria,1RN0C@1236|Gammaproteobacteria,1XTPC@135623|Vibrionales	Digests double-stranded RNA. Involved in the processing of primary rRNA transcript to yield the immediate precursors to the large and small rRNAs (23S and 16S). Processes some mRNAs, and tRNAs when they are encoded in the rRNA operon. Processes pre- crRNA and tracrRNA of type II CRISPR loci if present in the organism	rnc	GO:0003674,GO:0003676,GO:0003723,GO:0003725,GO:0003824,GO:0004518,GO:0004519,GO:0004521,GO:0004525,GO:0004540,GO:0005488,GO:0006139,GO:0006396,GO:0006725,GO:0006807,GO:0008150,GO:0008152,GO:0009987,GO:0010467,GO:0016070,GO:0016787,GO:0016788,GO:0016891,GO:0016893,GO:0032296,GO:0034641,GO:0043170,GO:0044237,GO:0044238,GO:0046483,GO:0071704,GO:0090304,GO:0090305,GO:0090501,GO:0090502,GO:0097159,GO:0140098,GO:1901360,GO:1901363	ko:K03685	ko03008,ko05205,map03008,map05205	ko00000,ko00001,ko01000,ko03009,ko03019,ko03036	Ribonucleas_3_3,dsrm
3225	GEA52400.1	1205908.AKXW01000061_gene2793	8.95e-221	608.0	COG0681@1|root,COG0681@2|Bacteria,1MXUF@1224|Proteobacteria,1RMHI@1236|Gammaproteobacteria,1XUWQ@135623|Vibrionales	Belongs to the peptidase S26 family	lepB	-	ko:K03100	ko02024,ko03060,map02024,map03060	ko00000,ko00001,ko01000,ko01002	Peptidase_S24,Peptidase_S26
3225	GEA52401.1	1219080.VEZ01S_04_00130	0.0	1146.0	COG0481@1|root,COG0481@2|Bacteria,1MVZA@1224|Proteobacteria,1RPFB@1236|Gammaproteobacteria,1XTJC@135623|Vibrionales	Required for accurate and efficient protein synthesis under certain stress conditions. May act as a fidelity factor of the translation reaction, by catalyzing a one-codon backward translocation of tRNAs on improperly translocated ribosomes. Back- translocation proceeds from a post-translocation (POST) complex to a pre-translocation (PRE) complex, thus giving elongation factor G a second chance to translocate the tRNAs correctly. Binds to ribosomes in a GTP-dependent manner	lepA	GO:0000166,GO:0001882,GO:0001883,GO:0003674,GO:0005488,GO:0005525,GO:0017076,GO:0019001,GO:0032549,GO:0032550,GO:0032553,GO:0032555,GO:0032561,GO:0035639,GO:0036094,GO:0043167,GO:0043168,GO:0097159,GO:0097367,GO:1901265,GO:1901363	ko:K03596	ko05134,map05134	ko00000,ko00001	EFG_C,GTP_EFTU,GTP_EFTU_D2,LepA_C
3225	GEA52402.1	1205908.AKXW01000061_gene2795	3.42e-95	279.0	COG3086@1|root,COG3086@2|Bacteria,1N6QS@1224|Proteobacteria,1SCTM@1236|Gammaproteobacteria,1XWZF@135623|Vibrionales	COG3086 Positive regulator of sigma E activity	rseC	-	ko:K03803	-	ko00000,ko03021	RseC_MucC
3225	GEA52403.1	1205908.AKXW01000061_gene2796	5.71e-212	587.0	COG3026@1|root,COG3026@2|Bacteria,1MUQ8@1224|Proteobacteria,1RNF3@1236|Gammaproteobacteria,1XSY1@135623|Vibrionales	COG3026 Negative regulator of sigma E activity	rseB	-	ko:K03598	-	ko00000,ko03021	MucB_RseB,MucB_RseB_C
3225	GEA52404.1	1205908.AKXW01000061_gene2797	2.13e-136	387.0	COG3073@1|root,COG3073@2|Bacteria,1R4U0@1224|Proteobacteria,1RN98@1236|Gammaproteobacteria,1XSUI@135623|Vibrionales	An anti-sigma factor for extracytoplasmic function (ECF) sigma factor sigma-E (RpoE). ECF sigma factors are held in an inactive form by an anti-sigma factor until released by regulated intramembrane proteolysis (RIP). RIP occurs when an extracytoplasmic signal triggers a concerted proteolytic cascade to transmit information and elicit cellular responses. The membrane-spanning regulatory substrate protein is first cut periplasmically (site-1 protease, S1P, DegS), then within the membrane itself (site-2 protease, S2P, RseP), while cytoplasmic proteases finish degrading the anti-sigma factor, liberating sigma-E	rseA	-	ko:K03597	-	ko00000,ko03021	RseA_C,RseA_N
3225	GEA52405.1	1205908.AKXW01000061_gene2798	8.88e-132	374.0	COG1595@1|root,COG1595@2|Bacteria,1MX7T@1224|Proteobacteria,1RN64@1236|Gammaproteobacteria,1XT4Z@135623|Vibrionales	Belongs to the sigma-70 factor family. ECF subfamily	rpoE	-	ko:K03088	-	ko00000,ko03021	Sigma70_r2,Sigma70_r4_2
3225	GEA52406.1	1205908.AKXW01000061_gene2799	0.0	1086.0	COG0029@1|root,COG0029@2|Bacteria,1RBQW@1224|Proteobacteria,1RMMD@1236|Gammaproteobacteria,1XT0I@135623|Vibrionales	Catalyzes the oxidation of L-aspartate to iminoaspartate	nadB	GO:0001716,GO:0003674,GO:0003824,GO:0006139,GO:0006725,GO:0006732,GO:0006733,GO:0006734,GO:0006753,GO:0006793,GO:0006796,GO:0006807,GO:0008150,GO:0008152,GO:0008734,GO:0009117,GO:0009987,GO:0015922,GO:0016491,GO:0016638,GO:0016641,GO:0019362,GO:0019637,GO:0019674,GO:0034641,GO:0044237,GO:0044238,GO:0044281,GO:0046483,GO:0046496,GO:0051186,GO:0055086,GO:0055114,GO:0071704,GO:0072524,GO:1901360,GO:1901564	ko:K00278	ko00250,ko00760,ko01100,map00250,map00760,map01100	ko00000,ko00001,ko00002,ko01000	FAD_binding_2,Succ_DH_flav_C
3225	GEA52407.1	1205908.AKXW01000061_gene2800	1.06e-57	178.0	COG2938@1|root,COG2938@2|Bacteria,1N7P4@1224|Proteobacteria,1SCKB@1236|Gammaproteobacteria,1XXUM@135623|Vibrionales	An FAD assembly protein, which accelerates covalent attachment of the cofactor into other proteins. Plays an essential role in the assembly of succinate dehydrogenase (SDH, respiratory complex II), an enzyme complex that is a component of both the tricarboxylic acid cycle and the electron transport chain, and which couples the oxidation of succinate to fumarate with the reduction of ubiquinone (coenzyme Q) to ubiquinol. Required for flavinylation (covalent attachment of FAD) of the flavoprotein subunit SdhA of SDH and other flavinylated proteins as well	sdhE	GO:0006082,GO:0006091,GO:0006099,GO:0006101,GO:0006464,GO:0006807,GO:0008150,GO:0008152,GO:0009060,GO:0009987,GO:0015980,GO:0016999,GO:0017144,GO:0018065,GO:0018293,GO:0019538,GO:0019752,GO:0036211,GO:0043170,GO:0043412,GO:0043436,GO:0044237,GO:0044238,GO:0044260,GO:0044267,GO:0044281,GO:0045333,GO:0055114,GO:0071704,GO:0072350,GO:1901564	ko:K09159	-	ko00000,ko02048	Sdh5
3225	GEA52408.1	1205908.AKXW01000061_gene2801	7.36e-202	561.0	COG0354@1|root,COG0354@2|Bacteria,1N852@1224|Proteobacteria,1RPWB@1236|Gammaproteobacteria,1XTWH@135623|Vibrionales	Folate-binding protein involved in regulating the level of ATP-DnaA and in the modification of some tRNAs. It is probably a key factor in regulatory networks that act via tRNA modification, such as initiation of chromosomal replication	ygfZ	GO:0006790,GO:0008150,GO:0008152,GO:0009987,GO:0016043,GO:0016226,GO:0022607,GO:0031163,GO:0044085,GO:0044237,GO:0051186,GO:0071840	ko:K06980	-	ko00000,ko03016	GCV_T
3225	GEA52409.1	1205908.AKXW01000061_gene2802	1.31e-92	272.0	COG2606@1|root,COG2606@2|Bacteria,1QJRS@1224|Proteobacteria,1SHYA@1236|Gammaproteobacteria,1XXFV@135623|Vibrionales	Aminoacyl-tRNA editing domain	-	-	ko:K19055	-	ko00000,ko01000,ko03016	tRNA_edit
3225	GEA52410.1	1205908.AKXW01000061_gene2803	5.89e-42	137.0	2CTIP@1|root,32STK@2|Bacteria,1MZ8V@1224|Proteobacteria,1SEQR@1236|Gammaproteobacteria,1XYB9@135623|Vibrionales	Protein of unknown function (DUF1107)	-	-	-	-	-	DUF1107
3225	GEA52411.1	1205908.AKXW01000061_gene2804	1.03e-266	733.0	COG0654@1|root,COG0654@2|Bacteria,1MU6I@1224|Proteobacteria,1RND5@1236|Gammaproteobacteria,1XU9H@135623|Vibrionales	COG0654 2-polyprenyl-6-methoxyphenol hydroxylase and related FAD-dependent oxidoreductases	visC	-	ko:K18800	ko00130,ko01100,ko01110,map00130,map01100,map01110	ko00000,ko00001,ko00002,ko01000	FAD_binding_3
3225	GEA52412.1	1205908.AKXW01000061_gene2805	1.49e-256	706.0	COG0654@1|root,COG0654@2|Bacteria,1MU6I@1224|Proteobacteria,1RMS3@1236|Gammaproteobacteria,1XTCE@135623|Vibrionales	COG0654 2-polyprenyl-6-methoxyphenol hydroxylase and related FAD-dependent oxidoreductases	ubiH	-	ko:K03185	ko00130,ko01100,ko01110,map00130,map01100,map01110	ko00000,ko00001,ko00002,ko01000	FAD_binding_3
3225	GEA52413.1	1205908.AKXW01000061_gene2806	4.38e-121	347.0	COG3079@1|root,COG3079@2|Bacteria,1N7W0@1224|Proteobacteria,1SCPW@1236|Gammaproteobacteria,1XT2F@135623|Vibrionales	Belongs to the UPF0149 family	VV2847	-	ko:K09895	-	ko00000	UPF0149
3225	GEA52414.1	1205908.AKXW01000061_gene2807	2.29e-54	171.0	COG3027@1|root,COG3027@2|Bacteria,1NJEZ@1224|Proteobacteria,1SAG6@1236|Gammaproteobacteria,1XYD2@135623|Vibrionales	Activator of cell division through the inhibition of FtsZ GTPase activity, therefore promoting FtsZ assembly into bundles of protofilaments necessary for the formation of the division Z ring. It is recruited early at mid-cell but it is not essential for cell division	zapA	-	ko:K09888	-	ko00000,ko03036	ZapA
3225	GEA52415.1	1205908.AKXW01000061_gene2808	1.26e-123	355.0	COG0212@1|root,COG0212@2|Bacteria,1MZG0@1224|Proteobacteria,1S612@1236|Gammaproteobacteria,1XT1H@135623|Vibrionales	Belongs to the 5-formyltetrahydrofolate cyclo-ligase family	ygfA	-	ko:K01934	ko00670,ko01100,map00670,map01100	ko00000,ko00001,ko01000	5-FTHF_cyc-lig
3225	GEA52416.1	1205908.AKXW01000061_gene2809	3.41e-151	425.0	COG0120@1|root,COG0120@2|Bacteria,1MVGR@1224|Proteobacteria,1RNF8@1236|Gammaproteobacteria,1XSM7@135623|Vibrionales	Catalyzes the reversible conversion of ribose-5- phosphate to ribulose 5-phosphate	rpiA	GO:0003674,GO:0003824,GO:0004751,GO:0005575,GO:0005622,GO:0005623,GO:0005737,GO:0005829,GO:0005975,GO:0005996,GO:0006014,GO:0006081,GO:0006098,GO:0006139,GO:0006725,GO:0006732,GO:0006733,GO:0006739,GO:0006753,GO:0006793,GO:0006796,GO:0006807,GO:0008150,GO:0008152,GO:0009052,GO:0009117,GO:0009987,GO:0016853,GO:0016860,GO:0016861,GO:0019321,GO:0019362,GO:0019637,GO:0019682,GO:0019693,GO:0034641,GO:0044237,GO:0044238,GO:0044281,GO:0044424,GO:0044444,GO:0044464,GO:0046483,GO:0046496,GO:0051156,GO:0051186,GO:0055086,GO:0071704,GO:0072524,GO:1901135,GO:1901360,GO:1901564	ko:K01807	ko00030,ko00710,ko01100,ko01110,ko01120,ko01130,ko01200,ko01230,map00030,map00710,map01100,map01110,map01120,map01130,map01200,map01230	ko00000,ko00001,ko00002,ko01000	Rib_5-P_isom_A
3225	GEA52417.1	1205908.AKXW01000061_gene2810	1.22e-290	794.0	COG0111@1|root,COG0111@2|Bacteria,1MU5Z@1224|Proteobacteria,1RPEY@1236|Gammaproteobacteria,1XSKJ@135623|Vibrionales	Belongs to the D-isomer specific 2-hydroxyacid dehydrogenase family	serA	-	ko:K00058	ko00260,ko00680,ko01100,ko01120,ko01130,ko01200,ko01230,map00260,map00680,map01100,map01120,map01130,map01200,map01230	ko00000,ko00001,ko00002,ko01000,ko04147	2-Hacid_dh,2-Hacid_dh_C,ACT
3225	GEA52418.1	1205908.AKXW01000061_gene2811	3.03e-145	411.0	COG2968@1|root,COG2968@2|Bacteria,1RH7T@1224|Proteobacteria,1RP7T@1236|Gammaproteobacteria,1XUSG@135623|Vibrionales	Protein of unknown function (DUF541)	-	-	ko:K09807	-	ko00000	SIMPL
3225	GEA52419.1	1205908.AKXW01000061_gene2812	1.86e-190	531.0	COG0668@1|root,COG0668@2|Bacteria,1N596@1224|Proteobacteria,1RQZP@1236|Gammaproteobacteria,1XU44@135623|Vibrionales	COG0668 Small-conductance mechanosensitive channel	mscS	-	ko:K03442	-	ko00000,ko02000	MS_channel,TM_helix
3225	GEA52420.1	1205908.AKXW01000061_gene2813	2.9e-254	697.0	COG0191@1|root,COG0191@2|Bacteria,1MURX@1224|Proteobacteria,1RQUC@1236|Gammaproteobacteria,1XUCQ@135623|Vibrionales	COG0191 Fructose tagatose bisphosphate aldolase	fbaA	-	ko:K01624	ko00010,ko00030,ko00051,ko00680,ko00710,ko01100,ko01110,ko01120,ko01130,ko01200,ko01230,map00010,map00030,map00051,map00680,map00710,map01100,map01110,map01120,map01130,map01200,map01230	ko00000,ko00001,ko00002,ko01000	F_bP_aldolase
3225	GEA52421.1	1205908.AKXW01000061_gene2814	2.17e-266	731.0	COG0126@1|root,COG0126@2|Bacteria,1MUNU@1224|Proteobacteria,1RMUQ@1236|Gammaproteobacteria,1XT9V@135623|Vibrionales	Belongs to the phosphoglycerate kinase family	pgk	GO:0005575,GO:0005622,GO:0005623,GO:0005737,GO:0044424,GO:0044464	ko:K00927	ko00010,ko00710,ko01100,ko01110,ko01120,ko01130,ko01200,ko01230,map00010,map00710,map01100,map01110,map01120,map01130,map01200,map01230	ko00000,ko00001,ko00002,ko01000,ko04147	PGK
3225	GEA52422.1	1205908.AKXW01000061_gene2815	7.29e-244	670.0	COG0057@1|root,COG0057@2|Bacteria,1MU93@1224|Proteobacteria,1RMBM@1236|Gammaproteobacteria,1XUQJ@135623|Vibrionales	Catalyzes the NAD-dependent conversion of D-erythrose 4- phosphate to 4-phosphoerythronate	epd	GO:0003674,GO:0003824,GO:0008150,GO:0008152,GO:0016491,GO:0016620,GO:0016903,GO:0048001,GO:0055114	ko:K03472	ko00750,ko01100,map00750,map01100	ko00000,ko00001,ko00002,ko01000	Gp_dh_C,Gp_dh_N
3225	GEA52423.1	1191299.AJYX01000064_gene3587	3.05e-26	105.0	COG1287@1|root,COG1287@2|Bacteria,1RCIB@1224|Proteobacteria,1THEW@1236|Gammaproteobacteria,1XV44@135623|Vibrionales	oligosaccharyl transferase activity	-	-	-	-	-	-
3225	GEA52424.1	941449.dsx2_2047	2.77e-138	407.0	COG0463@1|root,COG0463@2|Bacteria,1MXC1@1224|Proteobacteria,42ZMZ@68525|delta/epsilon subdivisions,2X27A@28221|Deltaproteobacteria,2M8TC@213115|Desulfovibrionales	Glycosyl transferase family 2	-	-	-	-	-	Glycos_transf_2
3225	GEA52426.1	1380600.AUYN01000009_gene1977	1.72e-20	103.0	COG2194@1|root,COG2194@2|Bacteria,4NKPH@976|Bacteroidetes,1IIG5@117743|Flavobacteriia	Sulfatase	-	-	ko:K03760,ko:K19353	ko00540,ko01503,map00540,map01503	ko00000,ko00001,ko00002,ko01000,ko01005	DUF1705,Sulfatase
3225	GEA52427.1	1205908.AKXW01000061_gene2817	0.0	1311.0	COG0021@1|root,COG0021@2|Bacteria,1MUEY@1224|Proteobacteria,1RMWP@1236|Gammaproteobacteria,1XSX1@135623|Vibrionales	Catalyzes the transfer of a two-carbon ketol group from a ketose donor to an aldose acceptor, via a covalent intermediate with the cofactor thiamine pyrophosphate	tktA	-	ko:K00615	ko00030,ko00710,ko01051,ko01100,ko01110,ko01120,ko01130,ko01200,ko01230,map00030,map00710,map01051,map01100,map01110,map01120,map01130,map01200,map01230	ko00000,ko00001,ko00002,ko01000	Transket_pyr,Transketolase_C,Transketolase_N
3225	GEA52428.1	312309.VF_0439	1.47e-267	733.0	COG0192@1|root,COG0192@2|Bacteria,1MUFQ@1224|Proteobacteria,1RNV6@1236|Gammaproteobacteria,1XSPC@135623|Vibrionales	Catalyzes the formation of S-adenosylmethionine (AdoMet) from methionine and ATP. The overall synthetic reaction is composed of two sequential steps, AdoMet formation and the subsequent tripolyphosphate hydrolysis which occurs prior to release of AdoMet from the enzyme	metK	GO:0003674,GO:0003824,GO:0004478,GO:0005575,GO:0005622,GO:0005623,GO:0005737,GO:0005829,GO:0006556,GO:0006732,GO:0006790,GO:0008150,GO:0008152,GO:0009058,GO:0009108,GO:0009987,GO:0016740,GO:0016765,GO:0017144,GO:0044237,GO:0044249,GO:0044272,GO:0044424,GO:0044444,GO:0044464,GO:0046500,GO:0051186,GO:0051188,GO:0071704,GO:1901576	ko:K00789	ko00270,ko01100,ko01110,ko01230,map00270,map01100,map01110,map01230	ko00000,ko00001,ko00002,ko01000	S-AdoMet_synt_C,S-AdoMet_synt_M,S-AdoMet_synt_N
3225	GEA52429.1	1205908.AKXW01000061_gene2819	1.55e-179	501.0	COG5473@1|root,COG5473@2|Bacteria,1MVRU@1224|Proteobacteria,1RPJA@1236|Gammaproteobacteria,1XSYE@135623|Vibrionales	Predicted integral membrane protein (DUF2189)	-	-	-	-	-	DUF2189
3225	GEA52430.1	1205908.AKXW01000061_gene2820	1.21e-104	303.0	COG3091@1|root,COG3091@2|Bacteria,1RJW4@1224|Proteobacteria,1S70F@1236|Gammaproteobacteria,1XW7P@135623|Vibrionales	Belongs to the SprT family	sprT	-	ko:K02742	-	ko00000	SprT-like,Zn_ribbon_SprT
3225	GEA52431.1	1205908.AKXW01000061_gene2821	3.69e-166	464.0	COG2356@1|root,COG2356@2|Bacteria,1MXQM@1224|Proteobacteria,1RPX9@1236|Gammaproteobacteria,1XSKD@135623|Vibrionales	COG2356 Endonuclease I	endA	GO:0003674,GO:0003824,GO:0004518,GO:0004536,GO:0005575,GO:0005576,GO:0006139,GO:0006259,GO:0006308,GO:0006725,GO:0006807,GO:0008150,GO:0008152,GO:0009056,GO:0009057,GO:0009987,GO:0016787,GO:0016788,GO:0019439,GO:0034641,GO:0034655,GO:0043170,GO:0044237,GO:0044238,GO:0044248,GO:0044260,GO:0044265,GO:0044270,GO:0046483,GO:0046700,GO:0071704,GO:0090304,GO:0090305,GO:0140097,GO:1901360,GO:1901361,GO:1901575	ko:K01150	-	ko00000,ko01000	Endonuclease_1
3225	GEA52432.1	1205908.AKXW01000061_gene2822	2.9e-169	473.0	COG1385@1|root,COG1385@2|Bacteria,1MXCU@1224|Proteobacteria,1RPBN@1236|Gammaproteobacteria,1XUB1@135623|Vibrionales	Specifically methylates the N3 position of the uracil ring of uridine 1498 (m3U1498) in 16S rRNA. Acts on the fully assembled 30S ribosomal subunit	rsmE	-	ko:K09761	-	ko00000,ko01000,ko03009	Methyltrans_RNA
3225	GEA52433.1	1205908.AKXW01000061_gene2823	7.37e-224	617.0	COG0189@1|root,COG0189@2|Bacteria,1MVUA@1224|Proteobacteria,1RMU0@1236|Gammaproteobacteria,1XSEZ@135623|Vibrionales	Belongs to the prokaryotic GSH synthase family	gshB	GO:0003674,GO:0003824,GO:0004363,GO:0005575,GO:0005622,GO:0005623,GO:0005737,GO:0006518,GO:0006575,GO:0006749,GO:0006750,GO:0006790,GO:0006807,GO:0008150,GO:0008152,GO:0009058,GO:0009987,GO:0016874,GO:0016879,GO:0016881,GO:0019184,GO:0034641,GO:0042398,GO:0043043,GO:0043603,GO:0043604,GO:0044237,GO:0044249,GO:0044271,GO:0044272,GO:0044424,GO:0044464,GO:0051186,GO:0051188,GO:0071704,GO:1901564,GO:1901566,GO:1901576	ko:K01920	ko00270,ko00480,ko01100,map00270,map00480,map01100	ko00000,ko00001,ko00002,ko01000	GSH-S_ATP,GSH-S_N
3225	GEA52434.1	1205908.AKXW01000061_gene2824	8.59e-127	361.0	COG1678@1|root,COG1678@2|Bacteria,1RCXM@1224|Proteobacteria,1S3YV@1236|Gammaproteobacteria,1XU0H@135623|Vibrionales	Belongs to the UPF0301 (AlgH) family	yqgE	-	ko:K07735	-	ko00000,ko03000	DUF179
3225	GEA52435.1	1205908.AKXW01000061_gene2825	1.33e-99	288.0	COG0816@1|root,COG0816@2|Bacteria,1RDHZ@1224|Proteobacteria,1S96Q@1236|Gammaproteobacteria,1XWVP@135623|Vibrionales	Could be a nuclease involved in processing of the 5'-end of pre-16S rRNA	yqgF	GO:0000966,GO:0000967,GO:0005575,GO:0005622,GO:0005623,GO:0005737,GO:0005829,GO:0006139,GO:0006364,GO:0006396,GO:0006725,GO:0006807,GO:0008150,GO:0008152,GO:0009987,GO:0010467,GO:0016070,GO:0016072,GO:0022613,GO:0034470,GO:0034471,GO:0034641,GO:0034660,GO:0042254,GO:0043170,GO:0044085,GO:0044237,GO:0044238,GO:0044424,GO:0044444,GO:0044464,GO:0046483,GO:0071704,GO:0071840,GO:0090304,GO:1901360	ko:K07447	-	ko00000,ko01000	RuvX
3225	GEA52436.1	1205908.AKXW01000061_gene2826	3.03e-256	703.0	COG5008@1|root,COG5008@2|Bacteria,1QTTX@1224|Proteobacteria,1RN0B@1236|Gammaproteobacteria,1XUSR@135623|Vibrionales	COG5008 Tfp pilus assembly protein, ATPase PilU	pilU	-	ko:K02670	-	ko00000,ko02035,ko02044	T2SSE
3225	GEA52437.1	1205908.AKXW01000061_gene2827	5.48e-238	655.0	COG2805@1|root,COG2805@2|Bacteria,1MU3J@1224|Proteobacteria,1RN8G@1236|Gammaproteobacteria,1XUQV@135623|Vibrionales	COG2805 Tfp pilus assembly protein, pilus retraction ATPase PilT	pilT	-	ko:K02669	-	ko00000,ko02035,ko02044	T2SSE
3225	GEA52438.1	1205908.AKXW01000061_gene2828	4.52e-149	421.0	COG0325@1|root,COG0325@2|Bacteria,1MWN7@1224|Proteobacteria,1RNPM@1236|Gammaproteobacteria,1XT7U@135623|Vibrionales	Pyridoxal 5'-phosphate (PLP)-binding protein, which is involved in PLP homeostasis	yggS	GO:0003674,GO:0005488,GO:0005575,GO:0005622,GO:0005623,GO:0008144,GO:0019842,GO:0030170,GO:0036094,GO:0043167,GO:0043168,GO:0044464,GO:0048037,GO:0050662,GO:0070279,GO:0097159,GO:1901363	ko:K06997	-	ko00000	Ala_racemase_N
3225	GEA52439.1	1205908.AKXW01000061_gene2829	1.73e-165	466.0	COG0345@1|root,COG0345@2|Bacteria,1R5J1@1224|Proteobacteria,1RNQK@1236|Gammaproteobacteria,1XSBY@135623|Vibrionales	Catalyzes the reduction of 1-pyrroline-5-carboxylate (PCA) to L-proline	proC	-	ko:K00286	ko00330,ko01100,ko01110,ko01130,ko01230,map00330,map01100,map01110,map01130,map01230	ko00000,ko00001,ko00002,ko01000	F420_oxidored,P5CR_dimer
3225	GEA52440.1	1205908.AKXW01000061_gene2830	1.42e-119	343.0	COG0762@1|root,COG0762@2|Bacteria,1RCZV@1224|Proteobacteria,1S6DW@1236|Gammaproteobacteria,1XTKT@135623|Vibrionales	Integral membrane protein	yggT	-	ko:K02221	-	ko00000,ko02044	YGGT
3225	GEA52441.1	1205908.AKXW01000061_gene2831	2.17e-92	271.0	2DP15@1|root,3303T@2|Bacteria,1N7NN@1224|Proteobacteria,1S90P@1236|Gammaproteobacteria,1XXF1@135623|Vibrionales	Domain of unknown function (DUF4426)	PP5099	-	-	-	-	DUF4426
3225	GEA52442.1	1205908.AKXW01000061_gene2832	1.37e-131	374.0	COG0127@1|root,COG0127@2|Bacteria,1MUK5@1224|Proteobacteria,1S27C@1236|Gammaproteobacteria,1XSX5@135623|Vibrionales	Pyrophosphatase that catalyzes the hydrolysis of nucleoside triphosphates to their monophosphate derivatives, with a high preference for the non-canonical purine nucleotides XTP (xanthosine triphosphate), dITP (deoxyinosine triphosphate) and ITP. Seems to function as a house-cleaning enzyme that removes non-canonical purine nucleotides from the nucleotide pool, thus preventing their incorporation into DNA RNA and avoiding chromosomal lesions	rdgB	GO:0003674,GO:0003824,GO:0005575,GO:0005622,GO:0005623,GO:0005737,GO:0005829,GO:0006139,GO:0006725,GO:0006753,GO:0006793,GO:0006796,GO:0006807,GO:0008150,GO:0008152,GO:0009056,GO:0009058,GO:0009141,GO:0009143,GO:0009987,GO:0016462,GO:0016787,GO:0016817,GO:0016818,GO:0018130,GO:0019438,GO:0019439,GO:0019637,GO:0034404,GO:0034641,GO:0034654,GO:0034655,GO:0044237,GO:0044238,GO:0044248,GO:0044249,GO:0044270,GO:0044271,GO:0044281,GO:0044283,GO:0044424,GO:0044444,GO:0044464,GO:0046434,GO:0046483,GO:0046700,GO:0047429,GO:0055086,GO:0071704,GO:1901292,GO:1901360,GO:1901361,GO:1901362,GO:1901575,GO:1901576	ko:K02428	ko00230,map00230	ko00000,ko00001,ko01000	Ham1p_like
3225	GEA52443.1	1205908.AKXW01000061_gene2833	3.56e-279	763.0	COG0635@1|root,COG0635@2|Bacteria,1MU76@1224|Proteobacteria,1RN6I@1236|Gammaproteobacteria,1XTWK@135623|Vibrionales	Involved in the biosynthesis of porphyrin-containing compound	yggW	-	-	-	-	HemN_C,Radical_SAM
3225	GEA52444.1	1205908.AKXW01000061_gene2835	1.92e-240	661.0	COG1041@1|root,COG1041@2|Bacteria,1N1XP@1224|Proteobacteria,1S9QB@1236|Gammaproteobacteria,1XV2T@135623|Vibrionales	Putative RNA methylase family UPF0020	-	-	-	-	-	UPF0020
3225	GEA52445.1	1205908.AKXW01000061_gene2836	2.93e-176	490.0	COG0220@1|root,COG0220@2|Bacteria,1MUWJ@1224|Proteobacteria,1RMFG@1236|Gammaproteobacteria,1XUSW@135623|Vibrionales	Catalyzes the formation of N(7)-methylguanine at position 46 (m7G46) in tRNA	trmB	GO:0001510,GO:0003674,GO:0003824,GO:0005575,GO:0005622,GO:0005623,GO:0005737,GO:0006139,GO:0006396,GO:0006399,GO:0006400,GO:0006725,GO:0006807,GO:0008033,GO:0008150,GO:0008152,GO:0008168,GO:0008173,GO:0008175,GO:0008176,GO:0008757,GO:0009451,GO:0009987,GO:0010467,GO:0016070,GO:0016423,GO:0016740,GO:0016741,GO:0030488,GO:0032259,GO:0032991,GO:0034470,GO:0034641,GO:0034660,GO:0034708,GO:0036265,GO:0043170,GO:0043412,GO:0043414,GO:0043527,GO:0044237,GO:0044238,GO:0044260,GO:0044424,GO:0044444,GO:0044464,GO:0046483,GO:0071704,GO:0090304,GO:0106004,GO:0140098,GO:0140101,GO:1901360,GO:1902494,GO:1990234	ko:K03439	-	ko00000,ko01000,ko03016	Methyltransf_4
3225	GEA52446.1	1205908.AKXW01000061_gene2837	1.11e-224	620.0	COG1194@1|root,COG1194@2|Bacteria,1MUD4@1224|Proteobacteria,1RMBT@1236|Gammaproteobacteria,1XTX3@135623|Vibrionales	COG1194 A G-specific DNA glycosylase	mutY	-	ko:K03575	ko03410,map03410	ko00000,ko00001,ko01000,ko03400	EndIII_4Fe-2S,HhH-GPD,NUDIX_4
3225	GEA52447.1	1205908.AKXW01000061_gene2838	1.42e-61	188.0	COG2924@1|root,COG2924@2|Bacteria,1MZ2V@1224|Proteobacteria,1S964@1236|Gammaproteobacteria,1XXW7@135623|Vibrionales	Could be a mediator in iron transactions between iron acquisition and iron-requiring processes, such as synthesis and or repair of Fe-S clusters in biosynthetic enzymes	yggX	-	-	-	-	Iron_traffic
3225	GEA52448.1	1205908.AKXW01000061_gene2839	2.29e-274	750.0	COG0741@1|root,COG0741@2|Bacteria,1MW2T@1224|Proteobacteria,1RM9N@1236|Gammaproteobacteria,1XU51@135623|Vibrionales	Murein-degrading enzyme. May play a role in recycling of muropeptides during cell elongation and or cell division	mltC	-	ko:K08306	-	ko00000,ko01000,ko01011	DUF3393,SLT
3225	GEA52449.1	1205908.AKXW01000018_gene2738	4.68e-99	287.0	COG2764@1|root,COG2764@2|Bacteria,1N0S4@1224|Proteobacteria,1SCHM@1236|Gammaproteobacteria,1XWWU@135623|Vibrionales	protein conserved in bacteria	-	-	ko:K04750	-	ko00000	3-dmu-9_3-mt,Glyoxalase
3225	GEA52450.1	1205908.AKXW01000018_gene2737	0.0	1169.0	COG2213@1|root,COG4668@1|root,COG2213@2|Bacteria,COG4668@2|Bacteria,1MUPU@1224|Proteobacteria,1RNAG@1236|Gammaproteobacteria,1XSK5@135623|Vibrionales	PTS system mannitol-specific transporter subunit IICBA	mtlA	GO:0003674,GO:0003824,GO:0005215,GO:0005575,GO:0005623,GO:0005886,GO:0006810,GO:0008150,GO:0008643,GO:0009401,GO:0015144,GO:0015166,GO:0015318,GO:0015575,GO:0015791,GO:0015797,GO:0015850,GO:0016020,GO:0016740,GO:0016772,GO:0016773,GO:0022804,GO:0022857,GO:0034219,GO:0044464,GO:0051179,GO:0051234,GO:0055085,GO:0071702,GO:0071944,GO:0090563,GO:1901618	ko:K02798,ko:K02799,ko:K02800	ko00051,ko02060,map00051,map02060	ko00000,ko00001,ko00002,ko01000,ko02000	PTS_EIIA_2,PTS_EIIC,PTS_IIB
3225	GEA52451.1	1205908.AKXW01000018_gene2736	3.87e-262	719.0	COG0246@1|root,COG0246@2|Bacteria,1MXV8@1224|Proteobacteria,1RPCP@1236|Gammaproteobacteria,1XTTE@135623|Vibrionales	hexitol metabolic process	mtlD	GO:0003674,GO:0003824,GO:0005575,GO:0005622,GO:0005623,GO:0005737,GO:0005829,GO:0005975,GO:0006059,GO:0006066,GO:0008150,GO:0008152,GO:0008926,GO:0009056,GO:0009987,GO:0016052,GO:0016491,GO:0016614,GO:0016616,GO:0019400,GO:0019405,GO:0019407,GO:0019592,GO:0019594,GO:0019751,GO:0044237,GO:0044238,GO:0044248,GO:0044262,GO:0044275,GO:0044281,GO:0044282,GO:0044424,GO:0044444,GO:0044464,GO:0046164,GO:0046174,GO:0055114,GO:0071704,GO:1901575,GO:1901615,GO:1901616	ko:K00009	ko00051,map00051	ko00000,ko00001,ko01000	Mannitol_dh,Mannitol_dh_C
3225	GEA52452.1	1205908.AKXW01000018_gene2735	3.27e-118	338.0	COG3722@1|root,COG3722@2|Bacteria,1NEDY@1224|Proteobacteria,1RPCM@1236|Gammaproteobacteria,1XVK5@135623|Vibrionales	Mannitol operon repressor	mtlR	-	ko:K02562	-	ko00000,ko03000	MtlR
3225	GEA52453.1	1205908.AKXW01000018_gene2734	3.69e-188	523.0	COG0363@1|root,COG0363@2|Bacteria,1MVEA@1224|Proteobacteria,1RQ2V@1236|Gammaproteobacteria,1XV23@135623|Vibrionales	Catalyzes the reversible isomerization-deamination of glucosamine 6-phosphate (GlcN6P) to form fructose 6-phosphate (Fru6P) and ammonium ion	nagB	-	ko:K02564	ko00520,ko01100,map00520,map01100	ko00000,ko00001,ko01000	Glucosamine_iso
3225	GEA52454.1	1205908.AKXW01000018_gene2733	1.6e-168	472.0	COG1349@1|root,COG1349@2|Bacteria,1MUJG@1224|Proteobacteria,1RNW4@1236|Gammaproteobacteria,1XT3D@135623|Vibrionales	COG1349 Transcriptional regulators of sugar metabolism	srlR	-	-	-	-	DeoRC,HTH_DeoR
3225	GEA52455.1	1205908.AKXW01000018_gene2732	0.0	1162.0	COG0449@1|root,COG0449@2|Bacteria,1MW4K@1224|Proteobacteria,1RMVN@1236|Gammaproteobacteria,1XSTB@135623|Vibrionales	Catalyzes the first step in hexosamine metabolism, converting fructose-6P into glucosamine-6P using glutamine as a nitrogen source	glmS	GO:0003674,GO:0003824,GO:0004360,GO:0005575,GO:0005622,GO:0005623,GO:0005737,GO:0005829,GO:0006002,GO:0006040,GO:0006047,GO:0006139,GO:0006464,GO:0006486,GO:0006487,GO:0006725,GO:0006793,GO:0006796,GO:0006807,GO:0008150,GO:0008152,GO:0008483,GO:0009058,GO:0009059,GO:0009100,GO:0009101,GO:0009225,GO:0009987,GO:0016740,GO:0016769,GO:0019538,GO:0019637,GO:0034641,GO:0034645,GO:0036211,GO:0043170,GO:0043412,GO:0043413,GO:0044237,GO:0044238,GO:0044249,GO:0044260,GO:0044267,GO:0044281,GO:0044424,GO:0044444,GO:0044464,GO:0046483,GO:0055086,GO:0070085,GO:0070548,GO:0071704,GO:1901135,GO:1901137,GO:1901360,GO:1901564,GO:1901566,GO:1901576	ko:K00820	ko00250,ko00520,ko01100,ko01130,ko04931,map00250,map00520,map01100,map01130,map04931	ko00000,ko00001,ko01000,ko01002	GATase_6,SIS
3225	GEA52457.1	1348635.BBJY01000006_gene491	9.02e-211	590.0	COG1609@1|root,COG2207@1|root,COG1609@2|Bacteria,COG2207@2|Bacteria,1NYTD@1224|Proteobacteria,1RNGZ@1236|Gammaproteobacteria,1XW0U@135623|Vibrionales	transcriptional regulator	-	-	ko:K02529	-	ko00000,ko03000	Peripla_BP_3
3225	GEA52458.1	1205908.AKXW01000018_gene2651	3.45e-98	287.0	2B36C@1|root,31VUC@2|Bacteria,1QJUW@1224|Proteobacteria,1THWF@1236|Gammaproteobacteria,1XXQQ@135623|Vibrionales	-	-	-	-	-	-	-
3225	GEA52459.1	1205908.AKXW01000018_gene2652	1.93e-215	595.0	COG1897@1|root,COG1897@2|Bacteria,1MV64@1224|Proteobacteria,1RM7T@1236|Gammaproteobacteria,1XTIN@135623|Vibrionales	Transfers a succinyl group from succinyl-CoA to L- homoserine, forming succinyl-L-homoserine	metAS	GO:0000096,GO:0000097,GO:0003674,GO:0003824,GO:0006082,GO:0006520,GO:0006555,GO:0006790,GO:0006807,GO:0008150,GO:0008152,GO:0008374,GO:0008652,GO:0008899,GO:0009058,GO:0009066,GO:0009067,GO:0009086,GO:0009987,GO:0016053,GO:0016740,GO:0016746,GO:0016747,GO:0016748,GO:0016750,GO:0019752,GO:0043436,GO:0044237,GO:0044238,GO:0044249,GO:0044272,GO:0044281,GO:0044283,GO:0046394,GO:0071704,GO:1901564,GO:1901566,GO:1901576,GO:1901605,GO:1901607	ko:K00651	ko00270,ko00920,ko01100,ko01110,ko01230,map00270,map00920,map01100,map01110,map01230	ko00000,ko00001,ko00002,ko01000	HTS
3225	GEA52460.1	1205908.AKXW01000018_gene2653	2.1e-288	790.0	COG0025@1|root,COG0025@2|Bacteria,1MW5T@1224|Proteobacteria,1RPH6@1236|Gammaproteobacteria,1XTJG@135623|Vibrionales	COG0025 NhaP-type Na H and K H antiporters	-	-	ko:K03316	-	ko00000	Na_H_Exchanger
3225	GEA52461.1	1205908.AKXW01000018_gene2654	0.0	2376.0	COG0646@1|root,COG1410@1|root,COG0646@2|Bacteria,COG1410@2|Bacteria,1MV6G@1224|Proteobacteria,1RMYD@1236|Gammaproteobacteria,1XSUY@135623|Vibrionales	COG0646 Methionine synthase I (cobalamin-dependent), methyltransferase domain	metH	GO:0000096,GO:0000097,GO:0003674,GO:0003824,GO:0005575,GO:0005622,GO:0005623,GO:0005737,GO:0005829,GO:0006082,GO:0006520,GO:0006555,GO:0006790,GO:0006807,GO:0008150,GO:0008152,GO:0008168,GO:0008172,GO:0008652,GO:0008705,GO:0009058,GO:0009066,GO:0009067,GO:0009086,GO:0009987,GO:0016053,GO:0016740,GO:0016741,GO:0019752,GO:0032259,GO:0042084,GO:0043436,GO:0044237,GO:0044238,GO:0044249,GO:0044272,GO:0044281,GO:0044283,GO:0044424,GO:0044444,GO:0044464,GO:0046394,GO:0071704,GO:1901564,GO:1901566,GO:1901576,GO:1901605,GO:1901607	ko:K00548	ko00270,ko00450,ko00670,ko01100,ko01110,ko01230,map00270,map00450,map00670,map01100,map01110,map01230	ko00000,ko00001,ko00002,ko01000	B12-binding,B12-binding_2,Met_synt_B12,Pterin_bind,S-methyl_trans
3225	GEA52462.1	1205908.AKXW01000018_gene2655	8.94e-307	838.0	COG0527@1|root,COG0527@2|Bacteria,1MW3H@1224|Proteobacteria,1RMJ6@1236|Gammaproteobacteria,1XSHB@135623|Vibrionales	Belongs to the aspartokinase family	lysC	-	ko:K00928	ko00260,ko00261,ko00270,ko00300,ko01100,ko01110,ko01120,ko01130,ko01210,ko01230,map00260,map00261,map00270,map00300,map01100,map01110,map01120,map01130,map01210,map01230	ko00000,ko00001,ko00002,ko01000	AA_kinase
3225	GEA52463.1	1205908.AKXW01000018_gene2656	1.94e-249	686.0	COG0075@1|root,COG0075@2|Bacteria,1MWHJ@1224|Proteobacteria,1RMNR@1236|Gammaproteobacteria,1XSCB@135623|Vibrionales	COG0075 Serine-pyruvate aminotransferase archaeal aspartate aminotransferase	-	-	ko:K00830	ko00250,ko00260,ko00630,ko00680,ko01100,ko01110,ko01120,ko01130,ko01200,ko04146,map00250,map00260,map00630,map00680,map01100,map01110,map01120,map01130,map01200,map04146	ko00000,ko00001,ko00002,ko01000,ko01007	Aminotran_5
3225	GEA52464.1	1205908.AKXW01000018_gene2657	0.0	1105.0	COG3307@1|root,COG3307@2|Bacteria,1N5VZ@1224|Proteobacteria,1RMC4@1236|Gammaproteobacteria,1XUTS@135623|Vibrionales	COG3307 Lipid A core - O-antigen ligase and related enzymes	-	-	ko:K13009	-	ko00000,ko01000,ko01005	PglL_A,Wzy_C,Wzy_C_2
3225	GEA52465.1	1205908.AKXW01000018_gene2658	0.0	1845.0	COG0178@1|root,COG0178@2|Bacteria,1MW0W@1224|Proteobacteria,1RMS9@1236|Gammaproteobacteria,1XSPJ@135623|Vibrionales	The UvrABC repair system catalyzes the recognition and processing of DNA lesions. UvrA is an ATPase and a DNA-binding protein. A damage recognition complex composed of 2 UvrA and 2 UvrB subunits scans DNA for abnormalities. When the presence of a lesion has been verified by UvrB, the UvrA molecules dissociate	uvrA	GO:0003674,GO:0003824,GO:0004518,GO:0004519,GO:0004520,GO:0004536,GO:0005575,GO:0005622,GO:0005623,GO:0006139,GO:0006259,GO:0006281,GO:0006725,GO:0006807,GO:0006950,GO:0006974,GO:0008150,GO:0008152,GO:0009380,GO:0009381,GO:0009987,GO:0016787,GO:0016788,GO:0032991,GO:0033554,GO:0034641,GO:0043170,GO:0044237,GO:0044238,GO:0044260,GO:0044424,GO:0044464,GO:0046483,GO:0050896,GO:0051716,GO:0071704,GO:0090304,GO:0090305,GO:0140097,GO:1901360,GO:1902494,GO:1905347,GO:1905348,GO:1990391	ko:K03701	ko03420,map03420	ko00000,ko00001,ko03400	ABC_tran
3225	GEA52466.1	1205908.AKXW01000018_gene2659	1.07e-209	579.0	COG1210@1|root,COG1210@2|Bacteria,1MV5F@1224|Proteobacteria,1RNDX@1236|Gammaproteobacteria,1XT3R@135623|Vibrionales	UTP--glucose-1-phosphate uridylyltransferase	galU	-	ko:K00963	ko00040,ko00052,ko00500,ko00520,ko01100,ko01130,map00040,map00052,map00500,map00520,map01100,map01130	ko00000,ko00001,ko00002,ko01000	NTP_transferase
3225	GEA52467.1	1205908.AKXW01000018_gene2660	1.14e-141	400.0	COG2197@1|root,COG2197@2|Bacteria,1R531@1224|Proteobacteria,1S18M@1236|Gammaproteobacteria,1XVDS@135623|Vibrionales	COG2197 Response regulator containing a CheY-like receiver domain and an HTH DNA-binding domain	-	-	ko:K04333	ko02026,map02026	ko00000,ko00001,ko03000	GerE
3225	GEA52468.1	1205908.AKXW01000018_gene2661	7.01e-86	258.0	COG0629@1|root,COG0629@2|Bacteria,1RCWT@1224|Proteobacteria,1S3WP@1236|Gammaproteobacteria,1XSPW@135623|Vibrionales	Plays an important role in DNA replication, recombination and repair. Binds to ssDNA and to an array of partner proteins to recruit them to their sites of action during DNA metabolism	ssb	GO:0003674,GO:0003676,GO:0003677,GO:0003697,GO:0005488,GO:0006139,GO:0006259,GO:0006260,GO:0006281,GO:0006310,GO:0006725,GO:0006807,GO:0006950,GO:0006974,GO:0008150,GO:0008152,GO:0009058,GO:0009059,GO:0009987,GO:0033554,GO:0034641,GO:0034645,GO:0043170,GO:0044237,GO:0044238,GO:0044249,GO:0044260,GO:0046483,GO:0050896,GO:0051716,GO:0071704,GO:0090304,GO:0097159,GO:1901360,GO:1901363,GO:1901576	ko:K03111	ko03030,ko03430,ko03440,map03030,map03430,map03440	ko00000,ko00001,ko03029,ko03032,ko03400	SSB
3225	GEA52469.1	1205908.AKXW01000018_gene2662	0.0	1266.0	COG2199@1|root,COG2200@1|root,COG2199@2|Bacteria,COG2200@2|Bacteria,1MUQV@1224|Proteobacteria,1RN0Q@1236|Gammaproteobacteria,1XSFU@135623|Vibrionales	COG2199 FOG GGDEF domain	csrD	-	ko:K18765	-	ko00000,ko03019	EAL,GAPES4,GGDEF
3225	GEA52470.1	1205908.AKXW01000018_gene2663	0.0	874.0	COG3166@1|root,COG4972@1|root,COG3166@2|Bacteria,COG4972@2|Bacteria,1N82E@1224|Proteobacteria,1SCGS@1236|Gammaproteobacteria,1XV84@135623|Vibrionales	Pilus assembly protein	mshI	-	ko:K12279	-	ko00000,ko02044	PilN
3225	GEA52471.1	1205908.AKXW01000018_gene2664	3.66e-139	394.0	COG3167@1|root,COG3167@2|Bacteria,1N1KE@1224|Proteobacteria,1S8XS@1236|Gammaproteobacteria,1XWVJ@135623|Vibrionales	Pilus assembly protein, PilO	mshJ	-	ko:K12280	-	ko00000,ko02044	PilO,T2SSM
3225	GEA52472.1	1205908.AKXW01000018_gene2665	2.92e-66	201.0	2DR7A@1|root,33AIK@2|Bacteria,1NGEC@1224|Proteobacteria,1SGK6@1236|Gammaproteobacteria,1XYWI@135623|Vibrionales	MSHA biogenesis protein MshK	mshK	-	ko:K12281	-	ko00000,ko02044	-
3225	GEA52473.1	1205908.AKXW01000018_gene2666	0.0	894.0	COG1450@1|root,COG1450@2|Bacteria,1MVNC@1224|Proteobacteria,1RQGJ@1236|Gammaproteobacteria,1XTAX@135623|Vibrionales	Secretin N-terminal domain	mshL	-	ko:K12282	-	ko00000,ko02044	Secretin,Secretin_N_2
3225	GEA52474.1	1205908.AKXW01000018_gene2667	1.69e-196	545.0	COG3267@1|root,COG3267@2|Bacteria,1MU3G@1224|Proteobacteria,1RMI0@1236|Gammaproteobacteria,1XTNY@135623|Vibrionales	MSHA biogenesis protein MshM	mshM	-	ko:K12283	-	ko00000,ko02044	AAA_22
3225	GEA52475.1	1205908.AKXW01000018_gene2668	8.55e-227	632.0	COG0457@1|root,COG0457@2|Bacteria,1N260@1224|Proteobacteria,1S9QX@1236|Gammaproteobacteria,1XSRE@135623|Vibrionales	MSHA biogenesis protein MshN	mshN	-	ko:K12284	-	ko00000,ko02044	TPR_16,TPR_19
3225	GEA52476.1	1205908.AKXW01000018_gene2669	0.0	1037.0	COG2804@1|root,COG2804@2|Bacteria,1MU7V@1224|Proteobacteria,1RMBS@1236|Gammaproteobacteria,1XSQP@135623|Vibrionales	COG2804 Type II secretory pathway, ATPase PulE Tfp pilus assembly pathway, ATPase PilB	mshE	-	ko:K12276	ko05111,map05111	ko00000,ko00001,ko02044	T2SSE,T2SSE_N
3225	GEA52477.1	1205908.AKXW01000018_gene2670	2.39e-275	755.0	COG1459@1|root,COG1459@2|Bacteria,1MV4U@1224|Proteobacteria,1RQMI@1236|Gammaproteobacteria,1XSK4@135623|Vibrionales	MSHA biogenesis protein MshG	mshG	-	ko:K12278	-	ko00000,ko02044	T2SSF
3225	GEA52478.1	1205908.AKXW01000018_gene2671	1.18e-89	264.0	29NRZ@1|root,309PZ@2|Bacteria,1QT0F@1224|Proteobacteria,1TI6F@1236|Gammaproteobacteria,1XYH6@135623|Vibrionales	-	mshF	-	ko:K12277	-	ko00000,ko02044	-
3225	GEA52479.1	1205908.AKXW01000018_gene2672	1.29e-121	348.0	COG4968@1|root,COG4968@2|Bacteria,1NE9N@1224|Proteobacteria,1T0XY@1236|Gammaproteobacteria,1Y30D@135623|Vibrionales	Pfam:N_methyl_2	mshB	-	ko:K10925	ko05111,map05111	ko00000,ko00001,ko02044	N_methyl
3225	GEA52480.1	1205908.AKXW01000018_gene2673	2.34e-84	251.0	COG2165@1|root,COG2165@2|Bacteria,1N7HN@1224|Proteobacteria,1SDMJ@1236|Gammaproteobacteria,1XXUV@135623|Vibrionales	Prokaryotic N-terminal methylation motif	-	-	ko:K10924	ko05111,map05111	ko00000,ko00001,ko02044	N_methyl
3225	GEA52481.1	1219080.VEZ01S_05_00930	7.28e-63	197.0	COG2165@1|root,COG2165@2|Bacteria,1N7HN@1224|Proteobacteria,1SDMJ@1236|Gammaproteobacteria,1XXUV@135623|Vibrionales	Prokaryotic N-terminal methylation motif	-	-	ko:K10924	ko05111,map05111	ko00000,ko00001,ko02044	N_methyl
3225	GEA52482.1	1205908.AKXW01000018_gene2675	4.4e-78	236.0	COG2165@1|root,COG2165@2|Bacteria,1N9YF@1224|Proteobacteria,1SDMA@1236|Gammaproteobacteria,1XYDJ@135623|Vibrionales	Prokaryotic N-terminal methylation motif	mshC	-	ko:K10926	ko05111,map05111	ko00000,ko00001,ko02044	N_methyl
3225	GEA52483.1	1205908.AKXW01000018_gene2676	5.5e-111	322.0	COG2165@1|root,COG2165@2|Bacteria,1QUGH@1224|Proteobacteria,1T1Y8@1236|Gammaproteobacteria,1XXTW@135623|Vibrionales	COG2165 Type II secretory pathway, pseudopilin PulG	mshD	-	ko:K10927	ko05111,map05111	ko00000,ko00001,ko02044	N_methyl
3225	GEA52484.1	1219072.VHA01S_003_02320	2.02e-107	318.0	COG4968@1|root,COG4968@2|Bacteria,1R2WC@1224|Proteobacteria,1T5YW@1236|Gammaproteobacteria,1Y3D0@135623|Vibrionales	Prokaryotic N-terminal methylation motif	-	-	-	-	-	N_methyl
3225	GEA52485.1	1205908.AKXW01000018_gene2678	3.31e-74	226.0	COG4726@1|root,COG4726@2|Bacteria,1N9C7@1224|Proteobacteria,1SC2X@1236|Gammaproteobacteria,1XYXE@135623|Vibrionales	Pilus assembly protein PilX	mshP	-	ko:K12286	-	ko00000,ko02044	-
3225	GEA52486.1	1205908.AKXW01000018_gene2679	0.0	1291.0	COG5571@1|root,COG5571@2|Bacteria,1RE9R@1224|Proteobacteria,1S5NY@1236|Gammaproteobacteria,1XUFR@135623|Vibrionales	alginic acid biosynthetic process	-	-	ko:K12287	-	ko00000,ko02044	-
3225	GEA52487.1	1219072.VHA01S_003_02350	3.19e-241	664.0	COG1077@1|root,COG1077@2|Bacteria,1MUMW@1224|Proteobacteria,1RN82@1236|Gammaproteobacteria,1XSBK@135623|Vibrionales	Rod shape-determining protein MreB	mreB	-	ko:K03569	-	ko00000,ko02048,ko03036,ko04812	MreB_Mbl
3225	GEA52488.1	1205908.AKXW01000018_gene2681	4.86e-182	509.0	COG1792@1|root,COG1792@2|Bacteria,1N8ZS@1224|Proteobacteria,1RMK4@1236|Gammaproteobacteria,1XSEQ@135623|Vibrionales	Involved in formation and maintenance of cell shape	mreC	-	ko:K03570	-	ko00000,ko03036	MreC
3225	GEA52489.1	1205908.AKXW01000018_gene2682	1.8e-105	305.0	COG2891@1|root,COG2891@2|Bacteria,1RER7@1224|Proteobacteria,1S4DE@1236|Gammaproteobacteria,1XTT8@135623|Vibrionales	Involved in formation of the rod shape of the cell. May also contribute to regulation of formation of penicillin-binding proteins	mreD	-	ko:K03571	-	ko00000,ko03036	MreD
3225	GEA52490.1	1205908.AKXW01000018_gene2683	2.43e-124	355.0	COG0424@1|root,COG0424@2|Bacteria,1RH6H@1224|Proteobacteria,1S41D@1236|Gammaproteobacteria,1XVZI@135623|Vibrionales	COG0424 Nucleotide-binding protein implicated in inhibition of septum formation	maf	-	ko:K06287	-	ko00000	Maf
3225	GEA52491.1	1205908.AKXW01000018_gene2684	0.0	938.0	COG1530@1|root,COG1530@2|Bacteria,1MV65@1224|Proteobacteria,1RMIW@1236|Gammaproteobacteria,1XTMA@135623|Vibrionales	COG1530 Ribonucleases G and E	rng	-	ko:K08301	-	ko00000,ko01000,ko03009,ko03019	RNase_E_G,S1
3225	GEA52492.1	1205908.AKXW01000018_gene2685	0.0	2405.0	COG3164@1|root,COG3164@2|Bacteria,1MXWF@1224|Proteobacteria,1RNUK@1236|Gammaproteobacteria,1XTHT@135623|Vibrionales	Protein of unknown function	VV2929	-	-	-	-	AsmA_2,DUF3971
3225	GEA52493.1	1205908.AKXW01000018_gene2686	5.62e-190	528.0	COG0388@1|root,COG0388@2|Bacteria,1MUUB@1224|Proteobacteria,1RNVZ@1236|Gammaproteobacteria,1XSQV@135623|Vibrionales	Carbon-nitrogen hydrolase	-	-	ko:K11206	-	ko00000,ko01000	CN_hydrolase
3225	GEA52494.1	1205908.AKXW01000018_gene2687	0.0	906.0	COG0312@1|root,COG0312@2|Bacteria,1MUSK@1224|Proteobacteria,1RMA5@1236|Gammaproteobacteria,1XTGF@135623|Vibrionales	Zn-dependent proteases and their inactivated homologs	tldD	-	ko:K03568	-	ko00000,ko01002	PmbA_TldD
3225	GEA52495.1	1205908.AKXW01000018_gene2688	6.3e-105	305.0	COG3028@1|root,COG3028@2|Bacteria,1MZ4R@1224|Proteobacteria,1S9JJ@1236|Gammaproteobacteria,1XTXV@135623|Vibrionales	Belongs to the UPF0307 family	yjgA	-	ko:K09889	-	ko00000,ko03009	DUF615
3225	GEA52496.1	1205908.AKXW01000018_gene2689	4.66e-312	851.0	COG0312@1|root,COG0312@2|Bacteria,1MUVW@1224|Proteobacteria,1RPJF@1236|Gammaproteobacteria,1XSU9@135623|Vibrionales	Zn-dependent proteases and their inactivated homologs	pmbA	-	ko:K03592	-	ko00000,ko01002	PmbA_TldD
3225	GEA52497.1	1205908.AKXW01000018_gene2690	2.46e-305	835.0	COG2239@1|root,COG2239@2|Bacteria,1MW24@1224|Proteobacteria,1RNE4@1236|Gammaproteobacteria,1XU5X@135623|Vibrionales	Acts as a magnesium transporter	mgtE	-	ko:K06213	-	ko00000,ko02000	CBS,MgtE,MgtE_N
3225	GEA52498.1	1205908.AKXW01000018_gene2691	3.25e-49	157.0	COG1925@1|root,COG1925@2|Bacteria,1N6RM@1224|Proteobacteria,1SCXX@1236|Gammaproteobacteria,1XYBI@135623|Vibrionales	COG1925 Phosphotransferase system, HPr-related proteins	ptsO	GO:0006808,GO:0006810,GO:0008150,GO:0008643,GO:0009401,GO:0050789,GO:0051179,GO:0051234,GO:0065007,GO:0071702	ko:K08485	ko02060,map02060	ko00000,ko00001,ko02000	PTS-HPr
3225	GEA52499.1	1205908.AKXW01000018_gene2692	5.42e-195	542.0	COG1660@1|root,COG1660@2|Bacteria,1MVX6@1224|Proteobacteria,1RNJX@1236|Gammaproteobacteria,1XSBH@135623|Vibrionales	Displays ATPase and GTPase activities	yhbJ	-	ko:K06958	-	ko00000,ko03019	ATP_bind_2
3225	GEA52500.1	1205908.AKXW01000018_gene2693	1.83e-106	307.0	COG1762@1|root,COG1762@2|Bacteria,1RD0E@1224|Proteobacteria,1S668@1236|Gammaproteobacteria,1XWXU@135623|Vibrionales	Phosphotransferase system mannitol fructose-specific IIA domain (Ntr-type)	ptsN	-	ko:K02806	ko02060,map02060	ko00000,ko00001,ko01000,ko02000	PTS_EIIA_2
3225	GEA52501.1	1205908.AKXW01000018_gene2694	6.86e-60	184.0	COG1544@1|root,COG1544@2|Bacteria,1MZHW@1224|Proteobacteria,1S8U1@1236|Gammaproteobacteria,1XXWR@135623|Vibrionales	COG1544 Ribosome-associated protein Y (PSrp-1)	yhbH	-	ko:K05808	-	ko00000,ko03009	Ribosomal_S30AE
3225	GEA52502.1	1205908.AKXW01000018_gene2695	0.0	877.0	COG1508@1|root,COG1508@2|Bacteria,1MW4V@1224|Proteobacteria,1RMY0@1236|Gammaproteobacteria,1XSDB@135623|Vibrionales	Sigma factors are initiation factors that promote the attachment of RNA polymerase to specific initiation sites and are then released	rpoN	-	ko:K03092	ko02020,ko05111,map02020,map05111	ko00000,ko00001,ko03021	Sigma54_AID,Sigma54_CBD,Sigma54_DBD
3225	GEA52503.1	1205908.AKXW01000018_gene2696	3.79e-164	460.0	COG1137@1|root,COG1137@2|Bacteria,1MU8M@1224|Proteobacteria,1RPW1@1236|Gammaproteobacteria,1XT67@135623|Vibrionales	abc transporter atp-binding protein	lptB	-	ko:K06861	ko02010,map02010	ko00000,ko00001,ko00002,ko01000,ko02000	ABC_tran,BCA_ABC_TP_C
3225	GEA52504.1	1205908.AKXW01000018_gene2697	9.54e-101	293.0	COG1934@1|root,COG1934@2|Bacteria,1N776@1224|Proteobacteria,1RPM7@1236|Gammaproteobacteria,1XUJY@135623|Vibrionales	Involved in the assembly of lipopolysaccharide (LPS). Required for the translocation of LPS from the inner membrane to the outer membrane. May form a bridge between the inner membrane and the outer membrane, via interactions with LptC and LptD, thereby facilitating LPS transfer across the periplasm	lptA	-	ko:K09774	-	ko00000,ko02000	OstA
3225	GEA52505.1	1205908.AKXW01000018_gene2698	2.45e-122	350.0	COG3117@1|root,COG3117@2|Bacteria,1RA1Y@1224|Proteobacteria,1SDZE@1236|Gammaproteobacteria,1XSM1@135623|Vibrionales	Involved in the assembly of lipopolysaccharide (LPS). Required for the translocation of LPS from the inner membrane to the outer membrane. Facilitates the transfer of LPS from the inner membrane to the periplasmic protein LptA. Could be a docking site for LptA	lptC	-	ko:K11719	-	ko00000,ko02000	LptC
3225	GEA52506.1	1205908.AKXW01000018_gene2699	2.48e-130	370.0	COG1778@1|root,COG1778@2|Bacteria,1RH85@1224|Proteobacteria,1S6D0@1236|Gammaproteobacteria,1XSN7@135623|Vibrionales	Involved in the biosynthesis of lipopolysaccharides (LPSs). Catalyzes the hydrolysis of 3-deoxy-D-manno-octulosonate 8-phosphate (KDO 8-P) to 3-deoxy-D-manno-octulosonate (KDO) and inorganic phosphate	kdsC	-	ko:K03270	ko00540,ko01100,map00540,map01100	ko00000,ko00001,ko00002,ko01000,ko01005	Hydrolase_3
3225	GEA52507.1	1205908.AKXW01000018_gene2700	2.63e-217	601.0	COG0517@1|root,COG0794@1|root,COG0517@2|Bacteria,COG0794@2|Bacteria,1MUXD@1224|Proteobacteria,1RMT9@1236|Gammaproteobacteria,1XTGN@135623|Vibrionales	sugar phosphate isomerase involved in capsule formation	kdsD	-	ko:K06041	ko00540,ko01100,map00540,map01100	ko00000,ko00001,ko00002,ko01000,ko01005	CBS,SIS
3225	GEA52508.1	1205908.AKXW01000018_gene2701	2.9e-207	575.0	COG0530@1|root,COG0530@2|Bacteria,1MU3R@1224|Proteobacteria,1RMRD@1236|Gammaproteobacteria,1XUQS@135623|Vibrionales	COG0530 Ca2 Na antiporter	yrbG	-	ko:K07301	-	ko00000,ko02000	Na_Ca_ex
3225	GEA52509.1	1205908.AKXW01000018_gene2702	7.28e-175	489.0	COG1127@1|root,COG1127@2|Bacteria,1MUSD@1224|Proteobacteria,1RMCJ@1236|Gammaproteobacteria,1XVHP@135623|Vibrionales	ABC-type transport system involved in resistance to organic solvents, ATPase component	mlaF	-	ko:K02065	ko02010,map02010	ko00000,ko00001,ko00002,ko02000	ABC_tran,BCA_ABC_TP_C
3225	GEA52510.1	1205908.AKXW01000018_gene2703	7.28e-173	484.0	COG0767@1|root,COG0767@2|Bacteria,1MVPN@1224|Proteobacteria,1RM9H@1236|Gammaproteobacteria,1XSVZ@135623|Vibrionales	COG0767 ABC-type transport system involved in resistance to organic solvents, permease component	mlaE	-	ko:K02066	ko02010,map02010	ko00000,ko00001,ko00002,ko02000	MlaE
3225	GEA52511.1	1219072.VHA01S_003_02590	3.35e-95	279.0	COG1463@1|root,COG1463@2|Bacteria,1NCUG@1224|Proteobacteria,1RQ0Y@1236|Gammaproteobacteria,1XW1T@135623|Vibrionales	abc-type transport system involved in resistance to organic solvents, periplasmic component	mlaD	-	ko:K02067	ko02010,map02010	ko00000,ko00001,ko00002,ko02000	MlaD
3225	GEA52512.1	1205908.AKXW01000018_gene2705	2.01e-131	374.0	COG2854@1|root,COG2854@2|Bacteria,1NKFA@1224|Proteobacteria,1RNJW@1236|Gammaproteobacteria,1XT3S@135623|Vibrionales	ABC-type transport system involved in resistance to organic solvents, auxiliary component	mlaC	-	ko:K07323	ko02010,map02010	ko00000,ko00001,ko00002,ko02000	MlaC
3225	GEA52513.1	1205908.AKXW01000018_gene2706	6.85e-67	203.0	COG3113@1|root,COG3113@2|Bacteria,1NGIE@1224|Proteobacteria,1SGH6@1236|Gammaproteobacteria,1XYDH@135623|Vibrionales	NTP binding protein (contains STAS domain)	yrbB	-	ko:K07122	ko02010,map02010	ko00000,ko00001,ko00002,ko02000	STAS_2
3225	GEA52514.1	1205908.AKXW01000018_gene2707	3.24e-53	167.0	COG5007@1|root,COG5007@2|Bacteria,1N1WJ@1224|Proteobacteria,1SCAR@1236|Gammaproteobacteria,1XXSQ@135623|Vibrionales	Belongs to the BolA IbaG family	yrbA	-	-	-	-	BolA
3225	GEA52515.1	1205908.AKXW01000018_gene2708	1.82e-294	805.0	COG0766@1|root,COG0766@2|Bacteria,1MUH7@1224|Proteobacteria,1RN91@1236|Gammaproteobacteria,1XT5M@135623|Vibrionales	Cell wall formation. Adds enolpyruvyl to UDP-N- acetylglucosamine	murA	GO:0000270,GO:0003674,GO:0003824,GO:0006022,GO:0006023,GO:0006024,GO:0006807,GO:0008150,GO:0008152,GO:0008760,GO:0009058,GO:0009059,GO:0009252,GO:0009273,GO:0009987,GO:0016740,GO:0016765,GO:0030203,GO:0034645,GO:0042546,GO:0043170,GO:0044036,GO:0044038,GO:0044085,GO:0044237,GO:0044249,GO:0044260,GO:0070589,GO:0071554,GO:0071704,GO:0071840,GO:1901135,GO:1901137,GO:1901564,GO:1901566,GO:1901576	ko:K00790	ko00520,ko00550,ko01100,map00520,map00550,map01100	ko00000,ko00001,ko01000,ko01011	EPSP_synthase
3225	GEA52516.1	1205908.AKXW01000018_gene2709	1.13e-168	472.0	COG0204@1|root,COG0204@2|Bacteria,1MY51@1224|Proteobacteria,1RQYC@1236|Gammaproteobacteria,1XTMX@135623|Vibrionales	Belongs to the 1-acyl-sn-glycerol-3-phosphate acyltransferase family	plsC	-	ko:K00655	ko00561,ko00564,ko01100,ko01110,map00561,map00564,map01100,map01110	ko00000,ko00001,ko00002,ko01000,ko01004	Acyltransferase
3225	GEA52517.1	1205908.AKXW01000018_gene2710	1.5e-84	249.0	COG0251@1|root,COG0251@2|Bacteria,1MZ3J@1224|Proteobacteria,1S5XS@1236|Gammaproteobacteria,1XWXC@135623|Vibrionales	translation initiation inhibitor, yjgF family	yjgF	-	ko:K09022	-	ko00000,ko01000	Ribonuc_L-PSP
3225	GEA52518.1	1205908.AKXW01000018_gene2711	1.45e-102	297.0	COG1781@1|root,COG1781@2|Bacteria,1RB7J@1224|Proteobacteria,1S2BM@1236|Gammaproteobacteria,1XSYU@135623|Vibrionales	Involved in allosteric regulation of aspartate carbamoyltransferase	pyrI	GO:0003674,GO:0003824,GO:0004070,GO:0006139,GO:0006220,GO:0006221,GO:0006725,GO:0006753,GO:0006793,GO:0006796,GO:0006807,GO:0008150,GO:0008152,GO:0009058,GO:0009117,GO:0009165,GO:0009218,GO:0009220,GO:0009259,GO:0009260,GO:0009987,GO:0016740,GO:0016741,GO:0016743,GO:0018130,GO:0019438,GO:0019637,GO:0019693,GO:0034641,GO:0034654,GO:0044237,GO:0044238,GO:0044249,GO:0044271,GO:0044281,GO:0046390,GO:0046483,GO:0055086,GO:0071704,GO:0072527,GO:0072528,GO:0090407,GO:1901135,GO:1901137,GO:1901293,GO:1901360,GO:1901362,GO:1901564,GO:1901566,GO:1901576	ko:K00610	ko00240,ko00250,ko01100,map00240,map00250,map01100	ko00000,ko00001,ko00002	PyrI,PyrI_C
3225	GEA52519.1	1205908.AKXW01000018_gene2712	6.94e-219	604.0	COG0540@1|root,COG0540@2|Bacteria,1MWAB@1224|Proteobacteria,1RPSV@1236|Gammaproteobacteria,1XTYG@135623|Vibrionales	Belongs to the ATCase OTCase family	pyrB	GO:0003674,GO:0003824,GO:0004070,GO:0005575,GO:0005622,GO:0005623,GO:0005737,GO:0006139,GO:0006220,GO:0006221,GO:0006725,GO:0006753,GO:0006793,GO:0006796,GO:0006807,GO:0008150,GO:0008152,GO:0009058,GO:0009117,GO:0009165,GO:0009218,GO:0009220,GO:0009259,GO:0009260,GO:0009987,GO:0016740,GO:0016741,GO:0016743,GO:0018130,GO:0019438,GO:0019637,GO:0019693,GO:0034641,GO:0034654,GO:0044237,GO:0044238,GO:0044249,GO:0044271,GO:0044281,GO:0044424,GO:0044464,GO:0046390,GO:0046483,GO:0055086,GO:0071704,GO:0072527,GO:0072528,GO:0090407,GO:1901135,GO:1901137,GO:1901293,GO:1901360,GO:1901362,GO:1901564,GO:1901566,GO:1901576	ko:K00609	ko00240,ko00250,ko01100,map00240,map00250,map01100	ko00000,ko00001,ko00002,ko01000	OTCace,OTCace_N
3225	GEA52520.1	1205908.AKXW01000018_gene2713	3.03e-239	658.0	COG0078@1|root,COG0078@2|Bacteria,1MUFM@1224|Proteobacteria,1RQ59@1236|Gammaproteobacteria,1XTDM@135623|Vibrionales	Reversibly catalyzes the transfer of the carbamoyl group from carbamoyl phosphate (CP) to the N(epsilon) atom of ornithine (ORN) to produce L-citrulline	argF	GO:0000050,GO:0003674,GO:0003824,GO:0004585,GO:0005575,GO:0005622,GO:0005623,GO:0005737,GO:0006082,GO:0006520,GO:0006525,GO:0006526,GO:0006591,GO:0006807,GO:0008150,GO:0008152,GO:0008652,GO:0009058,GO:0009064,GO:0009084,GO:0009987,GO:0016053,GO:0016740,GO:0016741,GO:0016743,GO:0019627,GO:0019752,GO:0034641,GO:0042450,GO:0043436,GO:0043603,GO:0043604,GO:0044237,GO:0044238,GO:0044249,GO:0044271,GO:0044281,GO:0044283,GO:0044424,GO:0044464,GO:0046394,GO:0071704,GO:0071941,GO:1901564,GO:1901566,GO:1901576,GO:1901605,GO:1901607	ko:K00611	ko00220,ko01100,ko01110,ko01130,ko01230,map00220,map01100,map01110,map01130,map01230	ko00000,ko00001,ko00002,ko01000	OTCace,OTCace_N
3225	GEA52521.1	1205908.AKXW01000018_gene2714	1.49e-294	803.0	COG2235@1|root,COG2235@2|Bacteria,1NCGV@1224|Proteobacteria,1RM99@1236|Gammaproteobacteria,1XSY4@135623|Vibrionales	COG2235 Arginine deiminase	arcA	GO:0003674,GO:0003824,GO:0006082,GO:0006464,GO:0006520,GO:0006525,GO:0006527,GO:0006807,GO:0008150,GO:0008152,GO:0009056,GO:0009063,GO:0009064,GO:0009065,GO:0009987,GO:0016054,GO:0016787,GO:0016810,GO:0016813,GO:0016990,GO:0018101,GO:0018193,GO:0018195,GO:0019538,GO:0019752,GO:0036211,GO:0043170,GO:0043412,GO:0043436,GO:0044237,GO:0044238,GO:0044248,GO:0044260,GO:0044267,GO:0044281,GO:0044282,GO:0046395,GO:0071704,GO:1901564,GO:1901565,GO:1901575,GO:1901605,GO:1901606	ko:K01478	ko00220,ko01100,ko01110,ko01130,map00220,map01100,map01110,map01130	ko00000,ko00001,ko01000	Amidinotransf
3225	GEA52522.1	1205908.AKXW01000018_gene2715	3.57e-89	262.0	COG3076@1|root,COG3076@2|Bacteria,1RDKS@1224|Proteobacteria,1S4A6@1236|Gammaproteobacteria,1XWVQ@135623|Vibrionales	Globally modulates RNA abundance by binding to RNase E (Rne) and regulating its endonucleolytic activity. Can modulate Rne action in a substrate-dependent manner by altering the composition of the degradosome	rraB	-	ko:K09893	-	ko00000,ko03019	RraB
3225	GEA52523.1	1205908.AKXW01000018_gene2716	2.71e-81	241.0	COG3205@1|root,COG3205@2|Bacteria,1N85D@1224|Proteobacteria,1SCCN@1236|Gammaproteobacteria,1XXCR@135623|Vibrionales	Predicted membrane protein (DUF2061)	VP2647	-	-	-	-	DUF2061
3225	GEA52524.1	1205908.AKXW01000018_gene2717	0.0	1885.0	COG0525@1|root,COG0525@2|Bacteria,1MV7B@1224|Proteobacteria,1RNEB@1236|Gammaproteobacteria,1XTVJ@135623|Vibrionales	amino acids such as threonine, to avoid such errors, it has a posttransfer editing activity that hydrolyzes mischarged Thr-tRNA(Val) in a tRNA-dependent manner	valS	GO:0003674,GO:0003824,GO:0004812,GO:0004832,GO:0006082,GO:0006139,GO:0006399,GO:0006412,GO:0006418,GO:0006438,GO:0006518,GO:0006520,GO:0006725,GO:0006807,GO:0008150,GO:0008152,GO:0009058,GO:0009059,GO:0009987,GO:0010467,GO:0016070,GO:0016874,GO:0016875,GO:0019538,GO:0019752,GO:0034641,GO:0034645,GO:0034660,GO:0043038,GO:0043039,GO:0043043,GO:0043170,GO:0043436,GO:0043603,GO:0043604,GO:0044237,GO:0044238,GO:0044249,GO:0044260,GO:0044267,GO:0044271,GO:0044281,GO:0046483,GO:0071704,GO:0090304,GO:0140098,GO:0140101,GO:1901360,GO:1901564,GO:1901566,GO:1901576	ko:K01873	ko00970,map00970	ko00000,ko00001,ko00002,ko01000,ko01007,ko03016	Anticodon_1,Val_tRNA-synt_C,tRNA-synt_1
3225	GEA52525.1	1205908.AKXW01000018_gene2718	1.99e-99	289.0	COG2927@1|root,COG2927@2|Bacteria,1MZ3V@1224|Proteobacteria,1S697@1236|Gammaproteobacteria,1XX1X@135623|Vibrionales	DNA polymerase III chi subunit	holC	-	ko:K02339	ko00230,ko00240,ko01100,ko03030,ko03430,ko03440,map00230,map00240,map01100,map03030,map03430,map03440	ko00000,ko00001,ko00002,ko01000,ko03032,ko03400	DNA_pol3_chi
3225	GEA52526.1	1205908.AKXW01000018_gene2719	0.0	999.0	COG0260@1|root,COG0260@2|Bacteria,1MUF9@1224|Proteobacteria,1RNM1@1236|Gammaproteobacteria,1XT1U@135623|Vibrionales	Presumably involved in the processing and regular turnover of intracellular proteins. Catalyzes the removal of unsubstituted N-terminal amino acids from various peptides	pepA	-	ko:K01255	ko00480,ko01100,map00480,map01100	ko00000,ko00001,ko01000,ko01002	Peptidase_M17,Peptidase_M17_N
3225	GEA52527.1	1219072.VHA01S_027_00320	1.28e-236	654.0	COG0795@1|root,COG0795@2|Bacteria,1MUF2@1224|Proteobacteria,1RMN5@1236|Gammaproteobacteria,1XSK9@135623|Vibrionales	Predicted permease YjgP/YjgQ family	lptF	-	ko:K07091	ko02010,map02010	ko00000,ko00001,ko00002,ko02000	YjgP_YjgQ
3225	GEA52528.1	1205908.AKXW01000018_gene2721	2.24e-241	665.0	COG0795@1|root,COG0795@2|Bacteria,1MVW3@1224|Proteobacteria,1RM8H@1236|Gammaproteobacteria,1XTBS@135623|Vibrionales	Predicted permease YjgP/YjgQ family	lptG	-	ko:K11720	ko02010,map02010	ko00000,ko00001,ko00002,ko02000	YjgP_YjgQ
3225	GEA52529.1	1205908.AKXW01000018_gene2722	8.08e-97	282.0	COG1714@1|root,COG1714@2|Bacteria,1N4N8@1224|Proteobacteria,1S9C5@1236|Gammaproteobacteria,1XVQP@135623|Vibrionales	membrane protein domain	VP2641	-	-	-	-	RDD
3225	GEA52532.1	1205908.AKXW01000018_gene2725	0.0	920.0	COG1070@1|root,COG1070@2|Bacteria,1MW4A@1224|Proteobacteria,1RR7X@1236|Gammaproteobacteria,1XUAS@135623|Vibrionales	Xylulose kinase	xylB	-	ko:K00854	ko00040,ko01100,map00040,map01100	ko00000,ko00001,ko00002,ko01000	FGGY_C,FGGY_N
3225	GEA52533.1	1205908.AKXW01000018_gene2726	0.0	1290.0	COG0021@1|root,COG0021@2|Bacteria,1MUEY@1224|Proteobacteria,1RMWP@1236|Gammaproteobacteria,1XSX1@135623|Vibrionales	Catalyzes the transfer of a two-carbon ketol group from a ketose donor to an aldose acceptor, via a covalent intermediate with the cofactor thiamine pyrophosphate	tkt	-	ko:K00615	ko00030,ko00710,ko01051,ko01100,ko01110,ko01120,ko01130,ko01200,ko01230,map00030,map00710,map01051,map01100,map01110,map01120,map01130,map01200,map01230	ko00000,ko00001,ko00002,ko01000	Transket_pyr,Transketolase_C,Transketolase_N
3225	GEA52534.1	675813.VIB_002349	6.1e-183	514.0	COG0176@1|root,COG0176@2|Bacteria,1MWQ8@1224|Proteobacteria,1RMS0@1236|Gammaproteobacteria,1XSNT@135623|Vibrionales	Transaldolase is important for the balance of metabolites in the pentose-phosphate pathway	tal	GO:0003674,GO:0003824,GO:0004801,GO:0006081,GO:0006098,GO:0006139,GO:0006725,GO:0006732,GO:0006733,GO:0006739,GO:0006753,GO:0006793,GO:0006796,GO:0006807,GO:0008150,GO:0008152,GO:0009117,GO:0009987,GO:0016740,GO:0016744,GO:0019362,GO:0019637,GO:0019682,GO:0019693,GO:0034641,GO:0044237,GO:0044238,GO:0044281,GO:0046483,GO:0046496,GO:0051156,GO:0051186,GO:0055086,GO:0071704,GO:0072524,GO:1901135,GO:1901360,GO:1901564	ko:K00616	ko00030,ko01100,ko01110,ko01120,ko01130,ko01200,ko01230,map00030,map01100,map01110,map01120,map01130,map01200,map01230	ko00000,ko00001,ko00002,ko01000	TAL_FSA
3225	GEA52535.1	1205908.AKXW01000128_gene500	1.87e-117	337.0	COG0663@1|root,COG0663@2|Bacteria,1RD76@1224|Proteobacteria,1RPB6@1236|Gammaproteobacteria,1XU2T@135623|Vibrionales	COG0663 Carbonic anhydrases acetyltransferases, isoleucine patch superfamily	yrdA	-	-	-	-	Hexapep
3225	GEA52536.1	1219072.VHA01S_061_00020	9.53e-43	140.0	2E6QS@1|root,331AY@2|Bacteria,1N7X6@1224|Proteobacteria,1SC8J@1236|Gammaproteobacteria,1XYV9@135623|Vibrionales	Protein of unknown function (DUF1488)	-	-	-	-	-	DUF1488
3225	GEA52537.1	1205908.AKXW01000128_gene498	1.67e-185	517.0	COG0169@1|root,COG0169@2|Bacteria,1MVH4@1224|Proteobacteria,1RPB7@1236|Gammaproteobacteria,1XTNJ@135623|Vibrionales	Involved in the biosynthesis of the chorismate, which leads to the biosynthesis of aromatic amino acids. Catalyzes the reversible NADPH linked reduction of 3-dehydroshikimate (DHSA) to yield shikimate (SA)	aroE	GO:0000166,GO:0003674,GO:0003824,GO:0004764,GO:0005488,GO:0005575,GO:0005622,GO:0005623,GO:0005737,GO:0005829,GO:0006082,GO:0008150,GO:0008152,GO:0009058,GO:0009423,GO:0009987,GO:0016053,GO:0016491,GO:0016614,GO:0016616,GO:0019632,GO:0019752,GO:0032787,GO:0036094,GO:0043436,GO:0043648,GO:0043650,GO:0044237,GO:0044249,GO:0044281,GO:0044283,GO:0044424,GO:0044444,GO:0044464,GO:0046394,GO:0046417,GO:0048037,GO:0050661,GO:0050662,GO:0055114,GO:0071704,GO:0097159,GO:1901265,GO:1901363,GO:1901576,GO:1901615	ko:K00014	ko00400,ko01100,ko01110,ko01130,ko01230,map00400,map01100,map01110,map01130,map01230	ko00000,ko00001,ko00002,ko01000	Shikimate_DH,Shikimate_dh_N
3225	GEA52538.1	1205908.AKXW01000128_gene497	3.51e-222	612.0	COG0408@1|root,COG0408@2|Bacteria,1MWMF@1224|Proteobacteria,1RMM8@1236|Gammaproteobacteria,1XT68@135623|Vibrionales	Involved in the heme biosynthesis. Catalyzes the aerobic oxidative decarboxylation of propionate groups of rings A and B of coproporphyrinogen-III to yield the vinyl groups in protoporphyrinogen-IX	hemF	GO:0003674,GO:0003824,GO:0004109,GO:0005488,GO:0005515,GO:0006725,GO:0006778,GO:0006779,GO:0006807,GO:0008150,GO:0008152,GO:0009058,GO:0009987,GO:0016491,GO:0016627,GO:0016634,GO:0018130,GO:0019438,GO:0033013,GO:0033014,GO:0034641,GO:0042802,GO:0042803,GO:0044237,GO:0044249,GO:0044271,GO:0046483,GO:0046983,GO:0051186,GO:0051188,GO:0055114,GO:0071704,GO:1901360,GO:1901362,GO:1901564,GO:1901566,GO:1901576	ko:K00228	ko00860,ko01100,ko01110,map00860,map01100,map01110	ko00000,ko00001,ko00002,ko01000	Coprogen_oxidas
3225	GEA52539.1	1205908.AKXW01000128_gene496	1.32e-125	358.0	COG0009@1|root,COG0009@2|Bacteria,1MVPM@1224|Proteobacteria,1S610@1236|Gammaproteobacteria,1XV14@135623|Vibrionales	Required for the formation of a threonylcarbamoyl group on adenosine at position 37 (t(6)A37) in tRNAs that read codons beginning with adenine. Catalyzes the conversion of L-threonine, HCO(3)(-) CO(2) and ATP to give threonylcarbamoyl-AMP (TC-AMP) as the acyladenylate intermediate, with the release of diphosphate	tsaC	GO:0000049,GO:0002949,GO:0003674,GO:0003676,GO:0003723,GO:0003824,GO:0005488,GO:0005575,GO:0005622,GO:0005623,GO:0005737,GO:0006139,GO:0006396,GO:0006399,GO:0006400,GO:0006450,GO:0006725,GO:0006807,GO:0008033,GO:0008150,GO:0008152,GO:0009451,GO:0009987,GO:0010467,GO:0016070,GO:0016740,GO:0016772,GO:0016779,GO:0034470,GO:0034641,GO:0034660,GO:0043170,GO:0043412,GO:0044237,GO:0044238,GO:0044424,GO:0044464,GO:0046483,GO:0065007,GO:0065008,GO:0070525,GO:0071704,GO:0090304,GO:0097159,GO:1901360,GO:1901363	ko:K07566	-	ko00000,ko01000,ko03009,ko03016	Sua5_yciO_yrdC
3225	GEA52540.1	1219080.VEZ01S_51_00250	8.26e-106	306.0	COG0041@1|root,COG0041@2|Bacteria,1RCWJ@1224|Proteobacteria,1S3VN@1236|Gammaproteobacteria,1XUDA@135623|Vibrionales	Catalyzes the conversion of N5-carboxyaminoimidazole ribonucleotide (N5-CAIR) to 4-carboxy-5-aminoimidazole ribonucleotide (CAIR)	purE	GO:0003674,GO:0003824,GO:0004638,GO:0006139,GO:0006163,GO:0006164,GO:0006725,GO:0006753,GO:0006793,GO:0006796,GO:0006807,GO:0008150,GO:0008152,GO:0009058,GO:0009117,GO:0009150,GO:0009152,GO:0009165,GO:0009259,GO:0009260,GO:0009987,GO:0016829,GO:0016830,GO:0016831,GO:0018130,GO:0019438,GO:0019637,GO:0019693,GO:0034641,GO:0034654,GO:0044237,GO:0044238,GO:0044249,GO:0044271,GO:0044281,GO:0046390,GO:0046483,GO:0055086,GO:0071704,GO:0072521,GO:0072522,GO:0090407,GO:1901135,GO:1901137,GO:1901293,GO:1901360,GO:1901362,GO:1901564,GO:1901566,GO:1901576	ko:K01588	ko00230,ko01100,ko01110,ko01130,map00230,map01100,map01110,map01130	ko00000,ko00001,ko00002,ko01000	AIRC
3225	GEA52541.1	1205908.AKXW01000128_gene494	4.14e-256	703.0	COG0026@1|root,COG0026@2|Bacteria,1MU70@1224|Proteobacteria,1RQEI@1236|Gammaproteobacteria,1XU8Y@135623|Vibrionales	Catalyzes the ATP-dependent conversion of 5- aminoimidazole ribonucleotide (AIR) and HCO(3)(-) to N5- carboxyaminoimidazole ribonucleotide (N5-CAIR)	purK	GO:0003674,GO:0003824,GO:0004638,GO:0005575,GO:0005622,GO:0005623,GO:0005737,GO:0005829,GO:0006139,GO:0006163,GO:0006164,GO:0006725,GO:0006753,GO:0006793,GO:0006796,GO:0006807,GO:0008150,GO:0008152,GO:0009058,GO:0009117,GO:0009150,GO:0009152,GO:0009165,GO:0009259,GO:0009260,GO:0009987,GO:0016829,GO:0016830,GO:0016831,GO:0018130,GO:0019438,GO:0019637,GO:0019693,GO:0034641,GO:0034654,GO:0044237,GO:0044238,GO:0044249,GO:0044271,GO:0044281,GO:0044424,GO:0044444,GO:0044464,GO:0046390,GO:0046483,GO:0055086,GO:0071704,GO:0072521,GO:0072522,GO:0090407,GO:1901135,GO:1901137,GO:1901293,GO:1901360,GO:1901362,GO:1901564,GO:1901566,GO:1901576	ko:K01589	ko00230,ko01100,ko01110,ko01130,map00230,map01100,map01110,map01130	ko00000,ko00001,ko00002,ko01000	ATP-grasp
3225	GEA52542.1	1205908.AKXW01000128_gene492	1.97e-102	297.0	COG2922@1|root,COG2922@2|Bacteria,1RD5F@1224|Proteobacteria,1S43X@1236|Gammaproteobacteria,1XTHN@135623|Vibrionales	Belongs to the Smg family	smg	-	ko:K03747	-	ko00000	DUF494
3225	GEA52543.1	1205908.AKXW01000128_gene491	1.74e-239	662.0	COG0758@1|root,COG0758@2|Bacteria,1MVF6@1224|Proteobacteria,1RPJE@1236|Gammaproteobacteria,1XSI4@135623|Vibrionales	Rossmann fold nucleotide-binding protein involved in DNA uptake	smf	-	ko:K04096	-	ko00000	DNA_processg_A
3225	GEA52544.1	1205908.AKXW01000128_gene490	7.54e-113	324.0	COG0242@1|root,COG0242@2|Bacteria,1RA2P@1224|Proteobacteria,1S247@1236|Gammaproteobacteria,1XSD0@135623|Vibrionales	Removes the formyl group from the N-terminal Met of newly synthesized proteins. Requires at least a dipeptide for an efficient rate of reaction. N-terminal L-methionine is a prerequisite for activity but the enzyme has broad specificity at other positions	def	GO:0003674,GO:0003824,GO:0006464,GO:0006807,GO:0008150,GO:0008152,GO:0008463,GO:0009987,GO:0016787,GO:0016810,GO:0016811,GO:0018193,GO:0018206,GO:0019538,GO:0031365,GO:0036211,GO:0042586,GO:0043170,GO:0043412,GO:0043686,GO:0044237,GO:0044238,GO:0044260,GO:0044267,GO:0071704,GO:1901564	ko:K01462	-	ko00000,ko01000	Pep_deformylase
3225	GEA52545.1	1205908.AKXW01000128_gene489	5.57e-219	605.0	COG0223@1|root,COG0223@2|Bacteria,1MU4Q@1224|Proteobacteria,1RP1T@1236|Gammaproteobacteria,1XTX0@135623|Vibrionales	Attaches a formyl group to the free amino group of methionyl-tRNA(fMet). The formyl group appears to play a dual role in the initiator identity of N-formylmethionyl-tRNA by promoting its recognition by IF2 and preventing the misappropriation of this tRNA by the elongation apparatus	fmt	GO:0003674,GO:0003824,GO:0004479,GO:0006082,GO:0006139,GO:0006396,GO:0006399,GO:0006400,GO:0006412,GO:0006413,GO:0006418,GO:0006431,GO:0006464,GO:0006518,GO:0006520,GO:0006725,GO:0006807,GO:0008033,GO:0008150,GO:0008152,GO:0009058,GO:0009059,GO:0009451,GO:0009987,GO:0010467,GO:0016070,GO:0016740,GO:0016741,GO:0016742,GO:0019538,GO:0019752,GO:0019988,GO:0034470,GO:0034641,GO:0034645,GO:0034660,GO:0036211,GO:0043038,GO:0043039,GO:0043043,GO:0043170,GO:0043412,GO:0043436,GO:0043603,GO:0043604,GO:0044237,GO:0044238,GO:0044249,GO:0044260,GO:0044267,GO:0044271,GO:0044281,GO:0046483,GO:0071704,GO:0071951,GO:0090304,GO:0140098,GO:0140101,GO:1901360,GO:1901564,GO:1901566,GO:1901576	ko:K00604	ko00670,ko00970,map00670,map00970	ko00000,ko00001,ko01000	Formyl_trans_C,Formyl_trans_N
3225	GEA52546.1	1205908.AKXW01000128_gene488	0.0	862.0	COG0144@1|root,COG0781@1|root,COG0144@2|Bacteria,COG0781@2|Bacteria,1MWPE@1224|Proteobacteria,1RN8X@1236|Gammaproteobacteria,1XUH8@135623|Vibrionales	Specifically methylates the cytosine at position 967 (m5C967) of 16S rRNA	rsmB	GO:0000154,GO:0001510,GO:0003674,GO:0003824,GO:0005575,GO:0005622,GO:0005623,GO:0005737,GO:0005829,GO:0006139,GO:0006364,GO:0006396,GO:0006725,GO:0006807,GO:0008150,GO:0008152,GO:0008168,GO:0008169,GO:0008173,GO:0008649,GO:0008757,GO:0009383,GO:0009451,GO:0009987,GO:0010467,GO:0016070,GO:0016072,GO:0016434,GO:0016740,GO:0016741,GO:0022613,GO:0031167,GO:0032259,GO:0034470,GO:0034641,GO:0034660,GO:0042254,GO:0043170,GO:0043412,GO:0043414,GO:0044085,GO:0044237,GO:0044238,GO:0044260,GO:0044424,GO:0044444,GO:0044464,GO:0046483,GO:0070475,GO:0071704,GO:0071840,GO:0090304,GO:0140098,GO:0140102,GO:1901360	ko:K03500	-	ko00000,ko01000,ko03009	Methyltr_RsmB-F,NusB
3225	GEA52547.1	1205908.AKXW01000128_gene487	0.0	872.0	COG0569@1|root,COG0569@2|Bacteria,1MW8R@1224|Proteobacteria,1RNVQ@1236|Gammaproteobacteria,1XTKZ@135623|Vibrionales	Potassium transporter peripheral membrane component	trkA	-	ko:K03499	-	ko00000,ko02000	TrkA_C,TrkA_N
3225	GEA52548.1	1205908.AKXW01000128_gene486	0.0	903.0	COG0168@1|root,COG0168@2|Bacteria,1MUIJ@1224|Proteobacteria,1RMN6@1236|Gammaproteobacteria,1XUGG@135623|Vibrionales	Low-affinity potassium transport system. Interacts with Trk system potassium uptake protein TrkA	trkH-1	-	ko:K03498	-	ko00000,ko02000	TrkH
3225	GEA52549.1	1205908.AKXW01000128_gene485	1.1e-190	529.0	COG4326@1|root,COG4326@2|Bacteria,1RB4P@1224|Proteobacteria,1S3CE@1236|Gammaproteobacteria,1XTH8@135623|Vibrionales	COG4326 Sporulation control protein	spoOM	-	ko:K06377	-	ko00000	Spo0M
3225	GEA52550.1	1205908.AKXW01000128_gene484	1.51e-56	176.0	COG3084@1|root,COG3084@2|Bacteria,1N026@1224|Proteobacteria,1S93G@1236|Gammaproteobacteria,1XXV3@135623|Vibrionales	protein conserved in bacteria	yihD	-	ko:K09896	-	ko00000	DUF1040
3225	GEA52551.1	1205908.AKXW01000128_gene483	0.0	907.0	COG0348@1|root,COG0348@2|Bacteria,1MVFY@1224|Proteobacteria,1RMDI@1236|Gammaproteobacteria,1XSG4@135623|Vibrionales	IG-like fold at C-terminal of FixG, putative oxidoreductase	fixG	-	-	-	-	Fer4_18,Fer4_5,FixG_C
3225	GEA52552.1	1205908.AKXW01000128_gene482	2.08e-241	662.0	COG2334@1|root,COG2334@2|Bacteria,1MU2Q@1224|Proteobacteria,1RNHI@1236|Gammaproteobacteria,1XU7N@135623|Vibrionales	A protein kinase that phosphorylates Ser and Thr residues. Probably acts to suppress the effects of stress linked to accumulation of reactive oxygen species. Probably involved in the extracytoplasmic stress response	srkA	-	-	-	-	APH
3225	GEA52553.1	1205908.AKXW01000128_gene481	1.07e-136	387.0	COG1651@1|root,COG1651@2|Bacteria,1RGWH@1224|Proteobacteria,1S5WA@1236|Gammaproteobacteria,1XTXK@135623|Vibrionales	Thiol disulfide interchange protein	dsbA	GO:0003674,GO:0003756,GO:0003824,GO:0005575,GO:0005623,GO:0006457,GO:0008150,GO:0009987,GO:0016853,GO:0016860,GO:0016864,GO:0042597,GO:0044464,GO:0140096	ko:K03673	ko01503,map01503	ko00000,ko00001,ko00002,ko03110	DSBA
3225	GEA52554.1	1205908.AKXW01000128_gene479	1.2e-245	683.0	COG0606@1|root,COG0606@2|Bacteria,1MU4R@1224|Proteobacteria,1RMB9@1236|Gammaproteobacteria,1XTCR@135623|Vibrionales	ATPase with chaperone activity	comM	-	ko:K07391	-	ko00000	ChlI,Mg_chelatase,Mg_chelatase_C
3225	GEA52555.1	1205908.AKXW01000128_gene479	5.32e-68	219.0	COG0606@1|root,COG0606@2|Bacteria,1MU4R@1224|Proteobacteria,1RMB9@1236|Gammaproteobacteria,1XTCR@135623|Vibrionales	ATPase with chaperone activity	comM	-	ko:K07391	-	ko00000	ChlI,Mg_chelatase,Mg_chelatase_C
3225	GEA52556.1	1205908.AKXW01000128_gene478	0.0	1078.0	COG0028@1|root,COG0028@2|Bacteria,1MU6U@1224|Proteobacteria,1RMQQ@1236|Gammaproteobacteria,1XU32@135623|Vibrionales	COG0028 Thiamine pyrophosphate-requiring enzymes acetolactate synthase, pyruvate dehydrogenase (cytochrome), glyoxylate carboligase, phosphonopyruvate decarboxylase	ilvG	-	ko:K01652	ko00290,ko00650,ko00660,ko00770,ko01100,ko01110,ko01130,ko01210,ko01230,map00290,map00650,map00660,map00770,map01100,map01110,map01130,map01210,map01230	ko00000,ko00001,ko00002,ko01000	TPP_enzyme_C,TPP_enzyme_M,TPP_enzyme_N
3225	GEA52557.1	1219072.VHA01S_061_00230	3.69e-59	182.0	COG3978@1|root,COG3978@2|Bacteria,1MZ9W@1224|Proteobacteria,1S8VQ@1236|Gammaproteobacteria,1XXVG@135623|Vibrionales	COG3978 Acetolactate synthase (isozyme II), small (regulatory) subunit	ilvM	-	ko:K11258	ko00290,ko00650,ko00660,ko00770,ko01100,ko01110,ko01130,ko01210,ko01230,map00290,map00650,map00660,map00770,map01100,map01110,map01130,map01210,map01230	ko00000,ko00001,ko00002,ko01000	ACT_5
3225	GEA52558.1	1205908.AKXW01000128_gene476	1.34e-230	634.0	COG0115@1|root,COG0115@2|Bacteria,1MVB0@1224|Proteobacteria,1RP6Z@1236|Gammaproteobacteria,1XUBQ@135623|Vibrionales	Belongs to the class-IV pyridoxal-phosphate-dependent aminotransferase family	ilvE	-	ko:K00826	ko00270,ko00280,ko00290,ko00770,ko01100,ko01110,ko01130,ko01210,ko01230,map00270,map00280,map00290,map00770,map01100,map01110,map01130,map01210,map01230	ko00000,ko00001,ko00002,ko01000,ko01007	Aminotran_4
3225	GEA52559.1	1205908.AKXW01000128_gene475	0.0	1165.0	COG0129@1|root,COG0129@2|Bacteria,1MUTQ@1224|Proteobacteria,1RMP2@1236|Gammaproteobacteria,1XSW5@135623|Vibrionales	Belongs to the IlvD Edd family	ilvD	GO:0003674,GO:0003824,GO:0004160,GO:0006082,GO:0006520,GO:0006549,GO:0006573,GO:0006807,GO:0008150,GO:0008152,GO:0008652,GO:0009058,GO:0009081,GO:0009082,GO:0009097,GO:0009099,GO:0009987,GO:0016053,GO:0016829,GO:0016835,GO:0016836,GO:0019752,GO:0043436,GO:0044237,GO:0044238,GO:0044249,GO:0044281,GO:0044283,GO:0046394,GO:0071704,GO:1901564,GO:1901566,GO:1901576,GO:1901605,GO:1901607	ko:K01687	ko00290,ko00770,ko01100,ko01110,ko01130,ko01210,ko01230,map00290,map00770,map01100,map01110,map01130,map01210,map01230	ko00000,ko00001,ko00002,ko01000	ILVD_EDD
3225	GEA52560.1	1205908.AKXW01000128_gene474	0.0	1001.0	COG1171@1|root,COG1171@2|Bacteria,1MVWJ@1224|Proteobacteria,1RMY6@1236|Gammaproteobacteria,1XU5J@135623|Vibrionales	Catalyzes the anaerobic formation of alpha-ketobutyrate and ammonia from threonine in a two-step reaction. The first step involved a dehydration of threonine and a production of enamine intermediates (aminocrotonate), which tautomerizes to its imine form (iminobutyrate). Both intermediates are unstable and short- lived. The second step is the nonenzymatic hydrolysis of the enamine imine intermediates to form 2-ketobutyrate and free ammonia. In the low water environment of the cell, the second step is accelerated by RidA	ilvA	-	ko:K01754	ko00260,ko00290,ko01100,ko01110,ko01130,ko01200,ko01230,map00260,map00290,map01100,map01110,map01130,map01200,map01230	ko00000,ko00001,ko00002,ko01000	PALP,Thr_dehydrat_C
3225	GEA52561.1	1205908.AKXW01000128_gene473	2.01e-214	592.0	COG0583@1|root,COG0583@2|Bacteria,1P293@1224|Proteobacteria,1RPK0@1236|Gammaproteobacteria,1XUXN@135623|Vibrionales	Transcriptional regulator	ydhB	-	-	-	-	HTH_1,LysR_substrate
3225	GEA52562.1	1205908.AKXW01000128_gene472	1.12e-250	691.0	COG0477@1|root,COG2814@2|Bacteria,1N196@1224|Proteobacteria,1RPMD@1236|Gammaproteobacteria,1XU5F@135623|Vibrionales	COG0477 Permeases of the major facilitator superfamily	ydhC	-	-	-	-	MFS_1
3225	GEA52563.1	1205908.AKXW01000128_gene471	5e-180	501.0	COG0834@1|root,COG0834@2|Bacteria,1MWDK@1224|Proteobacteria,1RZMR@1236|Gammaproteobacteria,1XTN8@135623|Vibrionales	belongs to the bacterial solute-binding protein 3 family	VV3248	-	ko:K01713	ko00400,ko01100,ko01110,ko01130,ko01230,map00400,map01100,map01110,map01130,map01230	ko00000,ko00001,ko00002,ko01000	SBP_bac_3
3225	GEA52564.1	1219080.VEZ01S_51_00020	3.06e-157	443.0	COG0765@1|root,COG0765@2|Bacteria,1MV3I@1224|Proteobacteria,1RNX3@1236|Gammaproteobacteria,1Y246@135623|Vibrionales	COG0765 ABC-type amino acid transport system, permease component	-	-	ko:K02029	-	ko00000,ko00002,ko02000	BPD_transp_1
3225	GEA52565.1	1205908.AKXW01000128_gene469	1.77e-299	820.0	COG1207@1|root,COG1207@2|Bacteria,1MUPH@1224|Proteobacteria,1RNKE@1236|Gammaproteobacteria,1XTBG@135623|Vibrionales	Catalyzes the last two sequential reactions in the de novo biosynthetic pathway for UDP-N-acetylglucosamine (UDP- GlcNAc). The C-terminal domain catalyzes the transfer of acetyl group from acetyl coenzyme A to glucosamine-1-phosphate (GlcN-1-P) to produce N-acetylglucosamine-1-phosphate (GlcNAc-1-P), which is converted into UDP-GlcNAc by the transfer of uridine 5- monophosphate (from uridine 5-triphosphate), a reaction catalyzed by the N-terminal domain	glmU	GO:0000270,GO:0000271,GO:0003674,GO:0003824,GO:0003977,GO:0005975,GO:0005976,GO:0006022,GO:0006023,GO:0006024,GO:0006629,GO:0006807,GO:0008150,GO:0008152,GO:0008610,GO:0008653,GO:0009058,GO:0009059,GO:0009103,GO:0009252,GO:0009273,GO:0009987,GO:0016051,GO:0016740,GO:0016772,GO:0016779,GO:0030203,GO:0033692,GO:0034637,GO:0034645,GO:0042546,GO:0043170,GO:0044036,GO:0044038,GO:0044085,GO:0044237,GO:0044238,GO:0044249,GO:0044255,GO:0044260,GO:0044262,GO:0044264,GO:0070569,GO:0070589,GO:0071554,GO:0071704,GO:0071840,GO:1901135,GO:1901137,GO:1901564,GO:1901566,GO:1901576,GO:1903509	ko:K04042	ko00520,ko01100,ko01130,map00520,map01100,map01130	ko00000,ko00001,ko00002,ko01000	Hexapep,NTP_transf_3
3225	GEA52566.1	1205908.AKXW01000128_gene468	1.76e-90	265.0	COG0355@1|root,COG0355@2|Bacteria,1RHE4@1224|Proteobacteria,1S25H@1236|Gammaproteobacteria,1XWUZ@135623|Vibrionales	Produces ATP from ADP in the presence of a proton gradient across the membrane	atpC	GO:0003674,GO:0003824,GO:0005215,GO:0005575,GO:0005622,GO:0005623,GO:0005886,GO:0006139,GO:0006163,GO:0006164,GO:0006725,GO:0006753,GO:0006754,GO:0006793,GO:0006796,GO:0006807,GO:0006810,GO:0006811,GO:0006812,GO:0008150,GO:0008152,GO:0008324,GO:0009058,GO:0009117,GO:0009123,GO:0009124,GO:0009126,GO:0009127,GO:0009141,GO:0009142,GO:0009144,GO:0009145,GO:0009150,GO:0009152,GO:0009156,GO:0009161,GO:0009165,GO:0009167,GO:0009168,GO:0009199,GO:0009201,GO:0009205,GO:0009206,GO:0009259,GO:0009260,GO:0009987,GO:0015075,GO:0015077,GO:0015078,GO:0015318,GO:0015399,GO:0015405,GO:0015672,GO:0015985,GO:0015986,GO:0016020,GO:0016462,GO:0016469,GO:0016787,GO:0016817,GO:0016818,GO:0016887,GO:0017111,GO:0017144,GO:0018130,GO:0019438,GO:0019637,GO:0019693,GO:0019829,GO:0022804,GO:0022853,GO:0022857,GO:0022890,GO:0032991,GO:0033178,GO:0034220,GO:0034641,GO:0034654,GO:0042623,GO:0042625,GO:0042626,GO:0043492,GO:0044237,GO:0044238,GO:0044249,GO:0044271,GO:0044281,GO:0044424,GO:0044425,GO:0044459,GO:0044464,GO:0044769,GO:0045259,GO:0045260,GO:0045261,GO:0045262,GO:0046034,GO:0046390,GO:0046483,GO:0046933,GO:0051179,GO:0051234,GO:0055085,GO:0055086,GO:0071704,GO:0071944,GO:0072521,GO:0072522,GO:0090407,GO:0090662,GO:0098655,GO:0098660,GO:0098662,GO:0098796,GO:0098797,GO:0099131,GO:0099132,GO:1901135,GO:1901137,GO:1901293,GO:1901360,GO:1901362,GO:1901564,GO:1901566,GO:1901576,GO:1902600	ko:K02114	ko00190,ko00195,ko01100,map00190,map00195,map01100	ko00000,ko00001,ko00002,ko00194	ATP-synt_DE,ATP-synt_DE_N
3225	GEA52567.1	1205908.AKXW01000128_gene467	0.0	904.0	COG0055@1|root,COG0055@2|Bacteria,1MUFU@1224|Proteobacteria,1RN6U@1236|Gammaproteobacteria,1XU5Y@135623|Vibrionales	Produces ATP from ADP in the presence of a proton gradient across the membrane. The catalytic sites are hosted primarily by the beta subunits	atpD	GO:0003674,GO:0003824,GO:0005215,GO:0005575,GO:0005622,GO:0005623,GO:0005886,GO:0006139,GO:0006163,GO:0006164,GO:0006725,GO:0006753,GO:0006754,GO:0006793,GO:0006796,GO:0006807,GO:0006810,GO:0006811,GO:0006812,GO:0008150,GO:0008152,GO:0008324,GO:0009058,GO:0009117,GO:0009123,GO:0009124,GO:0009126,GO:0009127,GO:0009141,GO:0009142,GO:0009144,GO:0009145,GO:0009150,GO:0009152,GO:0009156,GO:0009161,GO:0009165,GO:0009167,GO:0009168,GO:0009199,GO:0009201,GO:0009205,GO:0009206,GO:0009259,GO:0009260,GO:0009987,GO:0015075,GO:0015077,GO:0015078,GO:0015318,GO:0015399,GO:0015405,GO:0015672,GO:0015985,GO:0015986,GO:0016020,GO:0016462,GO:0016469,GO:0016787,GO:0016817,GO:0016818,GO:0016887,GO:0017111,GO:0017144,GO:0018130,GO:0019438,GO:0019637,GO:0019693,GO:0019829,GO:0022804,GO:0022853,GO:0022857,GO:0022890,GO:0032991,GO:0033178,GO:0034220,GO:0034641,GO:0034654,GO:0042623,GO:0042625,GO:0042626,GO:0043492,GO:0044237,GO:0044238,GO:0044249,GO:0044271,GO:0044281,GO:0044424,GO:0044425,GO:0044459,GO:0044464,GO:0044769,GO:0045259,GO:0045260,GO:0045261,GO:0045262,GO:0046034,GO:0046390,GO:0046483,GO:0046933,GO:0051179,GO:0051234,GO:0055085,GO:0055086,GO:0071704,GO:0071944,GO:0072521,GO:0072522,GO:0090407,GO:0090662,GO:0098655,GO:0098660,GO:0098662,GO:0098796,GO:0098797,GO:0099131,GO:0099132,GO:1901135,GO:1901137,GO:1901293,GO:1901360,GO:1901362,GO:1901564,GO:1901566,GO:1901576,GO:1902600	ko:K02112	ko00190,ko00195,ko01100,map00190,map00195,map01100	ko00000,ko00001,ko00002,ko00194,ko01000	ATP-synt_ab,ATP-synt_ab_N
3225	GEA52568.1	1205908.AKXW01000128_gene466	4.82e-195	542.0	COG0224@1|root,COG0224@2|Bacteria,1MU28@1224|Proteobacteria,1RNWJ@1236|Gammaproteobacteria,1XTEZ@135623|Vibrionales	Produces ATP from ADP in the presence of a proton gradient across the membrane. The gamma chain is believed to be important in regulating ATPase activity and the flow of protons through the CF(0) complex	atpG	GO:0003674,GO:0003824,GO:0005215,GO:0005575,GO:0005622,GO:0005623,GO:0005886,GO:0006139,GO:0006163,GO:0006164,GO:0006725,GO:0006753,GO:0006754,GO:0006793,GO:0006796,GO:0006807,GO:0006810,GO:0006811,GO:0006812,GO:0008150,GO:0008152,GO:0008324,GO:0009058,GO:0009117,GO:0009123,GO:0009124,GO:0009126,GO:0009127,GO:0009141,GO:0009142,GO:0009144,GO:0009145,GO:0009150,GO:0009152,GO:0009156,GO:0009161,GO:0009165,GO:0009167,GO:0009168,GO:0009199,GO:0009201,GO:0009205,GO:0009206,GO:0009259,GO:0009260,GO:0009987,GO:0015075,GO:0015077,GO:0015078,GO:0015318,GO:0015399,GO:0015405,GO:0015672,GO:0015985,GO:0015986,GO:0016020,GO:0016462,GO:0016469,GO:0016787,GO:0016817,GO:0016818,GO:0016887,GO:0017111,GO:0017144,GO:0018130,GO:0019438,GO:0019637,GO:0019693,GO:0019829,GO:0022804,GO:0022853,GO:0022857,GO:0022890,GO:0032991,GO:0033178,GO:0034220,GO:0034641,GO:0034654,GO:0042623,GO:0042625,GO:0042626,GO:0043492,GO:0044237,GO:0044238,GO:0044249,GO:0044271,GO:0044281,GO:0044424,GO:0044425,GO:0044459,GO:0044464,GO:0044769,GO:0045259,GO:0045260,GO:0045261,GO:0045262,GO:0046034,GO:0046390,GO:0046483,GO:0046933,GO:0051179,GO:0051234,GO:0055085,GO:0055086,GO:0071704,GO:0071944,GO:0072521,GO:0072522,GO:0090407,GO:0090662,GO:0098655,GO:0098660,GO:0098662,GO:0098796,GO:0098797,GO:0099131,GO:0099132,GO:1901135,GO:1901137,GO:1901293,GO:1901360,GO:1901362,GO:1901564,GO:1901566,GO:1901576,GO:1902600	ko:K02115	ko00190,ko00195,ko01100,map00190,map00195,map01100	ko00000,ko00001,ko00002,ko00194	ATP-synt
3225	GEA52569.1	1205908.AKXW01000128_gene465	0.0	968.0	COG0056@1|root,COG0056@2|Bacteria,1MUG7@1224|Proteobacteria,1RP4V@1236|Gammaproteobacteria,1XUW5@135623|Vibrionales	Produces ATP from ADP in the presence of a proton gradient across the membrane. The alpha chain is a regulatory subunit	atpA	GO:0003674,GO:0003824,GO:0005215,GO:0005575,GO:0005622,GO:0005623,GO:0005886,GO:0006139,GO:0006163,GO:0006164,GO:0006725,GO:0006753,GO:0006754,GO:0006793,GO:0006796,GO:0006807,GO:0006810,GO:0006811,GO:0006812,GO:0008150,GO:0008152,GO:0008324,GO:0009058,GO:0009117,GO:0009123,GO:0009124,GO:0009126,GO:0009127,GO:0009141,GO:0009142,GO:0009144,GO:0009145,GO:0009150,GO:0009152,GO:0009156,GO:0009161,GO:0009165,GO:0009167,GO:0009168,GO:0009199,GO:0009201,GO:0009205,GO:0009206,GO:0009259,GO:0009260,GO:0009987,GO:0015075,GO:0015077,GO:0015078,GO:0015318,GO:0015399,GO:0015405,GO:0015672,GO:0015985,GO:0015986,GO:0016020,GO:0016462,GO:0016469,GO:0016787,GO:0016817,GO:0016818,GO:0016887,GO:0017111,GO:0017144,GO:0018130,GO:0019438,GO:0019637,GO:0019693,GO:0019829,GO:0022804,GO:0022853,GO:0022857,GO:0022890,GO:0032991,GO:0033178,GO:0034220,GO:0034641,GO:0034654,GO:0042623,GO:0042625,GO:0042626,GO:0043492,GO:0044237,GO:0044238,GO:0044249,GO:0044271,GO:0044281,GO:0044424,GO:0044425,GO:0044459,GO:0044464,GO:0044769,GO:0045259,GO:0045260,GO:0045261,GO:0045262,GO:0046034,GO:0046390,GO:0046483,GO:0046933,GO:0051179,GO:0051234,GO:0055085,GO:0055086,GO:0071704,GO:0071944,GO:0072521,GO:0072522,GO:0090407,GO:0090662,GO:0098655,GO:0098660,GO:0098662,GO:0098796,GO:0098797,GO:0099131,GO:0099132,GO:1901135,GO:1901137,GO:1901293,GO:1901360,GO:1901362,GO:1901564,GO:1901566,GO:1901576,GO:1902600	ko:K02111	ko00190,ko00195,ko01100,map00190,map00195,map01100	ko00000,ko00001,ko00002,ko00194,ko01000	ATP-synt_ab,ATP-synt_ab_C,ATP-synt_ab_N
3225	GEA52570.1	1205908.AKXW01000128_gene464	1.18e-115	332.0	COG0712@1|root,COG0712@2|Bacteria,1MVRH@1224|Proteobacteria,1S8X2@1236|Gammaproteobacteria,1XU7W@135623|Vibrionales	F(1)F(0) ATP synthase produces ATP from ADP in the presence of a proton or sodium gradient. F-type ATPases consist of two structural domains, F(1) containing the extramembraneous catalytic core and F(0) containing the membrane proton channel, linked together by a central stalk and a peripheral stalk. During catalysis, ATP synthesis in the catalytic domain of F(1) is coupled via a rotary mechanism of the central stalk subunits to proton translocation	atpH	GO:0003674,GO:0003824,GO:0005215,GO:0005575,GO:0005622,GO:0005623,GO:0005886,GO:0006139,GO:0006163,GO:0006164,GO:0006725,GO:0006753,GO:0006754,GO:0006793,GO:0006796,GO:0006807,GO:0006810,GO:0006811,GO:0006812,GO:0008150,GO:0008152,GO:0008324,GO:0009058,GO:0009117,GO:0009123,GO:0009124,GO:0009126,GO:0009127,GO:0009141,GO:0009142,GO:0009144,GO:0009145,GO:0009150,GO:0009152,GO:0009156,GO:0009161,GO:0009165,GO:0009167,GO:0009168,GO:0009199,GO:0009201,GO:0009205,GO:0009206,GO:0009259,GO:0009260,GO:0009987,GO:0015075,GO:0015077,GO:0015078,GO:0015318,GO:0015399,GO:0015405,GO:0015672,GO:0015985,GO:0015986,GO:0016020,GO:0016462,GO:0016469,GO:0016787,GO:0016817,GO:0016818,GO:0016887,GO:0017111,GO:0017144,GO:0018130,GO:0019438,GO:0019637,GO:0019693,GO:0019829,GO:0022804,GO:0022853,GO:0022857,GO:0022890,GO:0032991,GO:0033178,GO:0034220,GO:0034641,GO:0034654,GO:0042623,GO:0042625,GO:0042626,GO:0043492,GO:0044237,GO:0044238,GO:0044249,GO:0044271,GO:0044281,GO:0044424,GO:0044425,GO:0044459,GO:0044464,GO:0044769,GO:0045259,GO:0045260,GO:0045261,GO:0045262,GO:0046034,GO:0046390,GO:0046483,GO:0046933,GO:0051179,GO:0051234,GO:0055085,GO:0055086,GO:0071704,GO:0071944,GO:0072521,GO:0072522,GO:0090407,GO:0090662,GO:0098655,GO:0098660,GO:0098662,GO:0098796,GO:0098797,GO:0099131,GO:0099132,GO:1901135,GO:1901137,GO:1901293,GO:1901360,GO:1901362,GO:1901564,GO:1901566,GO:1901576,GO:1902600	ko:K02113	ko00190,ko00195,ko01100,map00190,map00195,map01100	ko00000,ko00001,ko00002,ko00194	OSCP
3225	GEA52571.1	1205908.AKXW01000128_gene463	5.4e-74	225.0	COG0711@1|root,COG0711@2|Bacteria,1RHZ0@1224|Proteobacteria,1S402@1236|Gammaproteobacteria,1XVBF@135623|Vibrionales	Component of the F(0) channel, it forms part of the peripheral stalk, linking F(1) to F(0)	atpF	GO:0003674,GO:0003824,GO:0005215,GO:0005575,GO:0005622,GO:0005623,GO:0005886,GO:0006139,GO:0006163,GO:0006164,GO:0006725,GO:0006753,GO:0006754,GO:0006793,GO:0006796,GO:0006807,GO:0006810,GO:0006811,GO:0006812,GO:0008150,GO:0008152,GO:0008324,GO:0009058,GO:0009117,GO:0009123,GO:0009124,GO:0009126,GO:0009127,GO:0009141,GO:0009142,GO:0009144,GO:0009145,GO:0009150,GO:0009152,GO:0009156,GO:0009161,GO:0009165,GO:0009167,GO:0009168,GO:0009199,GO:0009201,GO:0009205,GO:0009206,GO:0009259,GO:0009260,GO:0009987,GO:0015075,GO:0015077,GO:0015078,GO:0015318,GO:0015399,GO:0015405,GO:0015672,GO:0015985,GO:0015986,GO:0016020,GO:0016462,GO:0016469,GO:0016787,GO:0016817,GO:0016818,GO:0016887,GO:0017111,GO:0017144,GO:0018130,GO:0019438,GO:0019637,GO:0019693,GO:0019829,GO:0022804,GO:0022853,GO:0022857,GO:0022890,GO:0032991,GO:0033177,GO:0034220,GO:0034641,GO:0034654,GO:0042623,GO:0042625,GO:0042626,GO:0043492,GO:0044237,GO:0044238,GO:0044249,GO:0044271,GO:0044281,GO:0044424,GO:0044425,GO:0044459,GO:0044464,GO:0044769,GO:0045259,GO:0045260,GO:0045263,GO:0045264,GO:0046034,GO:0046390,GO:0046483,GO:0046933,GO:0051179,GO:0051234,GO:0055085,GO:0055086,GO:0071704,GO:0071944,GO:0072521,GO:0072522,GO:0090407,GO:0090662,GO:0098655,GO:0098660,GO:0098662,GO:0098796,GO:0098797,GO:0099131,GO:0099132,GO:1901135,GO:1901137,GO:1901293,GO:1901360,GO:1901362,GO:1901564,GO:1901566,GO:1901576,GO:1902600	ko:K02109	ko00190,ko00195,ko01100,map00190,map00195,map01100	ko00000,ko00001,ko00002,ko00194	ATP-synt_B
3225	GEA52572.1	1205908.AKXW01000128_gene462	1.54e-47	152.0	COG0636@1|root,32S3K@2|Bacteria,1N1NA@1224|Proteobacteria,1S9MD@1236|Gammaproteobacteria,1XYCJ@135623|Vibrionales	F(1)F(0) ATP synthase produces ATP from ADP in the presence of a proton or sodium gradient. F-type ATPases consist of two structural domains, F(1) containing the extramembraneous catalytic core and F(0) containing the membrane proton channel, linked together by a central stalk and a peripheral stalk. During catalysis, ATP synthesis in the catalytic domain of F(1) is coupled via a rotary mechanism of the central stalk subunits to proton translocation	atpE	GO:0003674,GO:0003824,GO:0005215,GO:0005575,GO:0005622,GO:0005623,GO:0005886,GO:0006139,GO:0006163,GO:0006164,GO:0006725,GO:0006753,GO:0006754,GO:0006793,GO:0006796,GO:0006807,GO:0006810,GO:0006811,GO:0006812,GO:0008150,GO:0008152,GO:0008324,GO:0009058,GO:0009117,GO:0009123,GO:0009124,GO:0009126,GO:0009127,GO:0009141,GO:0009142,GO:0009144,GO:0009145,GO:0009150,GO:0009152,GO:0009156,GO:0009161,GO:0009165,GO:0009167,GO:0009168,GO:0009199,GO:0009201,GO:0009205,GO:0009206,GO:0009259,GO:0009260,GO:0009987,GO:0015075,GO:0015077,GO:0015078,GO:0015318,GO:0015399,GO:0015405,GO:0015672,GO:0015985,GO:0015986,GO:0016020,GO:0016462,GO:0016469,GO:0016787,GO:0016817,GO:0016818,GO:0016887,GO:0017111,GO:0017144,GO:0018130,GO:0019438,GO:0019637,GO:0019693,GO:0019829,GO:0022804,GO:0022853,GO:0022857,GO:0022890,GO:0032991,GO:0033177,GO:0034220,GO:0034641,GO:0034654,GO:0042623,GO:0042625,GO:0042626,GO:0043492,GO:0044237,GO:0044238,GO:0044249,GO:0044271,GO:0044281,GO:0044424,GO:0044425,GO:0044459,GO:0044464,GO:0044769,GO:0045259,GO:0045260,GO:0045263,GO:0045264,GO:0046034,GO:0046390,GO:0046483,GO:0046933,GO:0051179,GO:0051234,GO:0055085,GO:0055086,GO:0071704,GO:0071944,GO:0072521,GO:0072522,GO:0090407,GO:0090662,GO:0098655,GO:0098660,GO:0098662,GO:0098796,GO:0098797,GO:0099131,GO:0099132,GO:1901135,GO:1901137,GO:1901293,GO:1901360,GO:1901362,GO:1901564,GO:1901566,GO:1901576,GO:1902600	ko:K02110	ko00190,ko00195,ko01100,map00190,map00195,map01100	ko00000,ko00001,ko00002,ko00194	ATP-synt_C
3225	GEA52573.1	1205908.AKXW01000128_gene461	5.86e-186	517.0	COG0356@1|root,COG0356@2|Bacteria,1MV87@1224|Proteobacteria,1RPHK@1236|Gammaproteobacteria,1XT0C@135623|Vibrionales	it plays a direct role in the translocation of protons across the membrane	atpB	GO:0003674,GO:0003824,GO:0005215,GO:0005575,GO:0005622,GO:0005623,GO:0005886,GO:0005887,GO:0006139,GO:0006163,GO:0006164,GO:0006725,GO:0006753,GO:0006754,GO:0006793,GO:0006796,GO:0006807,GO:0006810,GO:0006811,GO:0006812,GO:0008150,GO:0008152,GO:0008324,GO:0009058,GO:0009117,GO:0009123,GO:0009124,GO:0009126,GO:0009127,GO:0009141,GO:0009142,GO:0009144,GO:0009145,GO:0009150,GO:0009152,GO:0009156,GO:0009161,GO:0009165,GO:0009167,GO:0009168,GO:0009199,GO:0009201,GO:0009205,GO:0009206,GO:0009259,GO:0009260,GO:0009987,GO:0015075,GO:0015077,GO:0015078,GO:0015318,GO:0015399,GO:0015405,GO:0015672,GO:0015985,GO:0015986,GO:0016020,GO:0016021,GO:0016462,GO:0016469,GO:0016787,GO:0016817,GO:0016818,GO:0016887,GO:0017111,GO:0017144,GO:0018130,GO:0019438,GO:0019637,GO:0019693,GO:0019829,GO:0022804,GO:0022853,GO:0022857,GO:0022890,GO:0031224,GO:0031226,GO:0032991,GO:0033177,GO:0034220,GO:0034641,GO:0034654,GO:0042623,GO:0042625,GO:0042626,GO:0042777,GO:0043492,GO:0044237,GO:0044238,GO:0044249,GO:0044271,GO:0044281,GO:0044424,GO:0044425,GO:0044459,GO:0044464,GO:0044769,GO:0045259,GO:0045260,GO:0045263,GO:0045264,GO:0046034,GO:0046390,GO:0046483,GO:0046933,GO:0051179,GO:0051234,GO:0055085,GO:0055086,GO:0071704,GO:0071944,GO:0072521,GO:0072522,GO:0090407,GO:0090662,GO:0098655,GO:0098660,GO:0098662,GO:0098796,GO:0098797,GO:0099131,GO:0099132,GO:1901135,GO:1901137,GO:1901293,GO:1901360,GO:1901362,GO:1901564,GO:1901566,GO:1901576,GO:1902600	ko:K02108	ko00190,ko00195,ko01100,map00190,map00195,map01100	ko00000,ko00001,ko00002,ko00194,ko03110	ATP-synt_A
3225	GEA52574.1	1205908.AKXW01000128_gene460	5.85e-77	230.0	COG3312@1|root,COG3312@2|Bacteria,1N777@1224|Proteobacteria,1SD0Z@1236|Gammaproteobacteria,1XXAB@135623|Vibrionales	COG3312 F0F1-type ATP synthase, subunit I	atpI	GO:0003674,GO:0003824,GO:0005215,GO:0006139,GO:0006163,GO:0006164,GO:0006725,GO:0006753,GO:0006754,GO:0006793,GO:0006796,GO:0006807,GO:0006810,GO:0006811,GO:0006812,GO:0008150,GO:0008152,GO:0008324,GO:0009058,GO:0009117,GO:0009123,GO:0009124,GO:0009126,GO:0009127,GO:0009141,GO:0009142,GO:0009144,GO:0009145,GO:0009150,GO:0009152,GO:0009156,GO:0009161,GO:0009165,GO:0009167,GO:0009168,GO:0009199,GO:0009201,GO:0009205,GO:0009206,GO:0009259,GO:0009260,GO:0009987,GO:0015075,GO:0015077,GO:0015078,GO:0015318,GO:0015399,GO:0015405,GO:0015672,GO:0015985,GO:0015986,GO:0016462,GO:0016787,GO:0016817,GO:0016818,GO:0016887,GO:0017111,GO:0017144,GO:0018130,GO:0019438,GO:0019637,GO:0019693,GO:0019829,GO:0022804,GO:0022853,GO:0022857,GO:0022890,GO:0034220,GO:0034641,GO:0034654,GO:0042623,GO:0042625,GO:0042626,GO:0043492,GO:0044237,GO:0044238,GO:0044249,GO:0044271,GO:0044281,GO:0044769,GO:0046034,GO:0046390,GO:0046483,GO:0046933,GO:0051179,GO:0051234,GO:0055085,GO:0055086,GO:0071704,GO:0072521,GO:0072522,GO:0090407,GO:0090662,GO:0098655,GO:0098660,GO:0098662,GO:0099131,GO:0099132,GO:1901135,GO:1901137,GO:1901293,GO:1901360,GO:1901362,GO:1901564,GO:1901566,GO:1901576,GO:1902600	ko:K02116	-	ko00000,ko00194	ATP-synt_I
3225	GEA52575.1	1205908.AKXW01000128_gene459	2.51e-186	521.0	COG1475@1|root,COG1475@2|Bacteria,1MW2E@1224|Proteobacteria,1RN65@1236|Gammaproteobacteria,1XUPW@135623|Vibrionales	Belongs to the ParB family	parB	-	ko:K03497	-	ko00000,ko03000,ko03036,ko04812	ParBc
3225	GEA52576.1	1205908.AKXW01000128_gene458	9.36e-157	441.0	COG1192@1|root,COG1192@2|Bacteria,1MV43@1224|Proteobacteria,1RNJK@1236|Gammaproteobacteria,1XT92@135623|Vibrionales	COG1192 ATPases involved in chromosome partitioning	parA	-	ko:K03496	-	ko00000,ko03036,ko04812	AAA_31
3225	GEA52577.1	1219080.VEZ01S_50_00270	3.52e-135	384.0	COG0357@1|root,COG0357@2|Bacteria,1MY0K@1224|Proteobacteria,1RMRZ@1236|Gammaproteobacteria,1XSMQ@135623|Vibrionales	Specifically methylates the N7 position of guanine in position 527 of 16S rRNA	rsmG	GO:0000154,GO:0001510,GO:0003674,GO:0003824,GO:0005575,GO:0005622,GO:0005623,GO:0005737,GO:0005829,GO:0006139,GO:0006364,GO:0006396,GO:0006725,GO:0006807,GO:0008150,GO:0008152,GO:0008168,GO:0008170,GO:0008173,GO:0008649,GO:0008757,GO:0009451,GO:0009987,GO:0010467,GO:0016070,GO:0016072,GO:0016435,GO:0016740,GO:0016741,GO:0022613,GO:0031167,GO:0032259,GO:0034470,GO:0034641,GO:0034660,GO:0036265,GO:0042254,GO:0043170,GO:0043412,GO:0043414,GO:0044085,GO:0044237,GO:0044238,GO:0044260,GO:0044424,GO:0044444,GO:0044464,GO:0046483,GO:0070043,GO:0070475,GO:0070476,GO:0071704,GO:0071840,GO:0090304,GO:0140098,GO:0140102,GO:1901360	ko:K03501	-	ko00000,ko01000,ko03009,ko03036	GidB
3225	GEA52578.1	1205908.AKXW01000128_gene456	0.0	1223.0	COG0445@1|root,COG0445@2|Bacteria,1MU6F@1224|Proteobacteria,1RMM1@1236|Gammaproteobacteria,1XT9G@135623|Vibrionales	NAD-binding protein involved in the addition of a carboxymethylaminomethyl (cmnm) group at the wobble position (U34) of certain tRNAs, forming tRNA-cmnm(5)s(2)U34	gidA	GO:0000166,GO:0001510,GO:0002097,GO:0002098,GO:0003674,GO:0005488,GO:0005575,GO:0005622,GO:0005623,GO:0005737,GO:0005829,GO:0006139,GO:0006396,GO:0006399,GO:0006400,GO:0006725,GO:0006807,GO:0008033,GO:0008150,GO:0008152,GO:0009451,GO:0009987,GO:0010467,GO:0016070,GO:0030488,GO:0032259,GO:0034470,GO:0034641,GO:0034660,GO:0036094,GO:0043167,GO:0043168,GO:0043170,GO:0043412,GO:0043414,GO:0044237,GO:0044238,GO:0044260,GO:0044424,GO:0044444,GO:0044464,GO:0046483,GO:0048037,GO:0050660,GO:0050662,GO:0071704,GO:0090304,GO:0097159,GO:1901265,GO:1901360,GO:1901363	ko:K03495	-	ko00000,ko03016,ko03036	GIDA,GIDA_assoc
3225	GEA52579.1	1205908.AKXW01000128_gene455	2.99e-103	298.0	COG0369@1|root,COG0369@2|Bacteria,1QUGM@1224|Proteobacteria,1T1YC@1236|Gammaproteobacteria,1XWYJ@135623|Vibrionales	COG0716 Flavodoxins	mioC	GO:0003674,GO:0003824,GO:0006091,GO:0008150,GO:0008152,GO:0009055,GO:0009987,GO:0016491,GO:0022900,GO:0044237,GO:0055114	ko:K06205	-	ko00000	Flavodoxin_1
3225	GEA52580.1	1205908.AKXW01000128_gene454	2.13e-311	850.0	COG0486@1|root,COG0486@2|Bacteria,1MUCQ@1224|Proteobacteria,1RN5S@1236|Gammaproteobacteria,1XTKD@135623|Vibrionales	Exhibits a very high intrinsic GTPase hydrolysis rate. Involved in the addition of a carboxymethylaminomethyl (cmnm) group at the wobble position (U34) of certain tRNAs, forming tRNA- cmnm(5)s(2)U34	mnmE	GO:0006139,GO:0006396,GO:0006399,GO:0006400,GO:0006725,GO:0006807,GO:0008033,GO:0008150,GO:0008152,GO:0009451,GO:0009636,GO:0009987,GO:0010467,GO:0016070,GO:0034470,GO:0034641,GO:0034660,GO:0042221,GO:0043170,GO:0043412,GO:0044237,GO:0044238,GO:0046483,GO:0050896,GO:0071704,GO:0090304,GO:1901360	ko:K03650	-	ko00000,ko01000,ko03016	MMR_HSR1,MnmE_helical,TrmE_N
3225	GEA52581.1	1205908.AKXW01000128_gene453	0.0	1038.0	COG0706@1|root,COG0706@2|Bacteria,1MV5M@1224|Proteobacteria,1RMH1@1236|Gammaproteobacteria,1XU5N@135623|Vibrionales	Required for the insertion and or proper folding and or complex formation of integral membrane proteins into the membrane. Involved in integration of membrane proteins that insert both dependently and independently of the Sec translocase complex, as well as at least some lipoproteins. Aids folding of multispanning membrane proteins	yidC	GO:0005575,GO:0005623,GO:0005886,GO:0016020,GO:0044464,GO:0071944	ko:K03217	ko02024,ko03060,ko03070,map02024,map03060,map03070	ko00000,ko00001,ko00002,ko02044,ko03029	60KD_IMP,YidC_periplas
3225	GEA52582.1	1219072.VHA01S_048_00170	1.69e-73	221.0	COG0594@1|root,COG0594@2|Bacteria,1MZQE@1224|Proteobacteria,1S90M@1236|Gammaproteobacteria,1XXEW@135623|Vibrionales	RNaseP catalyzes the removal of the 5'-leader sequence from pre-tRNA to produce the mature 5'-terminus. It can also cleave other RNA substrates such as 4.5S RNA. The protein component plays an auxiliary but essential role in vivo by binding to the 5'-leader sequence and broadening the substrate specificity of the ribozyme	rnpA	GO:0003674,GO:0003824,GO:0004518,GO:0004519,GO:0004521,GO:0004526,GO:0004540,GO:0004549,GO:0005575,GO:0005622,GO:0005623,GO:0005634,GO:0005655,GO:0005730,GO:0006139,GO:0006396,GO:0006725,GO:0006807,GO:0008150,GO:0008152,GO:0009987,GO:0010467,GO:0016070,GO:0016787,GO:0016788,GO:0016891,GO:0016893,GO:0030677,GO:0030681,GO:0031974,GO:0031981,GO:0032991,GO:0034641,GO:0043170,GO:0043226,GO:0043227,GO:0043228,GO:0043229,GO:0043231,GO:0043232,GO:0043233,GO:0044237,GO:0044238,GO:0044422,GO:0044424,GO:0044428,GO:0044446,GO:0044452,GO:0044464,GO:0046483,GO:0070013,GO:0071704,GO:0090304,GO:0090305,GO:0090501,GO:0090502,GO:0140098,GO:0140101,GO:1901360,GO:1902494,GO:1902555,GO:1905348,GO:1990904	ko:K03536	-	ko00000,ko01000,ko03016	Ribonuclease_P
3225	GEA52583.1	1205908.AKXW01000128_gene452	2.08e-21	84.0	COG0230@1|root,COG0230@2|Bacteria,1NGGS@1224|Proteobacteria,1SGDJ@1236|Gammaproteobacteria,1XYVN@135623|Vibrionales	Belongs to the bacterial ribosomal protein bL34 family	rpmH	GO:0003674,GO:0003735,GO:0005198,GO:0005575,GO:0005622,GO:0005623,GO:0005737,GO:0005829,GO:0005840,GO:0006412,GO:0006518,GO:0006807,GO:0008150,GO:0008152,GO:0009058,GO:0009059,GO:0009987,GO:0010467,GO:0015934,GO:0019538,GO:0022625,GO:0022626,GO:0032991,GO:0034641,GO:0034645,GO:0043043,GO:0043170,GO:0043226,GO:0043228,GO:0043229,GO:0043232,GO:0043603,GO:0043604,GO:0044237,GO:0044238,GO:0044249,GO:0044260,GO:0044267,GO:0044271,GO:0044391,GO:0044422,GO:0044424,GO:0044444,GO:0044445,GO:0044446,GO:0044464,GO:0071704,GO:1901564,GO:1901566,GO:1901576,GO:1990904	ko:K02914	ko03010,map03010	br01610,ko00000,ko00001,ko00002,ko03011	Ribosomal_L34
3225	GEA52584.1	1205908.AKXW01000128_gene451	1.44e-172	481.0	COG1126@1|root,COG1126@2|Bacteria,1MU9Q@1224|Proteobacteria,1RMX1@1236|Gammaproteobacteria,1XTKQ@135623|Vibrionales	COG1126 ABC-type polar amino acid transport system, ATPase component	tcyC	-	ko:K16963	ko02010,map02010	ko00000,ko00001,ko00002,ko01000,ko02000	ABC_tran
3225	GEA52585.1	1205908.AKXW01000128_gene450	4.41e-145	410.0	COG0765@1|root,COG0765@2|Bacteria,1QN80@1224|Proteobacteria,1RR3B@1236|Gammaproteobacteria,1XSY9@135623|Vibrionales	ABC-type amino acid transport system permease component	yecS	-	ko:K16962	ko02010,map02010	ko00000,ko00001,ko00002,ko02000	BPD_transp_1
3225	GEA52586.1	1205908.AKXW01000128_gene449	2.02e-167	469.0	COG0834@1|root,COG0834@2|Bacteria,1MXME@1224|Proteobacteria,1S17B@1236|Gammaproteobacteria,1XUD2@135623|Vibrionales	belongs to the bacterial solute-binding protein 3 family	patH	-	ko:K16961	ko02010,map02010	ko00000,ko00001,ko00002,ko02000	SBP_bac_3
3225	GEA52587.1	1219080.VEZ01S_50_00170	0.0	884.0	COG0593@1|root,COG0593@2|Bacteria,1MU5H@1224|Proteobacteria,1RNHP@1236|Gammaproteobacteria,1XT0F@135623|Vibrionales	it binds specifically double-stranded DNA at a 9 bp consensus (dnaA box) 5'-TTATC CA A CA A-3'. DnaA binds to ATP and to acidic phospholipids	dnaA	GO:0000166,GO:0003674,GO:0003676,GO:0003677,GO:0003688,GO:0003690,GO:0005488,GO:0005524,GO:0005575,GO:0005622,GO:0005623,GO:0005737,GO:0005886,GO:0006139,GO:0006259,GO:0006260,GO:0006261,GO:0006270,GO:0006275,GO:0006725,GO:0006807,GO:0008144,GO:0008150,GO:0008152,GO:0009058,GO:0009059,GO:0009889,GO:0009987,GO:0010556,GO:0016020,GO:0017076,GO:0019219,GO:0019222,GO:0030554,GO:0031323,GO:0031326,GO:0032553,GO:0032555,GO:0032559,GO:0034641,GO:0034645,GO:0035639,GO:0036094,GO:0043167,GO:0043168,GO:0043170,GO:0043565,GO:0044237,GO:0044238,GO:0044249,GO:0044260,GO:0044424,GO:0044464,GO:0046483,GO:0050789,GO:0050794,GO:0051052,GO:0051171,GO:0060255,GO:0065007,GO:0071704,GO:0071944,GO:0080090,GO:0090304,GO:0097159,GO:0097367,GO:1901265,GO:1901360,GO:1901363,GO:1901576,GO:1990837,GO:2000112	ko:K02313	ko02020,ko04112,map02020,map04112	ko00000,ko00001,ko03032,ko03036	Bac_DnaA,Bac_DnaA_C,DnaA_N
3225	GEA52588.1	1205908.AKXW01000128_gene447	7.37e-252	692.0	COG0592@1|root,COG0592@2|Bacteria,1MVD9@1224|Proteobacteria,1RMNP@1236|Gammaproteobacteria,1XSM8@135623|Vibrionales	Confers DNA tethering and processivity to DNA polymerases and other proteins. Acts as a clamp, forming a ring around DNA (a reaction catalyzed by the clamp-loading complex) which diffuses in an ATP-independent manner freely and bidirectionally along dsDNA. Initially characterized for its ability to contact the catalytic subunit of DNA polymerase III (Pol III), a complex, multichain enzyme responsible for most of the replicative synthesis in bacteria	dnaN	GO:0003674,GO:0003824,GO:0003887,GO:0005575,GO:0005622,GO:0005623,GO:0006139,GO:0006259,GO:0006260,GO:0006725,GO:0006807,GO:0008150,GO:0008152,GO:0009058,GO:0009059,GO:0009360,GO:0009987,GO:0016740,GO:0016772,GO:0016779,GO:0018130,GO:0019438,GO:0032991,GO:0034061,GO:0034641,GO:0034645,GO:0034654,GO:0042575,GO:0043170,GO:0044237,GO:0044238,GO:0044249,GO:0044260,GO:0044271,GO:0044424,GO:0044464,GO:0046483,GO:0061695,GO:0071704,GO:0071897,GO:0090304,GO:0140097,GO:1901360,GO:1901362,GO:1901576,GO:1902494,GO:1990234	ko:K02338	ko00230,ko00240,ko01100,ko03030,ko03430,ko03440,map00230,map00240,map01100,map03030,map03430,map03440	ko00000,ko00001,ko00002,ko01000,ko03032,ko03400	DNA_pol3_beta,DNA_pol3_beta_2,DNA_pol3_beta_3
3225	GEA52589.1	1205908.AKXW01000128_gene446	4.69e-261	715.0	COG1195@1|root,COG1195@2|Bacteria,1MX8N@1224|Proteobacteria,1RN5P@1236|Gammaproteobacteria,1XTHH@135623|Vibrionales	it is required for DNA replication and normal SOS inducibility. RecF binds preferentially to single-stranded, linear DNA. It also seems to bind ATP	recF	GO:0000731,GO:0006139,GO:0006259,GO:0006281,GO:0006302,GO:0006725,GO:0006807,GO:0006950,GO:0006974,GO:0008150,GO:0008152,GO:0009058,GO:0009059,GO:0009987,GO:0018130,GO:0019438,GO:0033554,GO:0034641,GO:0034645,GO:0034654,GO:0043170,GO:0044237,GO:0044238,GO:0044249,GO:0044260,GO:0044271,GO:0046483,GO:0050896,GO:0051716,GO:0071704,GO:0071897,GO:0090304,GO:1901360,GO:1901362,GO:1901576	ko:K03629	ko03440,map03440	ko00000,ko00001,ko03400	SMC_N
3225	GEA52590.1	1219080.VEZ01S_50_00140	0.0	1529.0	COG0187@1|root,COG0187@2|Bacteria,1MVKT@1224|Proteobacteria,1RNB2@1236|Gammaproteobacteria,1XV37@135623|Vibrionales	A type II topoisomerase that negatively supercoils closed circular double-stranded (ds) DNA in an ATP-dependent manner to modulate DNA topology and maintain chromosomes in an underwound state. Negative supercoiling favors strand separation, and DNA replication, transcription, recombination and repair, all of which involve strand separation. Also able to catalyze the interconversion of other topological isomers of dsDNA rings, including catenanes and knotted rings. Type II topoisomerases break and join 2 DNA strands simultaneously in an ATP-dependent manner	gyrB	GO:0003674,GO:0003824,GO:0003916,GO:0003918,GO:0005575,GO:0005622,GO:0005623,GO:0006139,GO:0006259,GO:0006265,GO:0006725,GO:0006807,GO:0006996,GO:0007059,GO:0008094,GO:0008150,GO:0008152,GO:0009295,GO:0009330,GO:0009987,GO:0016043,GO:0016462,GO:0016787,GO:0016817,GO:0016818,GO:0016853,GO:0016887,GO:0017111,GO:0032991,GO:0034641,GO:0042623,GO:0043170,GO:0044237,GO:0044238,GO:0044260,GO:0044424,GO:0044464,GO:0046483,GO:0051276,GO:0061505,GO:0071103,GO:0071704,GO:0071840,GO:0090304,GO:0140097,GO:1901360	ko:K02470	-	ko00000,ko01000,ko03032,ko03400	DNA_gyraseB,DNA_gyraseB_C,HATPase_c,Toprim
3225	GEA52591.1	1219072.VHA01S_048_00260	1.15e-93	274.0	COG0071@1|root,COG0071@2|Bacteria,1RH2X@1224|Proteobacteria,1S6WS@1236|Gammaproteobacteria,1XWXH@135623|Vibrionales	Belongs to the small heat shock protein (HSP20) family	ibpA	-	ko:K04080	-	ko00000,ko03110	HSP20
3225	GEA52592.1	1205908.AKXW01000128_gene443	0.0	1086.0	COG0745@1|root,COG2909@1|root,COG0745@2|Bacteria,COG2909@2|Bacteria,1N5KV@1224|Proteobacteria,1SMMI@1236|Gammaproteobacteria,1Y0IY@135623|Vibrionales	Transcriptional regulatory protein, C terminal	-	-	-	-	-	Trans_reg_C
3225	GEA52593.1	1205908.AKXW01000128_gene442	2.15e-116	333.0	28PFD@1|root,2ZC6I@2|Bacteria,1R8PT@1224|Proteobacteria,1S49D@1236|Gammaproteobacteria,1Y2AI@135623|Vibrionales	-	-	-	-	-	-	-
3225	GEA52594.1	1205908.AKXW01000128_gene441	9.39e-71	214.0	COG2346@1|root,COG2346@2|Bacteria,1QM27@1224|Proteobacteria,1TJ9G@1236|Gammaproteobacteria,1Y0UV@135623|Vibrionales	Bacterial-like globin	-	-	ko:K06886	-	ko00000	Bac_globin
3225	GEA52595.1	1205908.AKXW01000128_gene440	1.36e-304	830.0	COG3977@1|root,COG3977@2|Bacteria,1MVRW@1224|Proteobacteria,1RNK1@1236|Gammaproteobacteria,1XUEC@135623|Vibrionales	Valine--pyruvate aminotransferase	avtA	-	ko:K00835	ko00290,ko01100,ko01110,ko01130,map00290,map01100,map01110,map01130	ko00000,ko00001,ko01000,ko01007	Aminotran_1_2
3225	GEA52596.1	945543.VIBR0546_08987	0.0	1263.0	COG0751@1|root,COG0751@2|Bacteria,1MV2F@1224|Proteobacteria,1RNR3@1236|Gammaproteobacteria,1XT5T@135623|Vibrionales	Glycyl-tRNA synthetase beta subunit	glyS	GO:0003674,GO:0003824,GO:0004812,GO:0004820,GO:0006082,GO:0006139,GO:0006399,GO:0006412,GO:0006418,GO:0006426,GO:0006518,GO:0006520,GO:0006725,GO:0006807,GO:0008150,GO:0008152,GO:0009058,GO:0009059,GO:0009987,GO:0010467,GO:0016070,GO:0016874,GO:0016875,GO:0019538,GO:0019752,GO:0034641,GO:0034645,GO:0034660,GO:0043038,GO:0043039,GO:0043043,GO:0043170,GO:0043436,GO:0043603,GO:0043604,GO:0044237,GO:0044238,GO:0044249,GO:0044260,GO:0044267,GO:0044271,GO:0044281,GO:0046483,GO:0071704,GO:0090304,GO:0140098,GO:0140101,GO:1901360,GO:1901564,GO:1901566,GO:1901576	ko:K01879	ko00970,map00970	ko00000,ko00001,ko00002,ko01000,ko01007,ko03016	DALR_1,tRNA_synt_2f
3225	GEA52597.1	1205908.AKXW01000128_gene438	3.15e-230	632.0	COG0752@1|root,COG0752@2|Bacteria,1MVCJ@1224|Proteobacteria,1RMYI@1236|Gammaproteobacteria,1XT6R@135623|Vibrionales	glycyl-trna synthetase alpha subunit	glyQ	-	ko:K01878	ko00970,map00970	ko00000,ko00001,ko00002,ko01000,ko01007,ko03016	tRNA-synt_2e
3225	GEA52598.1	1205908.AKXW01000128_gene437	6.9e-107	310.0	COG2119@1|root,COG2119@2|Bacteria,1RDDV@1224|Proteobacteria,1S3QT@1236|Gammaproteobacteria,1XSNJ@135623|Vibrionales	Uncharacterized protein family UPF0016	-	-	-	-	-	UPF0016
3225	GEA52599.1	1205908.AKXW01000128_gene436	1.63e-52	165.0	COG0425@1|root,COG0425@2|Bacteria,1MZA5@1224|Proteobacteria,1S8TC@1236|Gammaproteobacteria,1XYAC@135623|Vibrionales	Sulfur carrier protein which probably makes part of a sulfur-relay system	tusA	GO:0008150,GO:0009987,GO:0019725,GO:0042592,GO:0048878,GO:0055082,GO:0065007,GO:0065008	ko:K04085	ko04122,map04122	ko00000,ko00001,ko01000,ko03016	TusA
3225	GEA52600.1	1205908.AKXW01000128_gene435	2.64e-216	598.0	COG0583@1|root,COG0583@2|Bacteria,1NYPZ@1224|Proteobacteria,1S0MX@1236|Gammaproteobacteria,1Y2QP@135623|Vibrionales	Bacterial regulatory helix-turn-helix protein, lysR family	-	-	-	-	-	HTH_1,LysR_substrate
3225	GEA52601.1	1205908.AKXW01000128_gene434	1.13e-224	620.0	COG0604@1|root,COG0604@2|Bacteria,1MV3W@1224|Proteobacteria,1RMHG@1236|Gammaproteobacteria,1XUG2@135623|Vibrionales	COG0604 NADPH quinone reductase and related Zn-dependent oxidoreductases	yhdH	-	ko:K19745	ko00640,ko01100,map00640,map01100	ko00000,ko00001,ko01000	ADH_N,ADH_zinc_N
3225	GEA52602.1	1205908.AKXW01000128_gene433	5.2e-274	750.0	COG0183@1|root,COG0183@2|Bacteria,1MU5G@1224|Proteobacteria,1RM93@1236|Gammaproteobacteria,1XUI2@135623|Vibrionales	Catalyzes the final step of fatty acid oxidation in which acetyl-CoA is released and the CoA ester of a fatty acid two carbons shorter is formed	fadA	GO:0003674,GO:0003824,GO:0003988,GO:0006082,GO:0006629,GO:0006631,GO:0008150,GO:0008152,GO:0009056,GO:0009062,GO:0009987,GO:0016042,GO:0016054,GO:0016408,GO:0016740,GO:0016746,GO:0016747,GO:0019752,GO:0032787,GO:0043436,GO:0044237,GO:0044238,GO:0044242,GO:0044248,GO:0044255,GO:0044281,GO:0044282,GO:0046395,GO:0071704,GO:0072329,GO:1901575	ko:K00632	ko00071,ko00280,ko00281,ko00362,ko00592,ko00642,ko01100,ko01110,ko01120,ko01130,ko01212,map00071,map00280,map00281,map00362,map00592,map00642,map01100,map01110,map01120,map01130,map01212	ko00000,ko00001,ko00002,ko01000	Thiolase_C,Thiolase_N
3225	GEA52603.1	1205908.AKXW01000128_gene432	0.0	1347.0	COG1024@1|root,COG1250@1|root,COG1024@2|Bacteria,COG1250@2|Bacteria,1MU9P@1224|Proteobacteria,1RMZ8@1236|Gammaproteobacteria,1XUGA@135623|Vibrionales	Involved in the aerobic and anaerobic degradation of long-chain fatty acids via beta-oxidation cycle. Catalyzes the formation of 3-oxoacyl-CoA from enoyl-CoA via L-3-hydroxyacyl-CoA. It can also use D-3-hydroxyacyl-CoA and cis-3-enoyl-CoA as substrate	fadB	GO:0003674,GO:0003824,GO:0003857,GO:0004165,GO:0004300,GO:0006082,GO:0006629,GO:0006631,GO:0008150,GO:0008152,GO:0008692,GO:0009056,GO:0009062,GO:0009987,GO:0016042,GO:0016054,GO:0016491,GO:0016614,GO:0016616,GO:0016829,GO:0016835,GO:0016836,GO:0016853,GO:0016854,GO:0016856,GO:0016860,GO:0016863,GO:0019752,GO:0032787,GO:0043436,GO:0044237,GO:0044238,GO:0044242,GO:0044248,GO:0044255,GO:0044281,GO:0044282,GO:0046395,GO:0055114,GO:0071704,GO:0072329,GO:1901575	ko:K01825	ko00071,ko00280,ko00281,ko00310,ko00362,ko00380,ko00410,ko00640,ko00650,ko00903,ko00930,ko01040,ko01100,ko01110,ko01120,ko01130,ko01200,ko01212,map00071,map00280,map00281,map00310,map00362,map00380,map00410,map00640,map00650,map00903,map00930,map01040,map01100,map01110,map01120,map01130,map01200,map01212	ko00000,ko00001,ko00002,ko01000	3HCDH,3HCDH_N,ECH_1
3225	GEA52604.1	1205908.AKXW01000128_gene431	1.13e-138	393.0	COG1739@1|root,COG1739@2|Bacteria,1NFJC@1224|Proteobacteria,1RPBF@1236|Gammaproteobacteria,1XTYV@135623|Vibrionales	Domain of unknown function (DUF1949)	yigZ	-	-	-	-	DUF1949,UPF0029
3225	GEA52605.1	1205908.AKXW01000128_gene430	0.0	944.0	COG0168@1|root,COG0168@2|Bacteria,1MUIJ@1224|Proteobacteria,1RMN6@1236|Gammaproteobacteria,1XU4M@135623|Vibrionales	Low-affinity potassium transport system. Interacts with trk system potassium uptake protein TrkA	trkH	GO:0003674,GO:0005215,GO:0005216,GO:0005261,GO:0005267,GO:0005488,GO:0005515,GO:0005575,GO:0005623,GO:0005886,GO:0005887,GO:0006810,GO:0006811,GO:0006812,GO:0006813,GO:0008150,GO:0008324,GO:0009987,GO:0015075,GO:0015077,GO:0015079,GO:0015267,GO:0015318,GO:0015672,GO:0016020,GO:0016021,GO:0022803,GO:0022838,GO:0022857,GO:0022890,GO:0030001,GO:0030955,GO:0031224,GO:0031226,GO:0031420,GO:0034220,GO:0042802,GO:0042803,GO:0043167,GO:0043169,GO:0044425,GO:0044459,GO:0044464,GO:0046872,GO:0046873,GO:0046983,GO:0051179,GO:0051234,GO:0055085,GO:0071804,GO:0071805,GO:0071944,GO:0098655,GO:0098660,GO:0098662	ko:K03498	-	ko00000,ko02000	TrkH
3225	GEA52606.1	1205908.AKXW01000128_gene429	1.15e-122	350.0	COG4635@1|root,COG4635@2|Bacteria,1RAH2@1224|Proteobacteria,1S372@1236|Gammaproteobacteria,1XSWA@135623|Vibrionales	protoporphyrinogen oxidase	hemG	-	ko:K00230	ko00860,ko01100,ko01110,map00860,map01100,map01110	ko00000,ko00001,ko00002,ko01000	Flavodoxin_5
3225	GEA52607.1	1205908.AKXW01000162_gene2593	1.58e-239	666.0	COG2067@1|root,COG2067@2|Bacteria,1NM5K@1224|Proteobacteria,1SKF5@1236|Gammaproteobacteria,1XSQN@135623|Vibrionales	long-chain fatty acid transport protein	fadL	-	ko:K06076	-	ko00000,ko02000	Toluene_X
3225	GEA52608.1	1205908.AKXW01000162_gene2592	1.92e-152	430.0	COG5662@1|root,COG5662@2|Bacteria,1RJ4M@1224|Proteobacteria,1S23M@1236|Gammaproteobacteria,1XURI@135623|Vibrionales	Protein of unknown function (DUF3379)	EBIG1770	-	-	-	-	DUF3379
3225	GEA52609.1	1219080.VEZ01S_07_00890	2.83e-124	355.0	COG1595@1|root,COG1595@2|Bacteria,1R9ZN@1224|Proteobacteria,1S7BJ@1236|Gammaproteobacteria,1XTMQ@135623|Vibrionales	Belongs to the sigma-70 factor family. ECF subfamily	-	-	ko:K03088	-	ko00000,ko03021	Sigma70_r2,Sigma70_r4_2
3225	GEA52610.1	1219072.VHA01S_004_01350	4.48e-281	772.0	COG0183@1|root,COG0183@2|Bacteria,1MU5G@1224|Proteobacteria,1RNGU@1236|Gammaproteobacteria,1XSJ5@135623|Vibrionales	Catalyzes the final step of fatty acid oxidation in which acetyl-CoA is released and the CoA ester of a fatty acid two carbons shorter is formed	fadI	GO:0003674,GO:0003824,GO:0003988,GO:0006082,GO:0006629,GO:0006631,GO:0006635,GO:0008150,GO:0008152,GO:0009056,GO:0009062,GO:0009987,GO:0016042,GO:0016054,GO:0016408,GO:0016740,GO:0016746,GO:0016747,GO:0019395,GO:0019752,GO:0030258,GO:0032787,GO:0034440,GO:0043436,GO:0044237,GO:0044238,GO:0044242,GO:0044248,GO:0044255,GO:0044281,GO:0044282,GO:0046395,GO:0055114,GO:0071704,GO:0072329,GO:1901575	ko:K00632	ko00071,ko00280,ko00281,ko00362,ko00592,ko00642,ko01100,ko01110,ko01120,ko01130,ko01212,map00071,map00280,map00281,map00362,map00592,map00642,map01100,map01110,map01120,map01130,map01212	ko00000,ko00001,ko00002,ko01000	Thiolase_C,Thiolase_N
3225	GEA52611.1	1205908.AKXW01000162_gene2589	0.0	1317.0	COG1024@1|root,COG1250@1|root,COG1024@2|Bacteria,COG1250@2|Bacteria,1MU9P@1224|Proteobacteria,1RMZ8@1236|Gammaproteobacteria,1XV3W@135623|Vibrionales	Catalyzes the formation of a hydroxyacyl-CoA by addition of water on enoyl-CoA. Also exhibits 3-hydroxyacyl-CoA epimerase and 3-hydroxyacyl-CoA dehydrogenase activities	fadJ	GO:0003674,GO:0003824,GO:0003857,GO:0004300,GO:0006082,GO:0006629,GO:0006631,GO:0008150,GO:0008152,GO:0008692,GO:0009056,GO:0009062,GO:0009987,GO:0016042,GO:0016054,GO:0016491,GO:0016614,GO:0016616,GO:0016829,GO:0016835,GO:0016836,GO:0016853,GO:0016854,GO:0016856,GO:0019752,GO:0032787,GO:0043436,GO:0044237,GO:0044238,GO:0044242,GO:0044248,GO:0044255,GO:0044281,GO:0044282,GO:0046395,GO:0055114,GO:0071704,GO:0072329,GO:1901575	ko:K01782	ko00071,ko00280,ko00281,ko00310,ko00362,ko00380,ko00410,ko00640,ko00650,ko00903,ko00930,ko01040,ko01100,ko01110,ko01120,ko01130,ko01200,ko01212,map00071,map00280,map00281,map00310,map00362,map00380,map00410,map00640,map00650,map00903,map00930,map01040,map01100,map01110,map01120,map01130,map01200,map01212	ko00000,ko00001,ko00002,ko01000	3HCDH,3HCDH_N,ECH_1
3225	GEA52612.1	1205908.AKXW01000097_gene2291	2.72e-262	720.0	COG2966@1|root,COG3610@1|root,COG2966@2|Bacteria,COG3610@2|Bacteria,1RAQ0@1224|Proteobacteria,1RP2P@1236|Gammaproteobacteria,1XUE6@135623|Vibrionales	Putative threonine/serine exporter	-	-	-	-	-	ThrE,ThrE_2
3225	GEA52613.1	1205908.AKXW01000097_gene2292	0.0	1783.0	COG1025@1|root,COG1025@2|Bacteria,1QTVC@1224|Proteobacteria,1T1IG@1236|Gammaproteobacteria,1XT1Q@135623|Vibrionales	Belongs to the peptidase M16 family	ptrA	-	-	-	-	Peptidase_M16,Peptidase_M16_C,Peptidase_M16_M
3225	GEA52614.1	1205908.AKXW01000097_gene2293	3.85e-103	298.0	COG2062@1|root,COG2062@2|Bacteria,1NAAE@1224|Proteobacteria,1SAT1@1236|Gammaproteobacteria,1XXBT@135623|Vibrionales	Phosphohistidine phosphatase sixA	sixA	-	ko:K08296	-	ko00000,ko01000	His_Phos_1
3225	GEA52615.1	1205908.AKXW01000097_gene2294	3.85e-97	284.0	COG2335@1|root,COG2335@2|Bacteria,1RD06@1224|Proteobacteria,1RSMY@1236|Gammaproteobacteria,1XXKV@135623|Vibrionales	Secreted and surface protein containing fasciclin-like repeats	-	-	-	-	-	Fasciclin
3225	GEA52616.1	1205908.AKXW01000097_gene2295	1.29e-123	352.0	COG2840@1|root,COG2840@2|Bacteria,1MVS6@1224|Proteobacteria,1RPXD@1236|Gammaproteobacteria,1XUS2@135623|Vibrionales	Belongs to the UPF0115 family	yfcN	-	-	-	-	Smr
3225	GEA52617.1	1205908.AKXW01000097_gene2296	2.38e-222	613.0	COG2890@1|root,COG2890@2|Bacteria,1MX8Q@1224|Proteobacteria,1RPHQ@1236|Gammaproteobacteria,1XUD9@135623|Vibrionales	Specifically methylates the 50S ribosomal protein L3 on a specific glutamine residue	prmB	GO:0003674,GO:0003824,GO:0005575,GO:0005622,GO:0005623,GO:0005737,GO:0005829,GO:0006139,GO:0006259,GO:0006304,GO:0006305,GO:0006306,GO:0006464,GO:0006479,GO:0006725,GO:0006807,GO:0008150,GO:0008152,GO:0008168,GO:0008170,GO:0008213,GO:0008276,GO:0008757,GO:0009007,GO:0009008,GO:0009987,GO:0016740,GO:0016741,GO:0018364,GO:0019538,GO:0032259,GO:0032775,GO:0034641,GO:0036009,GO:0036211,GO:0043170,GO:0043412,GO:0043414,GO:0044237,GO:0044238,GO:0044260,GO:0044267,GO:0044424,GO:0044444,GO:0044464,GO:0044728,GO:0046483,GO:0071704,GO:0090304,GO:0140096,GO:0140097,GO:1901360,GO:1901564	ko:K07320	-	ko00000,ko01000,ko03009	MTS
3225	GEA52618.1	1205908.AKXW01000097_gene2297	1.34e-256	704.0	COG0082@1|root,COG0082@2|Bacteria,1MU98@1224|Proteobacteria,1RMQS@1236|Gammaproteobacteria,1XSRC@135623|Vibrionales	Catalyzes the anti-1,4-elimination of the C-3 phosphate and the C-6 proR hydrogen from 5-enolpyruvylshikimate-3-phosphate (EPSP) to yield chorismate, which is the branch point compound that serves as the starting substrate for the three terminal pathways of aromatic amino acid biosynthesis. This reaction introduces a second double bond into the aromatic ring system	aroC	GO:0000166,GO:0003674,GO:0003824,GO:0004107,GO:0005488,GO:0005575,GO:0005622,GO:0005623,GO:0005737,GO:0005829,GO:0006082,GO:0006520,GO:0006725,GO:0006807,GO:0008150,GO:0008152,GO:0008652,GO:0009058,GO:0009072,GO:0009073,GO:0009423,GO:0009987,GO:0010181,GO:0016053,GO:0016829,GO:0016835,GO:0016838,GO:0019438,GO:0019752,GO:0032553,GO:0036094,GO:0043167,GO:0043168,GO:0043436,GO:0043648,GO:0043650,GO:0044237,GO:0044238,GO:0044249,GO:0044281,GO:0044283,GO:0044424,GO:0044444,GO:0044464,GO:0046394,GO:0046417,GO:0048037,GO:0050662,GO:0071704,GO:0097159,GO:0097367,GO:1901265,GO:1901360,GO:1901362,GO:1901363,GO:1901564,GO:1901566,GO:1901576	ko:K01736	ko00400,ko01100,ko01110,ko01130,ko01230,map00400,map01100,map01110,map01130,map01230	ko00000,ko00001,ko00002,ko01000	Chorismate_synt
3225	GEA52619.1	1051646.VITU9109_12593	4.12e-133	379.0	COG2860@1|root,COG2860@2|Bacteria,1R9H8@1224|Proteobacteria,1S00T@1236|Gammaproteobacteria,1XTZU@135623|Vibrionales	membrane	yicG	-	-	-	-	UPF0126
3225	GEA52620.1	1205908.AKXW01000097_gene2299	4.76e-122	348.0	COG3101@1|root,COG3101@2|Bacteria,1MWTG@1224|Proteobacteria,1RNHD@1236|Gammaproteobacteria,1XTN3@135623|Vibrionales	protein conserved in bacteria	yfcM	-	ko:K09906	-	ko00000,ko01000,ko03012	EpmC
3225	GEA52621.1	1205908.AKXW01000097_gene2300	7.45e-54	169.0	2CJ8F@1|root,32SAV@2|Bacteria,1N0DT@1224|Proteobacteria,1S9BA@1236|Gammaproteobacteria,1XYEK@135623|Vibrionales	YfcL protein	-	-	-	-	-	YfcL
3225	GEA52622.1	1205908.AKXW01000097_gene2301	9.26e-109	315.0	COG0431@1|root,COG0431@2|Bacteria,1RH7F@1224|Proteobacteria,1SWZ0@1236|Gammaproteobacteria,1XT0Z@135623|Vibrionales	flavoprotein	-	-	-	-	-	FMN_red
3225	GEA52623.1	1205908.AKXW01000097_gene2302	0.0	1274.0	COG0665@1|root,COG4121@1|root,COG0665@2|Bacteria,COG4121@2|Bacteria,1MZW5@1224|Proteobacteria,1RMTE@1236|Gammaproteobacteria,1XSRW@135623|Vibrionales	Catalyzes the last two steps in the biosynthesis of 5- methylaminomethyl-2-thiouridine (mnm(5)s(2)U) at the wobble position (U34) in tRNA. Catalyzes the FAD-dependent demodification of cmnm(5)s(2)U34 to nm(5)s(2)U34, followed by the transfer of a methyl group from S-adenosyl-L-methionine to nm(5)s(2)U34, to form mnm(5)s(2)U34	mnmC	GO:0001510,GO:0002097,GO:0002098,GO:0003674,GO:0003824,GO:0004808,GO:0005575,GO:0005622,GO:0005623,GO:0005737,GO:0006139,GO:0006396,GO:0006399,GO:0006400,GO:0006725,GO:0006807,GO:0008033,GO:0008150,GO:0008152,GO:0008168,GO:0008173,GO:0008175,GO:0008757,GO:0009451,GO:0009987,GO:0010467,GO:0016070,GO:0016491,GO:0016740,GO:0016741,GO:0030488,GO:0032259,GO:0034470,GO:0034641,GO:0034660,GO:0043170,GO:0043412,GO:0043414,GO:0044237,GO:0044238,GO:0044260,GO:0044424,GO:0044464,GO:0046483,GO:0055114,GO:0071704,GO:0090304,GO:0140098,GO:0140101,GO:1901360	ko:K15461	-	ko00000,ko01000,ko03016	DAO,Methyltransf_30
3225	GEA52624.1	1219080.VEZ01S_07_01020	1.07e-281	771.0	COG0304@1|root,COG0304@2|Bacteria,1MU1X@1224|Proteobacteria,1RMDE@1236|Gammaproteobacteria,1XT7W@135623|Vibrionales	Belongs to the beta-ketoacyl-ACP synthases family	fabB	-	ko:K00647	ko00061,ko00780,ko01100,ko01212,map00061,map00780,map01100,map01212	ko00000,ko00001,ko00002,ko01000,ko01004	Ketoacyl-synt_C,ketoacyl-synt
3225	GEA52625.1	1205908.AKXW01000097_gene2304	1.34e-253	697.0	COG0111@1|root,COG0111@2|Bacteria,1N5TD@1224|Proteobacteria,1RMFW@1236|Gammaproteobacteria,1XSPZ@135623|Vibrionales	Catalyzes the oxidation of erythronate-4-phosphate to 3- hydroxy-2-oxo-4-phosphonooxybutanoate	pdxB	GO:0003674,GO:0003824,GO:0006725,GO:0006766,GO:0006767,GO:0006807,GO:0008150,GO:0008152,GO:0008614,GO:0008615,GO:0009058,GO:0009110,GO:0009987,GO:0016491,GO:0016614,GO:0016616,GO:0017144,GO:0018130,GO:0019438,GO:0034641,GO:0042364,GO:0042816,GO:0042819,GO:0044237,GO:0044249,GO:0044271,GO:0044281,GO:0044283,GO:0046483,GO:0051186,GO:0051188,GO:0055114,GO:0071704,GO:0072524,GO:0072525,GO:1901360,GO:1901362,GO:1901564,GO:1901566,GO:1901576,GO:1901615,GO:1901617	ko:K03473	ko00750,ko01100,map00750,map01100	ko00000,ko00001,ko00002,ko01000	2-Hacid_dh,2-Hacid_dh_C,DUF3410
3225	GEA52626.1	1205908.AKXW01000097_gene2305	3.45e-240	660.0	COG0136@1|root,COG0136@2|Bacteria,1MUHG@1224|Proteobacteria,1RNB6@1236|Gammaproteobacteria,1XT9P@135623|Vibrionales	Catalyzes the NADPH-dependent formation of L-aspartate- semialdehyde (L-ASA) by the reductive dephosphorylation of L- aspartyl-4-phosphate	asd	GO:0000096,GO:0000097,GO:0003674,GO:0003824,GO:0004073,GO:0006082,GO:0006520,GO:0006549,GO:0006553,GO:0006555,GO:0006566,GO:0006790,GO:0006807,GO:0008150,GO:0008152,GO:0008652,GO:0009058,GO:0009066,GO:0009067,GO:0009081,GO:0009082,GO:0009085,GO:0009086,GO:0009088,GO:0009089,GO:0009097,GO:0009987,GO:0016053,GO:0016491,GO:0016620,GO:0016903,GO:0019752,GO:0043436,GO:0043648,GO:0044237,GO:0044238,GO:0044249,GO:0044272,GO:0044281,GO:0044283,GO:0046394,GO:0046451,GO:0055114,GO:0071704,GO:1901564,GO:1901566,GO:1901576,GO:1901605,GO:1901607	ko:K00133	ko00260,ko00261,ko00270,ko00300,ko01100,ko01110,ko01120,ko01130,ko01210,ko01230,map00260,map00261,map00270,map00300,map01100,map01110,map01120,map01130,map01210,map01230	ko00000,ko00001,ko00002,ko01000	Semialdhyde_dh,Semialdhyde_dhC
3225	GEA52627.1	1205908.AKXW01000097_gene2306	6.51e-297	823.0	COG3170@1|root,COG3170@2|Bacteria,1MXV7@1224|Proteobacteria,1RMM5@1236|Gammaproteobacteria,1XUV6@135623|Vibrionales	COG3170 Tfp pilus assembly protein FimV	-	-	ko:K08086	-	ko00000	-
3225	GEA52628.1	1205908.AKXW01000097_gene2307	2.23e-192	533.0	COG0101@1|root,COG0101@2|Bacteria,1MUYI@1224|Proteobacteria,1RMK2@1236|Gammaproteobacteria,1XTDP@135623|Vibrionales	Formation of pseudouridine at positions 38, 39 and 40 in the anticodon stem and loop of transfer RNAs	truA	-	ko:K06173	-	ko00000,ko01000,ko03016	PseudoU_synth_1
3225	GEA52629.1	1205908.AKXW01000097_gene2308	8.81e-212	586.0	COG0777@1|root,COG0777@2|Bacteria,1MW8G@1224|Proteobacteria,1RNDS@1236|Gammaproteobacteria,1XUF4@135623|Vibrionales	Component of the acetyl coenzyme A carboxylase (ACC) complex. Biotin carboxylase (BC) catalyzes the carboxylation of biotin on its carrier protein (BCCP) and then the CO(2) group is transferred by the transcarboxylase to acetyl-CoA to form malonyl- CoA	accD	GO:0003674,GO:0003824,GO:0003989,GO:0005575,GO:0005622,GO:0005623,GO:0005737,GO:0006082,GO:0006629,GO:0006631,GO:0006633,GO:0008150,GO:0008152,GO:0008610,GO:0009058,GO:0009317,GO:0009987,GO:0016053,GO:0016421,GO:0016874,GO:0016885,GO:0019752,GO:0032787,GO:0032991,GO:0043436,GO:0044237,GO:0044238,GO:0044249,GO:0044255,GO:0044281,GO:0044283,GO:0044424,GO:0044444,GO:0044464,GO:0046394,GO:0071704,GO:0072330,GO:1901576,GO:1902494	ko:K01963	ko00061,ko00620,ko00640,ko00720,ko01100,ko01110,ko01120,ko01130,ko01200,ko01212,map00061,map00620,map00640,map00720,map01100,map01110,map01120,map01130,map01200,map01212	ko00000,ko00001,ko00002,ko01000	Carboxyl_trans
3225	GEA52630.1	1205908.AKXW01000097_gene2309	7.43e-295	806.0	COG0285@1|root,COG0285@2|Bacteria,1MVCH@1224|Proteobacteria,1RMB0@1236|Gammaproteobacteria,1XSGS@135623|Vibrionales	Belongs to the folylpolyglutamate synthase family	folC	-	ko:K11754	ko00790,ko01100,map00790,map01100	ko00000,ko00001,ko00002,ko01000	Mur_ligase_C,Mur_ligase_M
3225	GEA52631.1	1205908.AKXW01000097_gene2310	4.35e-109	317.0	COG3147@1|root,COG3147@2|Bacteria,1NGE3@1224|Proteobacteria,1SCGC@1236|Gammaproteobacteria,1XVJ5@135623|Vibrionales	protein conserved in bacteria	dedD	-	ko:K03749	-	ko00000	SPOR
3225	GEA52632.1	1205908.AKXW01000097_gene2311	8.22e-107	308.0	COG1286@1|root,COG1286@2|Bacteria,1NF4G@1224|Proteobacteria,1RQ58@1236|Gammaproteobacteria,1XSSE@135623|Vibrionales	membrane protein, required for colicin V production	cvpA	-	ko:K03558	-	ko00000	Colicin_V
3225	GEA52633.1	1205908.AKXW01000097_gene2312	0.0	980.0	COG0034@1|root,COG0034@2|Bacteria,1MU0V@1224|Proteobacteria,1RMYA@1236|Gammaproteobacteria,1XV4N@135623|Vibrionales	Catalyzes the formation of phosphoribosylamine from phosphoribosylpyrophosphate (PRPP) and glutamine	purF	-	ko:K00764	ko00230,ko00250,ko01100,ko01110,ko01130,map00230,map00250,map01100,map01110,map01130	ko00000,ko00001,ko00002,ko01000,ko01002	GATase_6,Pribosyltran
3225	GEA52634.1	1205908.AKXW01000097_gene2313	2.62e-207	573.0	COG0583@1|root,COG0583@2|Bacteria,1R5BA@1224|Proteobacteria,1S4S1@1236|Gammaproteobacteria,1XT26@135623|Vibrionales	Transcriptional regulator	aphB	-	ko:K10918	ko05111,map05111	ko00000,ko00001,ko03000	HTH_1,LysR_substrate
3225	GEA52635.1	1205908.AKXW01000097_gene2314	3.2e-245	675.0	COG2204@1|root,COG2204@2|Bacteria,1QUG8@1224|Proteobacteria,1T1Y0@1236|Gammaproteobacteria,1XT04@135623|Vibrionales	COG0784 FOG CheY-like receiver	rssB	-	-	-	-	Response_reg
3225	GEA52636.1	1205908.AKXW01000097_gene2315	4.63e-66	202.0	COG2832@1|root,COG2832@2|Bacteria,1N7BI@1224|Proteobacteria,1SCJZ@1236|Gammaproteobacteria,1XY22@135623|Vibrionales	protein conserved in bacteria	-	-	ko:K09790	-	ko00000	DUF454
3225	GEA52637.1	1205908.AKXW01000097_gene2316	3.26e-124	354.0	COG0503@1|root,COG0503@2|Bacteria,1MVZ6@1224|Proteobacteria,1S2N9@1236|Gammaproteobacteria,1XT0Q@135623|Vibrionales	Catalyzes a salvage reaction resulting in the formation of AMP, that is energically less costly than de novo synthesis	apt	GO:0003674,GO:0003824,GO:0003999,GO:0006139,GO:0006166,GO:0006725,GO:0006807,GO:0008150,GO:0008152,GO:0009058,GO:0009116,GO:0009119,GO:0009163,GO:0009987,GO:0016740,GO:0016757,GO:0016763,GO:0018130,GO:0019438,GO:0034404,GO:0034641,GO:0034654,GO:0042278,GO:0042451,GO:0042455,GO:0043094,GO:0043101,GO:0043174,GO:0044237,GO:0044238,GO:0044249,GO:0044271,GO:0044281,GO:0044283,GO:0046128,GO:0046129,GO:0046483,GO:0055086,GO:0071704,GO:0072521,GO:0072522,GO:1901135,GO:1901137,GO:1901360,GO:1901362,GO:1901564,GO:1901566,GO:1901576,GO:1901657,GO:1901659	ko:K00759	ko00230,ko01100,map00230,map01100	ko00000,ko00001,ko01000,ko04147	Pribosyltran
3225	GEA52638.1	1205908.AKXW01000097_gene2317	0.0	1163.0	COG2812@1|root,COG2812@2|Bacteria,1MVCK@1224|Proteobacteria,1RMIA@1236|Gammaproteobacteria,1XV9Y@135623|Vibrionales	DNA polymerase III is a complex, multichain enzyme responsible for most of the replicative synthesis in bacteria. This DNA polymerase also exhibits 3' to 5' exonuclease activity	dnaX	-	ko:K02343	ko00230,ko00240,ko01100,ko03030,ko03430,ko03440,map00230,map00240,map01100,map03030,map03430,map03440	ko00000,ko00001,ko00002,ko01000,ko03032,ko03400	DNA_pol3_delta2,DNA_pol3_gamma3,DNA_pol3_tau_4,DNA_pol3_tau_5
3225	GEA52639.1	1205908.AKXW01000097_gene2318	1.1e-67	205.0	COG0718@1|root,COG0718@2|Bacteria,1RGZD@1224|Proteobacteria,1S5WU@1236|Gammaproteobacteria,1XXBA@135623|Vibrionales	Binds to DNA and alters its conformation. May be involved in regulation of gene expression, nucleoid organization and DNA protection	ybaB	-	ko:K09747	-	ko00000	YbaB_DNA_bd
3225	GEA52640.1	1205908.AKXW01000097_gene2319	7.57e-141	397.0	COG0353@1|root,COG0353@2|Bacteria,1MV9Q@1224|Proteobacteria,1RN99@1236|Gammaproteobacteria,1XUCA@135623|Vibrionales	May play a role in DNA repair. It seems to be involved in an RecBC-independent recombinational process of DNA repair. It may act with RecF and RecO	recR	GO:0006139,GO:0006259,GO:0006281,GO:0006310,GO:0006725,GO:0006807,GO:0006950,GO:0006974,GO:0008150,GO:0008152,GO:0009987,GO:0033554,GO:0034641,GO:0043170,GO:0044237,GO:0044238,GO:0044260,GO:0046483,GO:0050896,GO:0051716,GO:0071704,GO:0090304,GO:1901360	ko:K06187	ko03440,map03440	ko00000,ko00001,ko03400	RecR,Toprim_4
3225	GEA52641.1	1205908.AKXW01000097_gene2320	5.59e-150	423.0	COG0580@1|root,COG0580@2|Bacteria,1MXTJ@1224|Proteobacteria,1RPKU@1236|Gammaproteobacteria,1XV1E@135623|Vibrionales	Channel that permits osmotically driven movement of water in both directions. It is involved in the osmoregulation and in the maintenance of cell turgor during volume expansion in rapidly growing cells. It mediates rapid entry or exit of water in response to abrupt changes in osmolarity	aqpZ	-	ko:K06188	-	ko00000,ko02000	MIP
3225	GEA52642.1	1205908.AKXW01000097_gene2321	7.95e-58	178.0	COG0727@1|root,32S46@2|Bacteria,1MZCU@1224|Proteobacteria,1SCG7@1236|Gammaproteobacteria,1XYHX@135623|Vibrionales	Fe-S-cluster oxidoreductase	yeiW	-	ko:K06940	-	ko00000	CxxCxxCC
3225	GEA52643.1	1205908.AKXW01000097_gene2322	7.71e-114	325.0	COG2983@1|root,COG2983@2|Bacteria,1RHMX@1224|Proteobacteria,1S5XU@1236|Gammaproteobacteria,1XWWH@135623|Vibrionales	Belongs to the UPF0260 family	VV2402	-	ko:K09160	-	ko00000	CxxCxxCC
3225	GEA52644.1	1205908.AKXW01000097_gene2323	2.32e-134	387.0	COG3016@1|root,COG3016@2|Bacteria,1MX1I@1224|Proteobacteria,1RPWZ@1236|Gammaproteobacteria,1XT3W@135623|Vibrionales	Haem-binding uptake, Tiki superfamily, ChaN	-	-	-	-	-	Cofac_haem_bdg
3225	GEA52645.1	1205908.AKXW01000097_gene2324	2.93e-154	435.0	COG0500@1|root,COG2226@2|Bacteria,1MXDY@1224|Proteobacteria,1RMU7@1236|Gammaproteobacteria,1XTTF@135623|Vibrionales	COG0500 SAM-dependent methyltransferases	rrmA	-	ko:K00563	-	ko00000,ko01000,ko03009	Methyltransf_25,Methyltransf_31
3225	GEA52646.1	1205908.AKXW01000097_gene2325	5.48e-204	565.0	COG0676@1|root,COG0676@2|Bacteria,1Q7VN@1224|Proteobacteria,1RQK0@1236|Gammaproteobacteria,1XSYW@135623|Vibrionales	Belongs to the glucose-6-phosphate 1-epimerase family	-	-	ko:K01792	ko00010,ko01100,ko01110,ko01120,ko01130,map00010,map01100,map01110,map01120,map01130	ko00000,ko00001,ko01000	Aldose_epim
3225	GEA52647.1	1205908.AKXW01000097_gene2326	2.04e-229	632.0	COG0057@1|root,COG0057@2|Bacteria,1MU93@1224|Proteobacteria,1RMBM@1236|Gammaproteobacteria,1XTWD@135623|Vibrionales	Belongs to the glyceraldehyde-3-phosphate dehydrogenase family	gapA	-	ko:K00134	ko00010,ko00710,ko01100,ko01110,ko01120,ko01130,ko01200,ko01230,ko04066,ko05010,map00010,map00710,map01100,map01110,map01120,map01130,map01200,map01230,map04066,map05010	ko00000,ko00001,ko00002,ko01000,ko04131,ko04147	Gp_dh_C,Gp_dh_N
3225	GEA52648.1	1205908.AKXW01000097_gene2327	4.03e-92	269.0	COG0229@1|root,COG0229@2|Bacteria,1RGWC@1224|Proteobacteria,1S5WI@1236|Gammaproteobacteria,1XXFA@135623|Vibrionales	Belongs to the MsrB Met sulfoxide reductase family	msrB	-	ko:K07305	-	ko00000,ko01000	SelR
3225	GEA52649.1	1205908.AKXW01000097_gene2328	1.01e-57	179.0	COG3139@1|root,COG3139@2|Bacteria,1N6T3@1224|Proteobacteria,1SCFV@1236|Gammaproteobacteria,1XXXK@135623|Vibrionales	protein conserved in bacteria	-	-	ko:K09916	-	ko00000	DUF1315
3225	GEA52650.1	1205908.AKXW01000097_gene2329	3.39e-135	385.0	COG1011@1|root,COG1011@2|Bacteria,1MVWN@1224|Proteobacteria,1RR0H@1236|Gammaproteobacteria,1XWZA@135623|Vibrionales	Haloacid dehalogenase-like hydrolase	-	-	ko:K01560	ko00361,ko00625,ko01100,ko01120,map00361,map00625,map01100,map01120	ko00000,ko00001,ko01000	HAD_2
3225	GEA52651.1	1205908.AKXW01000097_gene2330	1.41e-241	664.0	COG0252@1|root,COG0252@2|Bacteria,1MWIR@1224|Proteobacteria,1RMUB@1236|Gammaproteobacteria,1XU6G@135623|Vibrionales	COG0252 L-asparaginase archaeal Glu-tRNAGln amidotransferase subunit D	ansA	-	ko:K01424	ko00250,ko00460,ko01100,ko01110,map00250,map00460,map01100,map01110	ko00000,ko00001,ko01000	Asparaginase
3225	GEA52652.1	1205908.AKXW01000097_gene2331	0.0	1154.0	COG0616@1|root,COG0616@2|Bacteria,1MUXE@1224|Proteobacteria,1RNYW@1236|Gammaproteobacteria,1XT9K@135623|Vibrionales	signal peptide peptidase	sppA	-	ko:K04773	-	ko00000,ko01000,ko01002	Peptidase_S49
3225	GEA52653.1	1205908.AKXW01000097_gene2332	0.0	1301.0	COG0446@1|root,COG1902@1|root,COG0446@2|Bacteria,COG1902@2|Bacteria,1MVE0@1224|Proteobacteria,1RNM8@1236|Gammaproteobacteria,1XTNT@135623|Vibrionales	COG1902 NADH flavin oxidoreductases, Old Yellow Enzyme family	fadH	-	ko:K00219	-	ko00000,ko01000	Oxidored_FMN,Pyr_redox_2
3225	GEA52654.1	1205908.AKXW01000097_gene2333	9.3e-120	343.0	COG0778@1|root,COG0778@2|Bacteria,1PKUV@1224|Proteobacteria,1RNQG@1236|Gammaproteobacteria,1XU4Q@135623|Vibrionales	COG0778 Nitroreductase	ydjA	-	-	-	-	Nitroreductase
3225	GEA52655.1	1205908.AKXW01000097_gene2334	0.0	1198.0	COG0550@1|root,COG0550@2|Bacteria,1MUFZ@1224|Proteobacteria,1RN4X@1236|Gammaproteobacteria,1XUYY@135623|Vibrionales	Releases the supercoiling and torsional tension of DNA, which is introduced during the DNA replication and transcription, by transiently cleaving and rejoining one strand of the DNA duplex. Introduces a single-strand break via transesterification at a target site in duplex DNA. The scissile phosphodiester is attacked by the catalytic tyrosine of the enzyme, resulting in the formation of a DNA-(5'-phosphotyrosyl)-enzyme intermediate and the expulsion of a 3'-OH DNA strand. The free DNA strand then undergoes passage around the unbroken strand, thus removing DNA supercoils. Finally, in the religation step, the DNA 3'-OH attacks the covalent intermediate to expel the active-site tyrosine and restore the DNA phosphodiester backbone	topB	GO:0003674,GO:0003824,GO:0003916,GO:0006139,GO:0006259,GO:0006265,GO:0006725,GO:0006807,GO:0006996,GO:0008150,GO:0008152,GO:0009987,GO:0016043,GO:0016853,GO:0034641,GO:0043170,GO:0044237,GO:0044238,GO:0044260,GO:0046483,GO:0051276,GO:0071103,GO:0071704,GO:0071840,GO:0090304,GO:0140097,GO:1901360	ko:K03169	-	ko00000,ko01000,ko03032	Topoisom_bac,Toprim
3225	GEA52656.1	1205908.AKXW01000097_gene2335	3.58e-142	403.0	COG1028@1|root,COG1028@2|Bacteria,1RHYX@1224|Proteobacteria,1S0GN@1236|Gammaproteobacteria,1XUNU@135623|Vibrionales	Belongs to the short-chain dehydrogenases reductases (SDR) family	-	-	-	-	-	adh_short
3225	GEA52657.1	1205908.AKXW01000097_gene2336	1.05e-168	472.0	COG1028@1|root,COG1028@2|Bacteria,1MWBC@1224|Proteobacteria,1RNNV@1236|Gammaproteobacteria,1XSBP@135623|Vibrionales	COG1028 Dehydrogenases with different specificities (related to short-chain alcohol dehydrogenases)	yciK	-	-	-	-	adh_short
3225	GEA52658.1	1205908.AKXW01000097_gene2337	3.25e-232	641.0	COG0616@1|root,COG0616@2|Bacteria,1MUXE@1224|Proteobacteria,1RNN9@1236|Gammaproteobacteria,1XTZB@135623|Vibrionales	COG0616 Periplasmic serine proteases (ClpP class)	sohB	-	ko:K04774	-	ko00000,ko01000,ko01002	Peptidase_S49,Peptidase_S49_N
3225	GEA52659.1	1205908.AKXW01000097_gene2338	5.37e-59	183.0	COG1917@1|root,COG1917@2|Bacteria,1MZNT@1224|Proteobacteria,1S8TU@1236|Gammaproteobacteria,1XYMY@135623|Vibrionales	Cupin domain	-	-	ko:K11312	-	ko00000	Cupin_2
3225	GEA52660.1	1205908.AKXW01000097_gene2339	6.26e-146	412.0	COG0283@1|root,COG0283@2|Bacteria,1MUUD@1224|Proteobacteria,1RNKT@1236|Gammaproteobacteria,1XSRV@135623|Vibrionales	Belongs to the cytidylate kinase family. Type 1 subfamily	cmk	GO:0003674,GO:0003824,GO:0004127,GO:0004592,GO:0005575,GO:0005622,GO:0005623,GO:0005737,GO:0005829,GO:0006082,GO:0006139,GO:0006520,GO:0006573,GO:0006575,GO:0006725,GO:0006732,GO:0006753,GO:0006766,GO:0006767,GO:0006793,GO:0006796,GO:0006807,GO:0008150,GO:0008152,GO:0009058,GO:0009081,GO:0009108,GO:0009110,GO:0009117,GO:0009123,GO:0009165,GO:0009987,GO:0015939,GO:0015940,GO:0015949,GO:0016053,GO:0016301,GO:0016310,GO:0016740,GO:0016772,GO:0016776,GO:0016874,GO:0016879,GO:0016881,GO:0018130,GO:0019205,GO:0019438,GO:0019637,GO:0019752,GO:0032787,GO:0033317,GO:0034641,GO:0034654,GO:0042364,GO:0042398,GO:0043436,GO:0043603,GO:0043604,GO:0044237,GO:0044238,GO:0044249,GO:0044271,GO:0044281,GO:0044283,GO:0044424,GO:0044444,GO:0044464,GO:0046394,GO:0046483,GO:0046939,GO:0046940,GO:0050145,GO:0051186,GO:0051188,GO:0055086,GO:0071704,GO:0072330,GO:0090407,GO:1901293,GO:1901360,GO:1901362,GO:1901564,GO:1901566,GO:1901576,GO:1901605	ko:K00945	ko00240,ko01100,map00240,map01100	ko00000,ko00001,ko00002,ko01000	Cytidylate_kin
3225	GEA52661.1	1219072.VHA01S_018_00030	0.0	1059.0	COG0539@1|root,COG0539@2|Bacteria,1MVAV@1224|Proteobacteria,1RMFY@1236|Gammaproteobacteria,1XSTZ@135623|Vibrionales	thus facilitating recognition of the initiation point. It is needed to translate mRNA with a short Shine-Dalgarno (SD) purine-rich sequence	rpsA	-	ko:K02945	ko03010,map03010	br01610,ko00000,ko00001,ko00002,ko03011	S1
3225	GEA52662.1	1205908.AKXW01000097_gene2341	6.62e-62	189.0	COG0776@1|root,COG0776@2|Bacteria,1MZ7M@1224|Proteobacteria,1S8XZ@1236|Gammaproteobacteria,1XXU9@135623|Vibrionales	This protein is one of the two subunits of integration host factor, a specific DNA-binding protein that functions in genetic recombination as well as in transcriptional and translational control	himD	GO:0003674,GO:0003676,GO:0003677,GO:0005488,GO:0005575,GO:0005622,GO:0005623,GO:0005737,GO:0005829,GO:0008150,GO:0009889,GO:0010556,GO:0019219,GO:0019222,GO:0031323,GO:0031326,GO:0044424,GO:0044444,GO:0044464,GO:0050789,GO:0050794,GO:0051171,GO:0051252,GO:0060255,GO:0065007,GO:0080090,GO:0097159,GO:1901363,GO:1903506,GO:2001141	ko:K05788	-	ko00000,ko03032,ko03036,ko03400	Bac_DNA_binding
3225	GEA52663.1	1205908.AKXW01000097_gene2342	2.65e-52	166.0	COG3771@1|root,COG3771@2|Bacteria,1MZGX@1224|Proteobacteria,1S9X9@1236|Gammaproteobacteria,1XYIY@135623|Vibrionales	Involved in the assembly of lipopolysaccharide (LPS)	lapA	-	ko:K08992	-	ko00000	LapA_dom
3225	GEA52664.1	1205908.AKXW01000097_gene2343	3.28e-278	761.0	COG2956@1|root,COG2956@2|Bacteria,1MVDP@1224|Proteobacteria,1RP29@1236|Gammaproteobacteria,1XU1S@135623|Vibrionales	Modulates cellular lipopolysaccharide (LPS) levels by regulating LpxC, which is involved in lipid A biosynthesis. May act by modulating the proteolytic activity of FtsH towards LpxC. May also coordinate assembly of proteins involved in LPS synthesis at the plasma membrane	lapB	-	ko:K19804	-	ko00000	TPR_16,TPR_19,TPR_7,TPR_8
3225	GEA52665.1	1205908.AKXW01000097_gene2344	1.5e-160	450.0	COG0284@1|root,COG0284@2|Bacteria,1MW2C@1224|Proteobacteria,1RNJR@1236|Gammaproteobacteria,1XUKK@135623|Vibrionales	Catalyzes the decarboxylation of orotidine 5'- monophosphate (OMP) to uridine 5'-monophosphate (UMP)	pyrF	GO:0003674,GO:0003824,GO:0004590,GO:0005575,GO:0005622,GO:0005623,GO:0005737,GO:0005829,GO:0006139,GO:0006206,GO:0006207,GO:0006220,GO:0006221,GO:0006725,GO:0006753,GO:0006793,GO:0006796,GO:0006807,GO:0008150,GO:0008152,GO:0009058,GO:0009112,GO:0009117,GO:0009165,GO:0009218,GO:0009220,GO:0009259,GO:0009260,GO:0009987,GO:0016829,GO:0016830,GO:0016831,GO:0018130,GO:0019438,GO:0019637,GO:0019693,GO:0019856,GO:0034641,GO:0034654,GO:0044237,GO:0044238,GO:0044249,GO:0044271,GO:0044281,GO:0044424,GO:0044444,GO:0044464,GO:0046112,GO:0046390,GO:0046483,GO:0055086,GO:0071704,GO:0072527,GO:0072528,GO:0090407,GO:1901135,GO:1901137,GO:1901293,GO:1901360,GO:1901362,GO:1901564,GO:1901566,GO:1901576	ko:K01591	ko00240,ko01100,map00240,map01100	ko00000,ko00001,ko00002,ko01000	OMPdecase
3225	GEA52666.1	1191299.AJYX01000015_gene2615	0.0	1215.0	COG0422@1|root,COG0422@2|Bacteria,1MUVV@1224|Proteobacteria,1RP1F@1236|Gammaproteobacteria,1XSWD@135623|Vibrionales	Catalyzes the synthesis of the hydroxymethylpyrimidine phosphate (HMP-P) moiety of thiamine from aminoimidazole ribotide (AIR) in a radical S-adenosyl-L-methionine (SAM)-dependent reaction	thiC	GO:0003674,GO:0003824,GO:0005575,GO:0005622,GO:0005623,GO:0005737,GO:0005829,GO:0006725,GO:0006766,GO:0006767,GO:0006772,GO:0006790,GO:0006807,GO:0008150,GO:0008152,GO:0009058,GO:0009110,GO:0009228,GO:0009987,GO:0017144,GO:0018130,GO:0019438,GO:0034641,GO:0042364,GO:0042723,GO:0042724,GO:0044237,GO:0044249,GO:0044271,GO:0044272,GO:0044281,GO:0044283,GO:0044424,GO:0044444,GO:0044464,GO:0046483,GO:0071704,GO:0072527,GO:0072528,GO:1901360,GO:1901362,GO:1901564,GO:1901566,GO:1901576	ko:K03147	ko00730,ko01100,map00730,map01100	ko00000,ko00001,ko00002,ko01000	ThiC-associated,ThiC_Rad_SAM
3225	GEA52668.1	1205908.AKXW01000177_gene3038	7.01e-46	149.0	2AWV6@1|root,31NSG@2|Bacteria,1QKGN@1224|Proteobacteria,1TIKU@1236|Gammaproteobacteria,1XZAS@135623|Vibrionales	-	-	-	-	-	-	-
3225	GEA52669.1	1205908.AKXW01000177_gene3039	2.4e-202	561.0	COG0583@1|root,COG0583@2|Bacteria,1RGVJ@1224|Proteobacteria,1S638@1236|Gammaproteobacteria,1XVE7@135623|Vibrionales	LysR substrate binding domain	-	-	-	-	-	HTH_1,LysR_substrate
3225	GEA52670.1	1205908.AKXW01000177_gene3040	6.83e-256	708.0	2B49U@1|root,31X13@2|Bacteria,1QUH7@1224|Proteobacteria,1S7FB@1236|Gammaproteobacteria,1XTIX@135623|Vibrionales	Oxygen tolerance	-	-	-	-	-	BatD
3225	GEA52671.1	1205908.AKXW01000177_gene3041	0.0	996.0	COG2304@1|root,COG2304@2|Bacteria,1MW51@1224|Proteobacteria,1RY2E@1236|Gammaproteobacteria,1XTIV@135623|Vibrionales	von Willebrand factor type A domain	-	-	ko:K07114	-	ko00000,ko02000	VWA_2
3225	GEA52672.1	1205908.AKXW01000177_gene3042	1.02e-221	614.0	COG2304@1|root,COG2304@2|Bacteria,1MXQ7@1224|Proteobacteria,1RNRU@1236|Gammaproteobacteria,1XU1F@135623|Vibrionales	von Willebrand factor type A domain	-	-	ko:K07114	-	ko00000,ko02000	VWA
3225	GEA52673.1	1205908.AKXW01000177_gene3043	2.8e-75	230.0	2C2HX@1|root,338HW@2|Bacteria,1NFY9@1224|Proteobacteria,1SE8S@1236|Gammaproteobacteria,1XXPW@135623|Vibrionales	Domain of unknown function (DUF4381)	-	-	-	-	-	DUF4381
3225	GEA52674.1	1205908.AKXW01000177_gene3044	1.05e-202	563.0	COG1721@1|root,COG1721@2|Bacteria,1R7RH@1224|Proteobacteria,1S0N5@1236|Gammaproteobacteria,1XTFV@135623|Vibrionales	Protein of unknown function DUF58	-	-	-	-	-	DUF58
3225	GEA52675.1	1205908.AKXW01000177_gene3045	5.1e-219	606.0	COG0714@1|root,COG0714@2|Bacteria,1MUFN@1224|Proteobacteria,1RN5G@1236|Gammaproteobacteria,1XSEP@135623|Vibrionales	ATPase family associated with various cellular activities (AAA)	-	-	ko:K03924	-	ko00000,ko01000	AAA_3
3225	GEA52676.1	312309.VF_1426	0.0	893.0	COG0457@1|root,COG1413@1|root,COG0457@2|Bacteria,COG1413@2|Bacteria,1MX2U@1224|Proteobacteria,1RPD2@1236|Gammaproteobacteria,1XUA7@135623|Vibrionales	Cytochrome c554 and c-prime	-	-	-	-	-	Cytochrome_C554,TPR_1,TPR_11,TPR_16,TPR_19,TPR_7,TPR_8
3225	GEA52677.1	1205908.AKXW01000105_gene1339	0.0	1021.0	COG3119@1|root,COG3119@2|Bacteria,1MUJH@1224|Proteobacteria,1RN2V@1236|Gammaproteobacteria,1XSD5@135623|Vibrionales	Arylsulfatase	-	-	ko:K01130	ko00140,ko00600,map00140,map00600	ko00000,ko00001,ko01000	Sulfatase,Sulfatase_C
3225	GEA52678.1	1205908.AKXW01000105_gene1338	0.0	1860.0	COG0841@1|root,COG0841@2|Bacteria,1MU48@1224|Proteobacteria,1RMBN@1236|Gammaproteobacteria,1XSBB@135623|Vibrionales	Belongs to the resistance-nodulation-cell division (RND) (TC 2.A.6) family	acrF	-	ko:K03296,ko:K18138	ko01501,ko01503,map01501,map01503	ko00000,ko00001,ko00002,ko01504,ko02000	ACR_tran
3225	GEA52679.1	1205908.AKXW01000105_gene1337	3.44e-215	598.0	COG0845@1|root,COG0845@2|Bacteria,1R8W0@1224|Proteobacteria,1S0GT@1236|Gammaproteobacteria,1XSIB@135623|Vibrionales	Belongs to the membrane fusion protein (MFP) (TC 8.A.1) family	-	-	ko:K03585	ko01501,ko01503,map01501,map01503	ko00000,ko00001,ko00002,ko01504,ko02000,ko03036	HlyD_D23
3225	GEA52680.1	1205908.AKXW01000105_gene1336	0.0	1050.0	COG3119@1|root,COG3119@2|Bacteria,1MUJH@1224|Proteobacteria,1RN2V@1236|Gammaproteobacteria,1XSD5@135623|Vibrionales	Arylsulfatase	-	-	ko:K01130	ko00140,ko00600,map00140,map00600	ko00000,ko00001,ko01000	Sulfatase,Sulfatase_C
3225	GEA52681.1	1205908.AKXW01000105_gene1334	1.83e-74	224.0	2CZQD@1|root,32T6U@2|Bacteria,1N0VG@1224|Proteobacteria,1SB5H@1236|Gammaproteobacteria,1XXIF@135623|Vibrionales	-	-	-	-	-	-	-
3225	GEA52682.1	1205908.AKXW01000105_gene1333	5.06e-76	229.0	COG3088@1|root,COG3088@2|Bacteria,1MZZ5@1224|Proteobacteria,1S9H1@1236|Gammaproteobacteria,1XYKR@135623|Vibrionales	subunit of a heme lyase	nrfF	-	ko:K02200	-	ko00000	CcmH
3225	GEA52683.1	1205908.AKXW01000105_gene1332	0.0	1086.0	COG1138@1|root,COG1138@2|Bacteria,1MUQS@1224|Proteobacteria,1RMY5@1236|Gammaproteobacteria,1XTDV@135623|Vibrionales	COG1138 Cytochrome c biogenesis factor	nrfE	-	ko:K02198	-	ko00000,ko02000	CcmF_C,Cytochrom_C_asm
3225	GEA52684.1	1205908.AKXW01000105_gene1331	1.78e-215	596.0	COG3301@1|root,COG3301@2|Bacteria,1MXQ9@1224|Proteobacteria,1RQ22@1236|Gammaproteobacteria,1XT3I@135623|Vibrionales	Formate-dependent nitrite reductase, membrane component	nrfD	-	ko:K04015	-	ko00000	NrfD
3225	GEA52685.1	1205908.AKXW01000105_gene1330	2.31e-163	457.0	COG0437@1|root,COG0437@2|Bacteria,1NBNQ@1224|Proteobacteria,1RQJG@1236|Gammaproteobacteria,1XSQF@135623|Vibrionales	COG0437 Fe-S-cluster-containing hydrogenase components 1	nrfC	-	ko:K04014	-	ko00000	Fer4_11,Fer4_3,Fer4_4
3225	GEA52686.1	1205908.AKXW01000105_gene1329	1.52e-108	315.0	COG3303@1|root,COG3303@2|Bacteria,1REFF@1224|Proteobacteria,1S5HC@1236|Gammaproteobacteria,1XSAS@135623|Vibrionales	Cytochrome c554 and c-prime	nrfB	-	ko:K04013	-	ko00000	Cytochrome_C554,Paired_CXXCH_1
3225	GEA52687.1	1205908.AKXW01000105_gene1328	0.0	974.0	COG3303@1|root,COG3303@2|Bacteria,1MVJT@1224|Proteobacteria,1RQD1@1236|Gammaproteobacteria,1XTFT@135623|Vibrionales	Catalyzes the reduction of nitrite to ammonia, consuming six electrons in the process	nrfA	-	ko:K03385	ko00910,ko01120,ko05132,map00910,map01120,map05132	ko00000,ko00001,ko00002,ko01000	Cytochrom_C552
3225	GEA52688.1	1205908.AKXW01000105_gene1327	2.17e-114	332.0	COG4235@1|root,COG4235@2|Bacteria,1PJQ5@1224|Proteobacteria,1S1PY@1236|Gammaproteobacteria,1XWD0@135623|Vibrionales	COG4235 Cytochrome c biogenesis factor	nrfG	-	ko:K04018	-	ko00000	TPR_11,TPR_2
3225	GEA52689.1	1205908.AKXW01000105_gene1326	6.09e-295	808.0	COG0531@1|root,COG0531@2|Bacteria,1MXNJ@1224|Proteobacteria,1RY8P@1236|Gammaproteobacteria,1XW2Q@135623|Vibrionales	Amino acid permease	-	-	ko:K03294	-	ko00000	AA_permease_2
3225	GEA52690.1	1205908.AKXW01000105_gene1325	1.36e-138	392.0	COG1584@1|root,COG1584@2|Bacteria,1N3HP@1224|Proteobacteria,1RMRK@1236|Gammaproteobacteria,1XTVE@135623|Vibrionales	GPR1/FUN34/yaaH family	yaaH	-	ko:K07034	-	ko00000	Grp1_Fun34_YaaH
3225	GEA52691.1	1205908.AKXW01000105_gene1324	4.89e-84	248.0	COG3584@1|root,COG3584@2|Bacteria,1MZPJ@1224|Proteobacteria,1SBH0@1236|Gammaproteobacteria,1XXJZ@135623|Vibrionales	3D domain protein	DR0488	-	-	-	-	-
3225	GEA52692.1	1205908.AKXW01000105_gene1323	8.36e-31	113.0	2DRCR@1|root,33B8F@2|Bacteria,1NHMX@1224|Proteobacteria,1SHBQ@1236|Gammaproteobacteria	Domain of unknown function (DUF4174)	-	-	-	-	-	DUF4174
3225	GEA52693.1	467661.RKLH11_1932	7.23e-156	456.0	COG3119@1|root,COG3119@2|Bacteria,1MUJH@1224|Proteobacteria,2TSB8@28211|Alphaproteobacteria	arylsulfatase A	-	-	ko:K01130	ko00140,ko00600,map00140,map00600	ko00000,ko00001,ko01000	DUF4994,Sulfatase,Sulfatase_C
3225	GEA52694.1	981384.AEYW01000006_gene2519	9.81e-68	223.0	COG3119@1|root,COG3119@2|Bacteria,1MUJH@1224|Proteobacteria,2TSB8@28211|Alphaproteobacteria	arylsulfatase A	-	-	ko:K01130	ko00140,ko00600,map00140,map00600	ko00000,ko00001,ko01000	DUF4994,Sulfatase,Sulfatase_C
3225	GEA52695.1	1219072.VHA01S_047_00050	7.58e-157	452.0	2DBW4@1|root,2ZBEJ@2|Bacteria,1R2WE@1224|Proteobacteria,1T5YY@1236|Gammaproteobacteria,1Y3D2@135623|Vibrionales	Protein of unknown function (DUF3179)	-	-	-	-	-	DUF3179
3225	GEA52696.1	1219072.VHA01S_047_00040	0.0	932.0	COG3119@1|root,COG3119@2|Bacteria,1MUJH@1224|Proteobacteria,1RN2V@1236|Gammaproteobacteria,1XSD5@135623|Vibrionales	Arylsulfatase	-	-	ko:K01130	ko00140,ko00600,map00140,map00600	ko00000,ko00001,ko01000	Sulfatase,Sulfatase_C
3225	GEA52697.1	1202962.KB907159_gene3357	5.04e-49	158.0	COG3615@1|root,COG3615@2|Bacteria,1NGBP@1224|Proteobacteria,1S8EY@1236|Gammaproteobacteria	Domain of unknown function (DUF1971)	-	-	-	-	-	DUF1971
3225	GEA52698.1	1205908.AKXW01000105_gene1321	8.92e-271	743.0	COG0513@1|root,COG0513@2|Bacteria,1MU49@1224|Proteobacteria,1RSQU@1236|Gammaproteobacteria,1XTY9@135623|Vibrionales	Belongs to the DEAD box helicase family	rhlE-1	-	-	-	-	DEAD,Helicase_C
3225	GEA52699.1	1205908.AKXW01000105_gene1320	0.0	1468.0	COG1472@1|root,COG1472@2|Bacteria,1MVIV@1224|Proteobacteria,1RMA0@1236|Gammaproteobacteria,1XWNN@135623|Vibrionales	Fibronectin type III-like domain	-	-	ko:K05349	ko00460,ko00500,ko00940,ko01100,ko01110,map00460,map00500,map00940,map01100,map01110	ko00000,ko00001,ko01000	Fn3-like,Glyco_hydro_3,Glyco_hydro_3_C
3225	GEA52700.1	1205908.AKXW01000105_gene1319	1.4e-223	620.0	COG1609@1|root,COG4977@1|root,COG1609@2|Bacteria,COG4977@2|Bacteria,1NYTD@1224|Proteobacteria,1RNGZ@1236|Gammaproteobacteria,1XX8F@135623|Vibrionales	helix_turn_helix, arabinose operon control protein	-	-	ko:K02529	-	ko00000,ko03000	HTH_18,Peripla_BP_3
3225	GEA52701.1	617140.AJZE01000074_gene958	6.95e-85	254.0	2ARAZ@1|root,2ZUT3@2|Bacteria,1RDFY@1224|Proteobacteria,1S5N7@1236|Gammaproteobacteria,1XWC9@135623|Vibrionales	Domain of unknown function (DUF3332)	-	-	-	-	-	DUF3332
3225	GEA52703.1	617140.AJZE01000074_gene956	3.35e-101	304.0	COG3439@1|root,COG3439@2|Bacteria,1NUU0@1224|Proteobacteria,1SN8G@1236|Gammaproteobacteria	Domain of unknown function DUF302	-	-	-	-	-	DUF302
3225	GEA52706.1	754436.JCM19237_5151	1.95e-81	249.0	COG0702@1|root,COG0702@2|Bacteria,1MZG7@1224|Proteobacteria,1SB4B@1236|Gammaproteobacteria,1XUJ1@135623|Vibrionales	Nucleoside-diphosphate-sugar epimerases	-	-	-	-	-	NAD_binding_10
3225	GEA52707.1	316275.VSAL_I1242	2.28e-80	244.0	COG1309@1|root,COG1309@2|Bacteria,1RA4T@1224|Proteobacteria,1RNQH@1236|Gammaproteobacteria,1XUWP@135623|Vibrionales	Bacterial regulatory proteins, tetR family	-	-	ko:K16137	-	ko00000,ko03000	TetR_N
3225	GEA52708.1	617140.AJZE01000074_gene952	1.23e-69	214.0	2AWJV@1|root,31NGI@2|Bacteria,1QK7G@1224|Proteobacteria,1TIAR@1236|Gammaproteobacteria,1XYS2@135623|Vibrionales	-	-	-	-	-	-	-
3225	GEA52709.1	617140.AJZE01000090_gene4349	1.35e-209	589.0	COG0641@1|root,COG0641@2|Bacteria,1MX3M@1224|Proteobacteria,1RN4R@1236|Gammaproteobacteria,1XW12@135623|Vibrionales	Iron-sulfur cluster-binding domain	-	-	-	-	-	Fer4_12,Radical_SAM,SPASM
3225	GEA52710.1	28229.ND2E_0331	7.57e-209	601.0	COG3119@1|root,COG3119@2|Bacteria,1MV92@1224|Proteobacteria,1RPDE@1236|Gammaproteobacteria	COG3119 Arylsulfatase A and related enzymes	-	-	ko:K01130	ko00140,ko00600,map00140,map00600	ko00000,ko00001,ko01000	Sulfatase
3225	GEA52711.1	617140.AJZE01000039_gene2263	3.46e-30	112.0	2E5DX@1|root,3305V@2|Bacteria,1NCIH@1224|Proteobacteria,1TI29@1236|Gammaproteobacteria,1XY7N@135623|Vibrionales	Domain of unknown function (DUF4345)	-	-	-	-	-	DUF4345
3225	GEA52712.1	617140.AJZE01000090_gene4345	8.75e-83	246.0	2AV91@1|root,31KZX@2|Bacteria,1QIV3@1224|Proteobacteria,1TGR4@1236|Gammaproteobacteria,1XY99@135623|Vibrionales	-	-	-	-	-	-	-
3225	GEA52713.1	617140.AJZE01000090_gene4344	1.45e-230	647.0	COG1012@1|root,COG1012@2|Bacteria,1MVGW@1224|Proteobacteria,1RN53@1236|Gammaproteobacteria,1XSQ0@135623|Vibrionales	Belongs to the aldehyde dehydrogenase family	-	-	ko:K00154	-	ko00000,ko01000	Aldedh
3225	GEA52714.1	1517681.HW45_08495	8.59e-145	416.0	COG0697@1|root,COG0697@2|Bacteria,1MY0D@1224|Proteobacteria,1S001@1236|Gammaproteobacteria,1XV8D@135623|Vibrionales	of the drug metabolite transporter (DMT) superfamily	-	-	-	-	-	EamA
3225	GEA52715.1	225849.swp_0619	9.58e-46	154.0	COG1846@1|root,COG1846@2|Bacteria,1RJIU@1224|Proteobacteria,1SY8V@1236|Gammaproteobacteria,2QEPX@267890|Shewanellaceae	helix_turn_helix multiple antibiotic resistance protein	-	-	-	-	-	MarR,MarR_2
3225	GEA52716.1	1205908.AKXW01000105_gene1310	1.42e-200	558.0	COG1161@1|root,COG1161@2|Bacteria,1MV5H@1224|Proteobacteria,1RP79@1236|Gammaproteobacteria,1XSKP@135623|Vibrionales	Required for a late step of 50S ribosomal subunit assembly. Has GTPase activity	rbgA	-	ko:K14540	-	ko00000,ko03009	MMR_HSR1
3225	GEA52717.1	1205908.AKXW01000105_gene1309	2.34e-28	102.0	2AX34@1|root,31P1G@2|Bacteria,1QKQJ@1224|Proteobacteria,1TIUS@1236|Gammaproteobacteria,1XZPX@135623|Vibrionales	-	-	-	-	-	-	-
3225	GEA52719.1	1001530.BACE01000027_gene363	4.71e-17	80.9	2C58W@1|root,2ZGEP@2|Bacteria,1P7VB@1224|Proteobacteria,1SUKW@1236|Gammaproteobacteria,1XY1T@135623|Vibrionales	-	-	-	-	-	-	-
3225	GEA52720.1	1205908.AKXW01000005_gene3288	1.86e-169	477.0	COG0414@1|root,COG0414@2|Bacteria,1MV1S@1224|Proteobacteria,1RMEG@1236|Gammaproteobacteria,1XT8P@135623|Vibrionales	Catalyzes the condensation of pantoate with beta-alanine in an ATP-dependent reaction via a pantoyl-adenylate intermediate	panC	GO:0003674,GO:0003824,GO:0004592,GO:0005575,GO:0005622,GO:0005623,GO:0005737,GO:0005829,GO:0006082,GO:0006520,GO:0006573,GO:0006575,GO:0006732,GO:0006766,GO:0006767,GO:0006807,GO:0008150,GO:0008152,GO:0009058,GO:0009081,GO:0009108,GO:0009110,GO:0009987,GO:0015939,GO:0015940,GO:0016053,GO:0016874,GO:0016879,GO:0016881,GO:0019752,GO:0032787,GO:0033317,GO:0034641,GO:0042364,GO:0042398,GO:0043436,GO:0043603,GO:0043604,GO:0044237,GO:0044238,GO:0044249,GO:0044271,GO:0044281,GO:0044283,GO:0044424,GO:0044444,GO:0044464,GO:0046394,GO:0051186,GO:0051188,GO:0071704,GO:0072330,GO:1901564,GO:1901566,GO:1901576,GO:1901605	ko:K01918	ko00410,ko00770,ko01100,ko01110,map00410,map00770,map01100,map01110	ko00000,ko00001,ko00002,ko01000	Pantoate_ligase
3225	GEA52721.1	1205908.AKXW01000005_gene3289	2.1e-177	495.0	COG0413@1|root,COG0413@2|Bacteria,1MU3B@1224|Proteobacteria,1RM8D@1236|Gammaproteobacteria,1XSV3@135623|Vibrionales	Catalyzes the reversible reaction in which hydroxymethyl group from 5,10-methylenetetrahydrofolate is transferred onto alpha-ketoisovalerate to form ketopantoate	panB	GO:0003674,GO:0003824,GO:0003864,GO:0006082,GO:0006575,GO:0006732,GO:0006766,GO:0006767,GO:0006807,GO:0008150,GO:0008152,GO:0009058,GO:0009108,GO:0009110,GO:0009987,GO:0015939,GO:0015940,GO:0016053,GO:0016740,GO:0016741,GO:0016742,GO:0019752,GO:0032787,GO:0034641,GO:0042364,GO:0042398,GO:0043436,GO:0043603,GO:0043604,GO:0044237,GO:0044249,GO:0044271,GO:0044281,GO:0044283,GO:0046394,GO:0051186,GO:0051188,GO:0071704,GO:0072330,GO:1901564,GO:1901566,GO:1901576	ko:K00606	ko00770,ko01100,ko01110,map00770,map01100,map01110	ko00000,ko00001,ko00002,ko01000	Pantoate_transf
3225	GEA52722.1	1205908.AKXW01000005_gene3290	7.63e-107	308.0	COG0801@1|root,COG0801@2|Bacteria,1MZH8@1224|Proteobacteria,1S63J@1236|Gammaproteobacteria,1XVS1@135623|Vibrionales	COG0801 7,8-dihydro-6-hydroxymethylpterin-pyrophosphokinase	folK	-	ko:K00950	ko00790,ko01100,map00790,map01100	ko00000,ko00001,ko00002,ko01000	HPPK
3225	GEA52723.1	1205908.AKXW01000005_gene3291	0.0	870.0	COG0617@1|root,COG0617@2|Bacteria,1MVCS@1224|Proteobacteria,1RMBG@1236|Gammaproteobacteria,1XT38@135623|Vibrionales	Adds poly(A) tail to the 3' end of many RNAs, which usually targets these RNAs for decay. Plays a significant role in the global control of gene expression, through influencing the rate of transcript degradation, and in the general RNA quality control	pcnB	-	ko:K00970	ko03018,map03018	ko00000,ko00001,ko01000,ko03019	PolyA_pol,PolyA_pol_RNAbd,PolyA_pol_arg_C
3225	GEA52725.1	1205908.AKXW01000005_gene3292	1.49e-197	549.0	COG0008@1|root,COG0008@2|Bacteria,1MUN7@1224|Proteobacteria,1RMYQ@1236|Gammaproteobacteria,1XTZH@135623|Vibrionales	Catalyzes the tRNA-independent activation of glutamate in presence of ATP and the subsequent transfer of glutamate onto a tRNA(Asp). Glutamate is transferred on the 2-amino-5-(4,5- dihydroxy-2-cyclopenten-1-yl) moiety of the queuosine in the wobble position of the QUC anticodon	gluQ	-	ko:K01894	-	ko00000,ko01000,ko01007,ko03016	tRNA-synt_1c
3225	GEA52726.1	1205908.AKXW01000005_gene3293	1.94e-100	291.0	COG1734@1|root,COG1734@2|Bacteria,1RD08@1224|Proteobacteria,1S47H@1236|Gammaproteobacteria,1XTC3@135623|Vibrionales	Transcription factor that acts by binding directly to the RNA polymerase (RNAP). Required for negative regulation of rRNA expression and positive regulation of several amino acid biosynthesis promoters. Also required for regulation of fis expression	dksA	-	ko:K06204	ko02026,map02026	ko00000,ko00001,ko03000,ko03009,ko03021	zf-dskA_traR
3225	GEA52727.1	1205908.AKXW01000005_gene3294	1.04e-159	448.0	COG1489@1|root,COG1489@2|Bacteria,1MUC3@1224|Proteobacteria,1RQ95@1236|Gammaproteobacteria,1XTR1@135623|Vibrionales	Belongs to the SfsA family	sfsA	GO:0003674,GO:0003676,GO:0003677,GO:0005488,GO:0005975,GO:0008150,GO:0008152,GO:0044238,GO:0071704,GO:0097159,GO:1901363	ko:K06206	-	ko00000	SfsA
3225	GEA52728.1	1205908.AKXW01000005_gene3295	0.0	1466.0	COG1643@1|root,COG1643@2|Bacteria,1MUEQ@1224|Proteobacteria,1RR1B@1236|Gammaproteobacteria,1XTYU@135623|Vibrionales	ATP-dependent RNA helicase	hrpB	-	ko:K03579	-	ko00000,ko01000	DEAD,HA2,Helicase_C,HrpB_C
3225	GEA52729.1	1205908.AKXW01000005_gene3296	0.0	1461.0	COG0744@1|root,COG0744@2|Bacteria,1QTST@1224|Proteobacteria,1RNHV@1236|Gammaproteobacteria,1XVGW@135623|Vibrionales	Cell wall formation. Synthesis of cross-linked peptidoglycan from the lipid intermediates. The enzyme has a penicillin-insensitive transglycosylase N-terminal domain (formation of linear glycan strands) and a penicillin-sensitive transpeptidase C-terminal domain (cross-linking of the peptide subunits)	mrcB	GO:0000270,GO:0003674,GO:0003824,GO:0006022,GO:0006023,GO:0006024,GO:0006807,GO:0008150,GO:0008152,GO:0009058,GO:0009059,GO:0009252,GO:0009273,GO:0009987,GO:0030203,GO:0034645,GO:0042546,GO:0043170,GO:0044036,GO:0044038,GO:0044085,GO:0044237,GO:0044249,GO:0044260,GO:0070589,GO:0071554,GO:0071704,GO:0071840,GO:1901135,GO:1901137,GO:1901564,GO:1901566,GO:1901576	ko:K05365	ko00550,map00550	ko00000,ko00001,ko01000,ko01003,ko01011	Transgly,Transpeptidase,UB2H
3225	GEA52730.1	1205908.AKXW01000005_gene3297	0.0	1390.0	COG1752@1|root,COG4775@1|root,COG1752@2|Bacteria,COG4775@2|Bacteria,1MUM9@1224|Proteobacteria,1RRSK@1236|Gammaproteobacteria,1XTMT@135623|Vibrionales	esterase of the alpha-beta hydrolase superfamily	VP2496	-	ko:K07001	-	ko00000	POTRA,Patatin
3225	GEA52731.1	1205908.AKXW01000005_gene3298	0.0	1677.0	COG1049@1|root,COG1049@2|Bacteria,1MVCR@1224|Proteobacteria,1RNMC@1236|Gammaproteobacteria,1XTKU@135623|Vibrionales	Belongs to the aconitase IPM isomerase family	acnB	-	ko:K01682	ko00020,ko00630,ko00640,ko00720,ko01100,ko01110,ko01120,ko01130,ko01200,ko01210,ko01230,map00020,map00630,map00640,map00720,map01100,map01110,map01120,map01130,map01200,map01210,map01230	br01601,ko00000,ko00001,ko00002,ko01000	Aconitase,Aconitase_2_N,Aconitase_B_N
3225	GEA52732.1	1205908.AKXW01000005_gene3299	3.86e-244	674.0	COG1929@1|root,COG1929@2|Bacteria,1MVG9@1224|Proteobacteria,1RMC6@1236|Gammaproteobacteria,1XSHV@135623|Vibrionales	Belongs to the glycerate kinase type-1 family	glxK	-	ko:K00865	ko00260,ko00561,ko00630,ko01100,ko01120,ko01130,map00260,map00561,map00630,map01100,map01120,map01130	ko00000,ko00001,ko01000	Gly_kinase
3225	GEA52733.1	1205908.AKXW01000005_gene3300	1.03e-256	709.0	COG2610@1|root,COG2610@2|Bacteria,1MXVK@1224|Proteobacteria,1RM8R@1236|Gammaproteobacteria,1XVKM@135623|Vibrionales	COG2610 H gluconate symporter and related permeases	-	-	ko:K03299	-	ko00000,ko02000	GntP_permease
3225	GEA52734.1	1205908.AKXW01000005_gene3301	3.14e-257	707.0	COG3835@1|root,COG3835@2|Bacteria,1NJZ9@1224|Proteobacteria,1RMEP@1236|Gammaproteobacteria,1XTZT@135623|Vibrionales	COG3835 Sugar diacid utilization regulator	cdaR	-	ko:K02647	-	ko00000,ko03000	Diacid_rec,HTH_30
3225	GEA52735.1	1205908.AKXW01000005_gene3302	1.22e-77	231.0	COG3112@1|root,COG3112@2|Bacteria,1RH38@1224|Proteobacteria,1S6EG@1236|Gammaproteobacteria,1XXP5@135623|Vibrionales	Belongs to the UPF0231 family	yacL	-	ko:K09910	-	ko00000	UPF0231
3225	GEA52736.1	1205908.AKXW01000005_gene3303	8.92e-73	218.0	COG0347@1|root,COG0347@2|Bacteria,1RGWK@1224|Proteobacteria,1S67I@1236|Gammaproteobacteria,1XXDH@135623|Vibrionales	Belongs to the P(II) protein family	glnK	-	ko:K04752	-	ko00000	P-II
3225	GEA52737.1	1205908.AKXW01000005_gene3304	1.35e-283	776.0	COG0004@1|root,COG0004@2|Bacteria,1NR9F@1224|Proteobacteria,1RNKF@1236|Gammaproteobacteria,1XU86@135623|Vibrionales	COG0004 Ammonia permease	amtB	-	ko:K03320	-	ko00000,ko02000	Ammonium_transp
3225	GEA52738.1	1205908.AKXW01000005_gene3305	1.35e-237	654.0	COG1840@1|root,COG1840@2|Bacteria,1MUEG@1224|Proteobacteria,1RQ6Z@1236|Gammaproteobacteria,1XSPA@135623|Vibrionales	COG1840 ABC-type Fe3 transport system, periplasmic component	fbpA	-	ko:K02012	ko02010,map02010	ko00000,ko00001,ko00002,ko02000	SBP_bac_6
3225	GEA52739.1	1205908.AKXW01000005_gene3306	0.0	1035.0	COG1178@1|root,COG1178@2|Bacteria,1MWEV@1224|Proteobacteria,1RP55@1236|Gammaproteobacteria,1XUVE@135623|Vibrionales	iron(III) ABC transporter, permease protein	fbpB	-	ko:K02011	ko02010,map02010	ko00000,ko00001,ko00002,ko02000	BPD_transp_1
3225	GEA52740.1	1205908.AKXW01000005_gene3307	4.04e-241	663.0	COG3842@1|root,COG3842@2|Bacteria,1MU3I@1224|Proteobacteria,1RNPX@1236|Gammaproteobacteria,1XUN0@135623|Vibrionales	Belongs to the ABC transporter superfamily	fbpC	-	ko:K02010	ko02010,map02010	ko00000,ko00001,ko00002,ko01000,ko02000	ABC_tran,TOBE_2
3225	GEA52741.1	1205908.AKXW01000005_gene3308	0.0	1142.0	COG3525@1|root,COG3525@2|Bacteria,1MVDE@1224|Proteobacteria,1RMNI@1236|Gammaproteobacteria,1XTCA@135623|Vibrionales	Glycosyl hydrolase family 20, domain 2	exo	-	ko:K12373	ko00511,ko00513,ko00520,ko00531,ko00603,ko00604,ko01100,ko04142,map00511,map00513,map00520,map00531,map00603,map00604,map01100,map04142	ko00000,ko00001,ko00002,ko01000,ko03110	Glyco_hydro_20,Glyco_hydro_20b
3225	GEA52742.1	1205908.AKXW01000005_gene3309	0.0	1046.0	2DBFH@1|root,2Z8YH@2|Bacteria,1R8B0@1224|Proteobacteria,1S0VY@1236|Gammaproteobacteria,1XTB4@135623|Vibrionales	Glycosyl hydrolase family 9	VV2739	-	-	-	-	CelD_N,Glyco_hydro_9
3225	GEA52743.1	1205908.AKXW01000005_gene3310	1.07e-240	661.0	COG4608@1|root,COG4608@2|Bacteria,1QE80@1224|Proteobacteria,1S135@1236|Gammaproteobacteria,1XSK7@135623|Vibrionales	Belongs to the ABC transporter superfamily	-	-	ko:K02032	ko02024,map02024	ko00000,ko00001,ko00002,ko02000	ABC_tran,oligo_HPY
3225	GEA52744.1	1205908.AKXW01000005_gene3311	1.06e-234	645.0	COG0444@1|root,COG0444@2|Bacteria,1MZF6@1224|Proteobacteria,1RPET@1236|Gammaproteobacteria,1XUF0@135623|Vibrionales	Belongs to the ABC transporter superfamily	-	-	ko:K02031	ko02024,map02024	ko00000,ko00001,ko00002,ko02000	ABC_tran,oligo_HPY
3225	GEA52745.1	1205908.AKXW01000005_gene3312	6.65e-236	650.0	COG1173@1|root,COG1173@2|Bacteria,1MYZ5@1224|Proteobacteria,1RRNF@1236|Gammaproteobacteria,1XT2P@135623|Vibrionales	COG1173 ABC-type dipeptide oligopeptide nickel transport systems, permease components	-	-	ko:K02034	ko02024,map02024	ko00000,ko00001,ko00002,ko02000	BPD_transp_1,OppC_N
3225	GEA52746.1	1219080.VEZ01S_02_00630	2.2e-227	627.0	COG0601@1|root,COG0601@2|Bacteria,1NH5E@1224|Proteobacteria,1RY03@1236|Gammaproteobacteria,1XSN8@135623|Vibrionales	COG0601 ABC-type dipeptide oligopeptide nickel transport systems, permease components	-	-	ko:K02033	ko02024,map02024	ko00000,ko00001,ko00002,ko02000	BPD_transp_1
3225	GEA52747.1	1205908.AKXW01000005_gene3314	0.0	1113.0	COG0747@1|root,COG0747@2|Bacteria,1N4PK@1224|Proteobacteria,1RZPY@1236|Gammaproteobacteria,1XV00@135623|Vibrionales	ABC-type dipeptide transport system, periplasmic component	-	-	ko:K02035	ko02024,map02024	ko00000,ko00001,ko00002,ko02000	SBP_bac_5
3225	GEA52748.1	1205908.AKXW01000005_gene3315	0.0	2042.0	COG0642@1|root,COG0745@1|root,COG0745@2|Bacteria,COG2205@2|Bacteria,1NRP8@1224|Proteobacteria,1T1Y4@1236|Gammaproteobacteria,1XTDR@135623|Vibrionales	Histidine kinase	chiS	-	ko:K19694	-	ko00000,ko01001,ko02022	HAMP,HATPase_c,HisKA,PAS,PAS_8,Response_reg
3225	GEA52749.1	1205908.AKXW01000005_gene3316	1.51e-235	649.0	COG2813@1|root,COG2813@2|Bacteria,1MXE9@1224|Proteobacteria,1RQCH@1236|Gammaproteobacteria,1XUIH@135623|Vibrionales	Specifically methylates the guanine in position 1207 of 16S rRNA in the 30S particle	rsmC	GO:0000154,GO:0001510,GO:0003674,GO:0003824,GO:0005575,GO:0005622,GO:0005623,GO:0005737,GO:0005829,GO:0006139,GO:0006364,GO:0006396,GO:0006725,GO:0006807,GO:0008150,GO:0008152,GO:0008168,GO:0008170,GO:0008173,GO:0008649,GO:0008757,GO:0008990,GO:0009451,GO:0009987,GO:0010467,GO:0016070,GO:0016072,GO:0016435,GO:0016740,GO:0016741,GO:0022613,GO:0031167,GO:0032259,GO:0034470,GO:0034641,GO:0034660,GO:0042254,GO:0043170,GO:0043412,GO:0043414,GO:0044085,GO:0044237,GO:0044238,GO:0044260,GO:0044424,GO:0044444,GO:0044464,GO:0046483,GO:0052914,GO:0070475,GO:0071704,GO:0071840,GO:0090304,GO:0140098,GO:0140102,GO:1901360	ko:K00564	-	ko00000,ko01000,ko03009	MTS,MTS_N
3225	GEA52750.1	1205908.AKXW01000005_gene3317	2.48e-211	588.0	COG0628@1|root,COG0628@2|Bacteria,1MVX7@1224|Proteobacteria,1RN5Z@1236|Gammaproteobacteria,1XT37@135623|Vibrionales	permease	VP2476	-	-	-	-	AI-2E_transport
3225	GEA52751.1	1205908.AKXW01000005_gene3318	2.89e-310	845.0	COG0001@1|root,COG0001@2|Bacteria,1MUY5@1224|Proteobacteria,1RM7N@1236|Gammaproteobacteria,1XUGV@135623|Vibrionales	Glutamate-1-semialdehyde aminotransferase	hemL	GO:0003674,GO:0003824,GO:0006725,GO:0006778,GO:0006779,GO:0006807,GO:0008150,GO:0008152,GO:0009058,GO:0009987,GO:0016853,GO:0016866,GO:0016869,GO:0018130,GO:0019438,GO:0033013,GO:0033014,GO:0034641,GO:0044237,GO:0044249,GO:0044271,GO:0046483,GO:0051186,GO:0051188,GO:0071704,GO:1901360,GO:1901362,GO:1901564,GO:1901566,GO:1901576	ko:K01845	ko00860,ko01100,ko01110,ko01120,map00860,map01100,map01110,map01120	ko00000,ko00001,ko00002,ko01000,ko01007	Aminotran_3
3225	GEA52752.1	1219072.VHA01S_063_00100	1.04e-76	228.0	COG0316@1|root,COG0316@2|Bacteria,1RHCW@1224|Proteobacteria,1S675@1236|Gammaproteobacteria,1XXC1@135623|Vibrionales	Iron-sulfur cluster insertion protein ErpA	erpA	GO:0003674,GO:0005488,GO:0005506,GO:0005575,GO:0005622,GO:0005623,GO:0005737,GO:0005829,GO:0006790,GO:0006807,GO:0008150,GO:0008152,GO:0009987,GO:0010467,GO:0016043,GO:0016226,GO:0019538,GO:0022607,GO:0031163,GO:0043167,GO:0043169,GO:0043170,GO:0044085,GO:0044237,GO:0044238,GO:0044424,GO:0044444,GO:0044464,GO:0046872,GO:0046914,GO:0048037,GO:0051186,GO:0051536,GO:0051537,GO:0051539,GO:0051540,GO:0051604,GO:0071704,GO:0071840,GO:1901564	ko:K15724	-	ko00000	Fe-S_biosyn
3225	GEA52753.1	1205908.AKXW01000005_gene3320	3.13e-234	647.0	COG0845@1|root,COG0845@2|Bacteria,1MVFN@1224|Proteobacteria,1RNN6@1236|Gammaproteobacteria,1XTRP@135623|Vibrionales	Belongs to the membrane fusion protein (MFP) (TC 8.A.1) family	-	-	ko:K18990	-	ko00000,ko00002,ko02000	Biotin_lipoyl_2,HlyD_3,HlyD_D23
3225	GEA52754.1	1205908.AKXW01000005_gene3321	0.0	1887.0	COG0841@1|root,COG0841@2|Bacteria,1MU48@1224|Proteobacteria,1RMBN@1236|Gammaproteobacteria,1XU61@135623|Vibrionales	Belongs to the resistance-nodulation-cell division (RND) (TC 2.A.6) family	-	-	ko:K18989	-	ko00000,ko00002,ko02000	ACR_tran
3225	GEA52755.1	1205908.AKXW01000111_gene1639	1.52e-134	383.0	COG0560@1|root,COG0560@2|Bacteria,1RA1A@1224|Proteobacteria,1S21J@1236|Gammaproteobacteria,1XSWS@135623|Vibrionales	COG0560 Phosphoserine phosphatase	-	-	-	-	-	HAD
3225	GEA52756.1	1205908.AKXW01000111_gene1640	1.16e-107	311.0	COG0454@1|root,COG0456@2|Bacteria,1RJDS@1224|Proteobacteria,1SAWS@1236|Gammaproteobacteria	Acetyltransferase (GNAT) domain	-	-	-	-	-	Acetyltransf_1,Acetyltransf_10
3225	GEA52757.1	1205908.AKXW01000111_gene1642	5.24e-231	638.0	COG0252@1|root,COG0252@2|Bacteria,1MWIR@1224|Proteobacteria,1RNPN@1236|Gammaproteobacteria,1XVJW@135623|Vibrionales	Belongs to the asparaginase 1 family	ansB	-	ko:K01424	ko00250,ko00460,ko01100,ko01110,map00250,map00460,map01100,map01110	ko00000,ko00001,ko01000	Asparaginase
3225	GEA52758.1	1205908.AKXW01000111_gene1643	1.81e-101	296.0	COG1335@1|root,COG1335@2|Bacteria,1QK2B@1224|Proteobacteria,1RYRR@1236|Gammaproteobacteria,1XYSA@135623|Vibrionales	Isochorismatase family	-	-	-	-	-	Isochorismatase
3225	GEA52759.1	1205908.AKXW01000111_gene1646	5.84e-95	277.0	COG4067@1|root,COG4067@2|Bacteria,1RGX8@1224|Proteobacteria,1S5YR@1236|Gammaproteobacteria,1XUM3@135623|Vibrionales	protein conserved in archaea	-	-	-	-	-	Zn_protease
3225	GEA52760.1	1205908.AKXW01000111_gene1647	3.02e-230	635.0	COG3608@1|root,COG3608@2|Bacteria,1MUAA@1224|Proteobacteria,1RNQQ@1236|Gammaproteobacteria,1XTI2@135623|Vibrionales	Succinylglutamate desuccinylase aspartoacylase family protein	-	-	ko:K06987	-	ko00000	AstE_AspA
3225	GEA52761.1	1205908.AKXW01000111_gene1648	7.56e-209	580.0	COG0189@1|root,COG0189@2|Bacteria,1MX62@1224|Proteobacteria,1RM8B@1236|Gammaproteobacteria,1XT40@135623|Vibrionales	Belongs to the RimK family	rimK	-	ko:K05844	-	ko00000,ko01000,ko03009	RimK
3225	GEA52762.1	1205908.AKXW01000111_gene1649	1.71e-173	488.0	COG0583@1|root,COG0583@2|Bacteria,1MXXA@1224|Proteobacteria,1RREE@1236|Gammaproteobacteria,1XUTM@135623|Vibrionales	Transcriptional regulator	hdfR	-	-	-	-	HTH_1,LysR_substrate
3225	GEA52763.1	762968.HMPREF9441_00513	6.63e-77	277.0	COG1409@1|root,COG3540@1|root,COG1409@2|Bacteria,COG3540@2|Bacteria,4NJT0@976|Bacteroidetes,2FUHA@200643|Bacteroidia	Purple acid Phosphatase, N-terminal domain	-	-	-	-	-	Metallophos,Pur_ac_phosph_N
3225	GEA52764.1	323850.Shew_0327	1.16e-46	159.0	COG2370@1|root,COG2370@2|Bacteria,1N08F@1224|Proteobacteria,1SA2T@1236|Gammaproteobacteria,2QBDE@267890|Shewanellaceae	HupE / UreJ protein	-	-	ko:K03192	-	ko00000	HupE_UreJ
3225	GEA52766.1	1205908.AKXW01000111_gene1651	6.32e-165	464.0	COG0179@1|root,COG0179@2|Bacteria,1NM05@1224|Proteobacteria,1SZE0@1236|Gammaproteobacteria,1Y2VP@135623|Vibrionales	Domain of unknown function (DUF2437)	-	-	-	-	-	DUF2437,FAA_hydrolase
3225	GEA52768.1	1205908.AKXW01000111_gene1653	2.75e-219	610.0	29HQP@1|root,304MY@2|Bacteria,1RFYR@1224|Proteobacteria,1RZH8@1236|Gammaproteobacteria,1XVI3@135623|Vibrionales	Domain of unknown function (DUF3541)	-	-	-	-	-	DUF3541
3225	GEA52769.1	1205908.AKXW01000111_gene1654	1.38e-154	434.0	COG2964@1|root,COG2964@2|Bacteria,1MU5K@1224|Proteobacteria,1RPDQ@1236|Gammaproteobacteria,1XSSD@135623|Vibrionales	protein conserved in bacteria	-	-	-	-	-	HTH_22,PAS_6
3225	GEA52770.1	1205908.AKXW01000111_gene1655	2.14e-78	234.0	COG0251@1|root,COG0251@2|Bacteria,1MZ3J@1224|Proteobacteria,1S5XS@1236|Gammaproteobacteria,1XY3R@135623|Vibrionales	translation initiation inhibitor, yjgF family	-	-	-	-	-	Ribonuc_L-PSP
3225	GEA52771.1	1205908.AKXW01000111_gene1656	1.23e-298	819.0	COG1823@1|root,COG1823@2|Bacteria,1R3F8@1224|Proteobacteria,1RMHV@1236|Gammaproteobacteria,1XUK9@135623|Vibrionales	Belongs to the dicarboxylate amino acid cation symporter (DAACS) (TC 2.A.23) family	-	-	ko:K06956	-	ko00000	SDF
3225	GEA52772.1	1205908.AKXW01000111_gene1657	2.64e-303	828.0	COG0446@1|root,COG0446@2|Bacteria,1NR3M@1224|Proteobacteria,1T1WT@1236|Gammaproteobacteria,1XSS8@135623|Vibrionales	NAD(FAD)-dependent dehydrogenases	-	-	-	-	-	Pyr_redox_2,Pyr_redox_dim
3225	GEA52773.1	1205908.AKXW01000111_gene1658	8.65e-87	258.0	COG1438@1|root,COG1438@2|Bacteria,1QC5E@1224|Proteobacteria,1S1KR@1236|Gammaproteobacteria,1XW92@135623|Vibrionales	Regulates arginine biosynthesis genes	ARGR	-	ko:K03402	-	ko00000,ko03000	Arg_repressor,Arg_repressor_C
3225	GEA52774.1	1205908.AKXW01000012_gene2761	2.09e-81	242.0	2AWJI@1|root,31NG6@2|Bacteria,1QK72@1224|Proteobacteria,1TIAB@1236|Gammaproteobacteria,1XYR6@135623|Vibrionales	-	-	-	-	-	-	ATP-synt_I
3225	GEA52775.1	1205908.AKXW01000012_gene2760	1.27e-176	493.0	COG0356@1|root,COG0356@2|Bacteria,1MV87@1224|Proteobacteria,1RPHK@1236|Gammaproteobacteria,1XUQK@135623|Vibrionales	it plays a direct role in the translocation of protons across the membrane	-	-	ko:K02108	ko00190,ko00195,ko01100,map00190,map00195,map01100	ko00000,ko00001,ko00002,ko00194,ko03110	ATP-synt_A
3225	GEA52776.1	1001530.BACE01000026_gene1268	7.16e-43	140.0	COG0636@1|root,32S3K@2|Bacteria,1N1NA@1224|Proteobacteria,1S9MD@1236|Gammaproteobacteria,1XYD9@135623|Vibrionales	F(1)F(0) ATP synthase produces ATP from ADP in the presence of a proton or sodium gradient. F-type ATPases consist of two structural domains, F(1) containing the extramembraneous catalytic core and F(0) containing the membrane proton channel, linked together by a central stalk and a peripheral stalk. During catalysis, ATP synthesis in the catalytic domain of F(1) is coupled via a rotary mechanism of the central stalk subunits to proton translocation	atpE	-	ko:K02110	ko00190,ko00195,ko01100,map00190,map00195,map01100	ko00000,ko00001,ko00002,ko00194	ATP-synt_C
3225	GEA52777.1	1205908.AKXW01000012_gene2758	5.52e-58	184.0	COG0711@1|root,COG0711@2|Bacteria,1RHZ0@1224|Proteobacteria,1S402@1236|Gammaproteobacteria,1XSI7@135623|Vibrionales	Component of the F(0) channel, it forms part of the peripheral stalk, linking F(1) to F(0)	-	-	ko:K02109	ko00190,ko00195,ko01100,map00190,map00195,map01100	ko00000,ko00001,ko00002,ko00194	ATP-synt_B
3225	GEA52778.1	1205908.AKXW01000012_gene2757	3.09e-114	329.0	COG0712@1|root,COG0712@2|Bacteria,1MVRH@1224|Proteobacteria,1S8X2@1236|Gammaproteobacteria,1XVVW@135623|Vibrionales	F(1)F(0) ATP synthase produces ATP from ADP in the presence of a proton or sodium gradient. F-type ATPases consist of two structural domains, F(1) containing the extramembraneous catalytic core and F(0) containing the membrane proton channel, linked together by a central stalk and a peripheral stalk. During catalysis, ATP synthesis in the catalytic domain of F(1) is coupled via a rotary mechanism of the central stalk subunits to proton translocation	atpH2	-	ko:K02113	ko00190,ko00195,ko01100,map00190,map00195,map01100	ko00000,ko00001,ko00002,ko00194	OSCP
3225	GEA52779.1	1205908.AKXW01000012_gene2756	0.0	966.0	COG0056@1|root,COG0056@2|Bacteria,1MUG7@1224|Proteobacteria,1RP4V@1236|Gammaproteobacteria,1XU3H@135623|Vibrionales	Produces ATP from ADP in the presence of a proton gradient across the membrane. The alpha chain is a regulatory subunit	-	-	ko:K02111	ko00190,ko00195,ko01100,map00190,map00195,map01100	ko00000,ko00001,ko00002,ko00194,ko01000	ATP-synt_ab,ATP-synt_ab_C,ATP-synt_ab_N
3225	GEA52780.1	1205908.AKXW01000012_gene2755	1.02e-201	559.0	COG0224@1|root,COG0224@2|Bacteria,1MU28@1224|Proteobacteria,1RNWJ@1236|Gammaproteobacteria,1XSZ9@135623|Vibrionales	Produces ATP from ADP in the presence of a proton gradient across the membrane. The gamma chain is believed to be important in regulating ATPase activity and the flow of protons through the CF(0) complex	-	-	ko:K02115	ko00190,ko00195,ko01100,map00190,map00195,map01100	ko00000,ko00001,ko00002,ko00194	ATP-synt
3225	GEA52781.1	1219080.VEZ01S_44_00280	0.0	892.0	COG0055@1|root,COG0055@2|Bacteria,1MUFU@1224|Proteobacteria,1RN6U@1236|Gammaproteobacteria,1XT6G@135623|Vibrionales	Produces ATP from ADP in the presence of a proton gradient across the membrane. The catalytic sites are hosted primarily by the beta subunits	-	-	ko:K02112	ko00190,ko00195,ko01100,map00190,map00195,map01100	ko00000,ko00001,ko00002,ko00194,ko01000	ATP-synt_ab,ATP-synt_ab_N
3225	GEA52782.1	1205908.AKXW01000012_gene2747	1.86e-93	273.0	COG0355@1|root,COG0355@2|Bacteria,1RHE4@1224|Proteobacteria,1S25H@1236|Gammaproteobacteria,1XWXS@135623|Vibrionales	Produces ATP from ADP in the presence of a proton gradient across the membrane	-	-	ko:K02114	ko00190,ko00195,ko01100,map00190,map00195,map01100	ko00000,ko00001,ko00002,ko00194	ATP-synt_DE,ATP-synt_DE_N
3225	GEA52783.1	1205908.AKXW01000012_gene2748	1.63e-29	107.0	2AWEH@1|root,31NAK@2|Bacteria,1QK1M@1224|Proteobacteria,1TI45@1236|Gammaproteobacteria,1XYC4@135623|Vibrionales	-	-	-	-	-	-	-
3225	GEA52784.1	223926.28805620	0.0	914.0	COG0388@1|root,COG0388@2|Bacteria,1MX4I@1224|Proteobacteria,1RP30@1236|Gammaproteobacteria,1XUX9@135623|Vibrionales	Carbon-nitrogen hydrolase	-	-	-	-	-	Acetyltransf_1,CN_hydrolase
3225	GEA52785.1	1205908.AKXW01000151_gene2223	9.69e-292	799.0	COG4580@1|root,COG4580@2|Bacteria,1MX1A@1224|Proteobacteria,1RRWC@1236|Gammaproteobacteria,1Y28D@135623|Vibrionales	LamB porin	VVA0122	-	ko:K02024	-	ko00000,ko02000	LamB
3225	GEA52786.1	1205908.AKXW01000151_gene2222	4.73e-207	576.0	COG1609@1|root,COG1609@2|Bacteria,1MU1G@1224|Proteobacteria,1RMSP@1236|Gammaproteobacteria,1XTZQ@135623|Vibrionales	transcriptional regulators	-	-	ko:K02529	-	ko00000,ko03000	LacI,Peripla_BP_3
3225	GEA52787.1	1205908.AKXW01000012_gene2749	1.5e-183	514.0	COG5297@1|root,COG5297@2|Bacteria,1PWA0@1224|Proteobacteria,1RRD7@1236|Gammaproteobacteria,1XU4I@135623|Vibrionales	Alginate lyase	-	-	-	-	-	Alginate_lyase2
3225	GEA52788.1	1205908.AKXW01000148_gene1691	9.59e-171	478.0	COG2357@1|root,COG2357@2|Bacteria,1MYTM@1224|Proteobacteria,1S795@1236|Gammaproteobacteria,1XVF3@135623|Vibrionales	protein conserved in bacteria	-	-	-	-	-	RelA_SpoT
3225	GEA52790.1	1219080.VEZ01S_02_00880	2.03e-96	286.0	2AW32@1|root,31MXV@2|Bacteria,1QJPX@1224|Proteobacteria,1THQW@1236|Gammaproteobacteria,1XX88@135623|Vibrionales	-	-	-	-	-	-	-
3225	GEA52791.1	1219080.VEZ01S_02_00890	7.55e-167	468.0	COG0842@1|root,COG0842@2|Bacteria,1MUH1@1224|Proteobacteria,1RP0Z@1236|Gammaproteobacteria,1XSC8@135623|Vibrionales	Transport permease protein	-	-	ko:K01992	-	ko00000,ko00002,ko02000	ABC2_membrane
3225	GEA52792.1	1205908.AKXW01000005_gene3286	7.94e-199	553.0	COG1131@1|root,COG1131@2|Bacteria,1MUW7@1224|Proteobacteria,1RMC5@1236|Gammaproteobacteria,1XSXH@135623|Vibrionales	COG1131 ABC-type multidrug transport system, ATPase component	yadG	-	ko:K01990	-	ko00000,ko00002,ko02000	ABC_tran
3225	GEA52793.1	1205908.AKXW01000005_gene3285	3.05e-153	430.0	COG0288@1|root,COG0288@2|Bacteria,1NGFN@1224|Proteobacteria,1RSY6@1236|Gammaproteobacteria,1XTY7@135623|Vibrionales	Reversible hydration of carbon dioxide	can	-	ko:K01673	ko00910,map00910	ko00000,ko00001,ko01000	Pro_CA
3225	GEA52794.1	1205908.AKXW01000005_gene3284	1.06e-117	337.0	COG0634@1|root,COG0634@2|Bacteria,1NRT8@1224|Proteobacteria,1RNPQ@1236|Gammaproteobacteria,1XT05@135623|Vibrionales	Belongs to the purine pyrimidine phosphoribosyltransferase family	hpt	-	ko:K00760	ko00230,ko00983,ko01100,ko01110,map00230,map00983,map01100,map01110	ko00000,ko00001,ko01000	Pribosyltran
3225	GEA52795.1	1219072.VHA01S_069_00220	0.0	922.0	COG1249@1|root,COG1249@2|Bacteria,1MU2U@1224|Proteobacteria,1RMFF@1236|Gammaproteobacteria,1XT11@135623|Vibrionales	COG1249 Pyruvate 2-oxoglutarate dehydrogenase complex, dihydrolipoamide dehydrogenase (E3) component, and related enzymes	lpdA	GO:0003674,GO:0003824,GO:0004148,GO:0005575,GO:0005622,GO:0005623,GO:0005737,GO:0005829,GO:0006082,GO:0006084,GO:0006085,GO:0006086,GO:0006090,GO:0006139,GO:0006163,GO:0006164,GO:0006637,GO:0006725,GO:0006732,GO:0006753,GO:0006790,GO:0006793,GO:0006796,GO:0006807,GO:0008150,GO:0008152,GO:0009058,GO:0009108,GO:0009117,GO:0009150,GO:0009152,GO:0009165,GO:0009259,GO:0009260,GO:0009987,GO:0016491,GO:0016651,GO:0016667,GO:0016668,GO:0018130,GO:0019438,GO:0019637,GO:0019693,GO:0019752,GO:0032787,GO:0032991,GO:0033865,GO:0033866,GO:0033875,GO:0034030,GO:0034032,GO:0034033,GO:0034641,GO:0034654,GO:0035383,GO:0035384,GO:0043436,GO:0043603,GO:0043604,GO:0044237,GO:0044238,GO:0044249,GO:0044271,GO:0044272,GO:0044281,GO:0044424,GO:0044444,GO:0044445,GO:0044464,GO:0045250,GO:0045254,GO:0046390,GO:0046483,GO:0051186,GO:0051188,GO:0055086,GO:0055114,GO:0071616,GO:0071704,GO:0072521,GO:0072522,GO:0090407,GO:1901135,GO:1901137,GO:1901293,GO:1901360,GO:1901362,GO:1901564,GO:1901566,GO:1901576,GO:1902494,GO:1990204	ko:K00382	ko00010,ko00020,ko00260,ko00280,ko00620,ko00630,ko00640,ko01100,ko01110,ko01120,ko01130,ko01200,map00010,map00020,map00260,map00280,map00620,map00630,map00640,map01100,map01110,map01120,map01130,map01200	br01601,ko00000,ko00001,ko00002,ko01000,ko04147	Pyr_redox_2,Pyr_redox_dim
3225	GEA52796.1	1219080.VEZ01S_02_00940	0.0	1043.0	COG0508@1|root,COG0508@2|Bacteria,1MU7K@1224|Proteobacteria,1RNPT@1236|Gammaproteobacteria,1XT8J@135623|Vibrionales	The pyruvate dehydrogenase complex catalyzes the overall conversion of pyruvate to acetyl-CoA and CO(2)	aceF	-	ko:K00627	ko00010,ko00020,ko00620,ko01100,ko01110,ko01120,ko01130,ko01200,map00010,map00020,map00620,map01100,map01110,map01120,map01130,map01200	br01601,ko00000,ko00001,ko00002,ko01000	2-oxoacid_dh,Biotin_lipoyl,E3_binding
3225	GEA52797.1	1205908.AKXW01000153_gene2235	0.0	1769.0	COG2609@1|root,COG2609@2|Bacteria,1MV21@1224|Proteobacteria,1RN6K@1236|Gammaproteobacteria,1XU1V@135623|Vibrionales	Component of the pyruvate dehydrogenase (PDH) complex, that catalyzes the overall conversion of pyruvate to acetyl-CoA and CO(2)	aceE	-	ko:K00163	ko00010,ko00020,ko00620,ko01100,ko01110,ko01120,ko01130,ko01200,map00010,map00020,map00620,map01100,map01110,map01120,map01130,map01200	br01601,ko00000,ko00001,ko00002,ko01000	Transketolase_N
3225	GEA52798.1	1205908.AKXW01000153_gene2236	3.87e-165	464.0	COG2186@1|root,COG2186@2|Bacteria,1MUP9@1224|Proteobacteria,1RNPJ@1236|Gammaproteobacteria,1XV1H@135623|Vibrionales	COG2186 Transcriptional regulators	pdhR	-	ko:K05799	-	ko00000,ko03000	FCD,GntR
3225	GEA52799.1	1205908.AKXW01000153_gene2237	1.05e-124	355.0	COG3023@1|root,COG3023@2|Bacteria,1RDHU@1224|Proteobacteria,1S3PG@1236|Gammaproteobacteria,1XTXJ@135623|Vibrionales	COG3023 Negative regulator of beta-lactamase expression	ampD	-	ko:K03806	-	ko00000,ko01000,ko01011	Amidase_2
3225	GEA52800.1	1205908.AKXW01000153_gene2238	1.25e-205	569.0	COG0157@1|root,COG0157@2|Bacteria,1MW0C@1224|Proteobacteria,1RMBU@1236|Gammaproteobacteria,1XTQ3@135623|Vibrionales	Belongs to the NadC ModD family	nadC	-	ko:K00767	ko00760,ko01100,map00760,map01100	ko00000,ko00001,ko00002,ko01000	QRPTase_C,QRPTase_N
3225	GEA52801.1	1205908.AKXW01000153_gene2239	1.2e-76	230.0	COG4969@1|root,COG4969@2|Bacteria,1N7EQ@1224|Proteobacteria,1SCES@1236|Gammaproteobacteria,1XYET@135623|Vibrionales	Belongs to the N-Me-Phe pilin family	pilA	-	ko:K02650	ko02020,map02020	ko00000,ko00001,ko02035,ko02044	N_methyl,Pilin
3225	GEA52802.1	1205908.AKXW01000153_gene2240	3.06e-301	830.0	COG2804@1|root,COG2804@2|Bacteria,1MU7V@1224|Proteobacteria,1RMBS@1236|Gammaproteobacteria,1XUSD@135623|Vibrionales	COG2804 Type II secretory pathway, ATPase PulE Tfp pilus assembly pathway, ATPase PilB	pilB	-	ko:K02652	-	ko00000,ko02035,ko02044	T2SSE,T2SSE_N
3225	GEA52803.1	1205908.AKXW01000153_gene2241	7.94e-226	629.0	COG1459@1|root,COG1459@2|Bacteria,1MV4U@1224|Proteobacteria,1RNV0@1236|Gammaproteobacteria,1XV78@135623|Vibrionales	COG1459 Type II secretory pathway, component PulF	pilC	GO:0002790,GO:0005575,GO:0005623,GO:0005886,GO:0006810,GO:0008104,GO:0008150,GO:0009297,GO:0009306,GO:0009987,GO:0015031,GO:0015628,GO:0015833,GO:0016020,GO:0016043,GO:0022607,GO:0030030,GO:0030031,GO:0032940,GO:0033036,GO:0042886,GO:0043711,GO:0044085,GO:0044464,GO:0045184,GO:0046903,GO:0051179,GO:0051234,GO:0055085,GO:0071702,GO:0071705,GO:0071806,GO:0071840,GO:0071944,GO:0098776	ko:K02653	-	ko00000,ko02035,ko02044	T2SSF
3225	GEA52804.1	1205908.AKXW01000153_gene2242	1.48e-191	533.0	COG1989@1|root,COG1989@2|Bacteria,1MUZF@1224|Proteobacteria,1RN90@1236|Gammaproteobacteria,1XTYX@135623|Vibrionales	Cleaves type-4 fimbrial leader sequence and methylates the N-terminal (generally Phe) residue	pilD	-	ko:K02654	-	ko00000,ko00002,ko01000,ko01002,ko02035,ko02044	DiS_P_DiS,Peptidase_A24
3225	GEA52805.1	1205908.AKXW01000153_gene2243	1.28e-123	354.0	COG0237@1|root,COG0237@2|Bacteria,1RCXT@1224|Proteobacteria,1S3NR@1236|Gammaproteobacteria,1XW2K@135623|Vibrionales	Catalyzes the phosphorylation of the 3'-hydroxyl group of dephosphocoenzyme A to form coenzyme A	coaE	GO:0003674,GO:0003824,GO:0004140,GO:0006139,GO:0006163,GO:0006164,GO:0006725,GO:0006732,GO:0006753,GO:0006793,GO:0006796,GO:0006807,GO:0008150,GO:0008152,GO:0009058,GO:0009108,GO:0009117,GO:0009150,GO:0009152,GO:0009165,GO:0009259,GO:0009260,GO:0009987,GO:0015936,GO:0015937,GO:0016301,GO:0016310,GO:0016740,GO:0016772,GO:0016773,GO:0018130,GO:0019438,GO:0019637,GO:0019693,GO:0033865,GO:0033866,GO:0033875,GO:0034030,GO:0034032,GO:0034033,GO:0034641,GO:0034654,GO:0044237,GO:0044238,GO:0044249,GO:0044271,GO:0044281,GO:0046390,GO:0046483,GO:0051186,GO:0051188,GO:0055086,GO:0071704,GO:0072521,GO:0072522,GO:0090407,GO:1901135,GO:1901137,GO:1901293,GO:1901360,GO:1901362,GO:1901564,GO:1901566,GO:1901576	ko:K00859	ko00770,ko01100,map00770,map01100	ko00000,ko00001,ko00002,ko01000	CoaE
3225	GEA52806.1	1205908.AKXW01000153_gene2244	2.5e-176	491.0	COG4582@1|root,COG4582@2|Bacteria,1MW69@1224|Proteobacteria,1RNPD@1236|Gammaproteobacteria,1XT60@135623|Vibrionales	Cell division factor that enhances FtsZ-ring assembly. Directly interacts with FtsZ and promotes bundling of FtsZ protofilaments, with a reduction in FtsZ GTPase activity	zapD	GO:0000003,GO:0000910,GO:0005575,GO:0005623,GO:0007049,GO:0008150,GO:0009987,GO:0019954,GO:0022402,GO:0022414,GO:0032153,GO:0032505,GO:0043093,GO:0044464,GO:0051301	ko:K18778	-	ko00000,ko03036	ZapD
3225	GEA52807.1	1205908.AKXW01000153_gene2245	4.46e-42	137.0	COG3024@1|root,COG3024@2|Bacteria,1NGJ8@1224|Proteobacteria,1SC7M@1236|Gammaproteobacteria,1XYEN@135623|Vibrionales	Inhibits all the catalytic activities of DNA gyrase by preventing its interaction with DNA. Acts by binding directly to the C-terminal domain of GyrB, which probably disrupts DNA binding by the gyrase	yacG	-	ko:K09862	-	ko00000	YacG
3225	GEA52808.1	1219072.VHA01S_069_00080	5.46e-74	222.0	COG0335@1|root,COG0335@2|Bacteria,1RH3A@1224|Proteobacteria,1S5XX@1236|Gammaproteobacteria,1XXCD@135623|Vibrionales	This protein is located at the 30S-50S ribosomal subunit interface and may play a role in the structure and function of the aminoacyl-tRNA binding site	rplS	GO:0003674,GO:0003735,GO:0005198,GO:0005575,GO:0005622,GO:0005623,GO:0005737,GO:0005829,GO:0005840,GO:0006412,GO:0006518,GO:0006807,GO:0008150,GO:0008152,GO:0009058,GO:0009059,GO:0009987,GO:0010467,GO:0015934,GO:0019538,GO:0022625,GO:0022626,GO:0032991,GO:0034641,GO:0034645,GO:0043043,GO:0043170,GO:0043226,GO:0043228,GO:0043229,GO:0043232,GO:0043603,GO:0043604,GO:0044237,GO:0044238,GO:0044249,GO:0044260,GO:0044267,GO:0044271,GO:0044391,GO:0044422,GO:0044424,GO:0044444,GO:0044445,GO:0044446,GO:0044464,GO:0071704,GO:1901564,GO:1901566,GO:1901576,GO:1990904	ko:K02884	ko03010,map03010	br01610,ko00000,ko00001,ko00002,ko03011	Ribosomal_L19
3225	GEA52809.1	1205908.AKXW01000153_gene2248	4.68e-184	511.0	COG0336@1|root,COG0336@2|Bacteria,1MUN1@1224|Proteobacteria,1RMWC@1236|Gammaproteobacteria,1XSG2@135623|Vibrionales	Belongs to the RNA methyltransferase TrmD family	trmD	GO:0001510,GO:0003674,GO:0003824,GO:0006139,GO:0006396,GO:0006399,GO:0006400,GO:0006725,GO:0006807,GO:0008033,GO:0008150,GO:0008152,GO:0008168,GO:0008173,GO:0008175,GO:0008757,GO:0009019,GO:0009451,GO:0009987,GO:0010467,GO:0016070,GO:0016423,GO:0016740,GO:0016741,GO:0016772,GO:0016779,GO:0030488,GO:0032259,GO:0034470,GO:0034641,GO:0034660,GO:0043170,GO:0043412,GO:0043414,GO:0044237,GO:0044238,GO:0044260,GO:0046483,GO:0050518,GO:0070567,GO:0071704,GO:0090304,GO:0140098,GO:0140101,GO:1901360	ko:K00554	-	ko00000,ko01000,ko03016	tRNA_m1G_MT
3225	GEA52810.1	1205908.AKXW01000153_gene2249	1.06e-122	350.0	COG0806@1|root,COG0806@2|Bacteria,1MWQR@1224|Proteobacteria,1RNJ2@1236|Gammaproteobacteria,1XSFG@135623|Vibrionales	An accessory protein needed during the final step in the assembly of 30S ribosomal subunit, possibly for assembly of the head region. Probably interacts with S19. Essential for efficient processing of 16S rRNA. May be needed both before and after RbfA during the maturation of 16S rRNA. It has affinity for free ribosomal 30S subunits but not for 70S ribosomes	rimM	GO:0006139,GO:0006396,GO:0006725,GO:0006807,GO:0008150,GO:0008152,GO:0009987,GO:0010467,GO:0016070,GO:0034641,GO:0043170,GO:0044237,GO:0044238,GO:0046483,GO:0071704,GO:0090304,GO:1901360	ko:K02860	-	ko00000,ko03009	PRC,RimM
3225	GEA52811.1	1205908.AKXW01000153_gene2250	9.43e-52	163.0	COG0228@1|root,COG0228@2|Bacteria,1MZCT@1224|Proteobacteria,1S8RT@1236|Gammaproteobacteria,1XXZF@135623|Vibrionales	Belongs to the bacterial ribosomal protein bS16 family	rpsP	GO:0003674,GO:0003735,GO:0005198,GO:0005575,GO:0005622,GO:0005623,GO:0005737,GO:0005829,GO:0005840,GO:0006412,GO:0006518,GO:0006807,GO:0008150,GO:0008152,GO:0009058,GO:0009059,GO:0009987,GO:0010467,GO:0015935,GO:0019538,GO:0022626,GO:0022627,GO:0032991,GO:0034641,GO:0034645,GO:0043043,GO:0043170,GO:0043226,GO:0043228,GO:0043229,GO:0043232,GO:0043603,GO:0043604,GO:0044237,GO:0044238,GO:0044249,GO:0044260,GO:0044267,GO:0044271,GO:0044391,GO:0044422,GO:0044424,GO:0044444,GO:0044445,GO:0044446,GO:0044464,GO:0071704,GO:1901564,GO:1901566,GO:1901576,GO:1990904	ko:K02959	ko03010,map03010	br01610,ko00000,ko00001,ko00002,ko03011,ko03029	Ribosomal_S16
3225	GEA52812.1	1205908.AKXW01000153_gene2251	1.22e-283	781.0	COG0541@1|root,COG0541@2|Bacteria,1MVIA@1224|Proteobacteria,1RMU9@1236|Gammaproteobacteria,1XTFD@135623|Vibrionales	Involved in targeting and insertion of nascent membrane proteins into the cytoplasmic membrane. Binds to the hydrophobic signal sequence of the ribosome-nascent chain (RNC) as it emerges from the ribosomes. The SRP-RNC complex is then targeted to the cytoplasmic membrane where it interacts with the SRP receptor FtsY. Interaction with FtsY leads to the transfer of the RNC complex to the Sec translocase for insertion into the membrane, the hydrolysis of GTP by both Ffh and FtsY, and the dissociation of the SRP-FtsY complex into the individual components	ffh	-	ko:K03106	ko02024,ko03060,ko03070,map02024,map03060,map03070	ko00000,ko00001,ko00002,ko01000,ko02044	SRP54,SRP54_N,SRP_SPB
3225	GEA52813.1	1205908.AKXW01000153_gene2252	9.99e-176	491.0	COG4137@1|root,COG4137@2|Bacteria,1R3YD@1224|Proteobacteria,1RPUQ@1236|Gammaproteobacteria,1XSTU@135623|Vibrionales	transport system, permease component	ypjD	-	-	-	-	Cytochrom_C_asm
3225	GEA52814.1	1205908.AKXW01000153_gene2253	1.31e-286	785.0	COG4536@1|root,COG4536@2|Bacteria,1NZ99@1224|Proteobacteria,1RNCE@1236|Gammaproteobacteria,1XTJ9@135623|Vibrionales	Mg2 and Co2 transporter CorB	yfjD	-	-	-	-	CBS,CorC_HlyC,DUF21
3225	GEA52815.1	1219080.VEZ01S_02_01130	1.2e-112	324.0	COG1854@1|root,COG1854@2|Bacteria,1MWQF@1224|Proteobacteria,1RMDZ@1236|Gammaproteobacteria,1XUCG@135623|Vibrionales	Involved in the synthesis of autoinducer 2 (AI-2) which is secreted by bacteria and is used to communicate both the cell density and the metabolic potential of the environment. The regulation of gene expression in response to changes in cell density is called quorum sensing. Catalyzes the transformation of S-ribosylhomocysteine (RHC) to homocysteine (HC) and 4,5- dihydroxy-2,3-pentadione (DPD)	luxS	GO:0008150,GO:0009372,GO:0009987,GO:0044764,GO:0051704	ko:K07173	ko00270,ko01100,ko01230,ko02024,ko02026,ko05111,map00270,map01100,map01230,map02024,map02026,map05111	ko00000,ko00001,ko00002,ko01000	LuxS
3225	GEA52816.1	1205908.AKXW01000153_gene2255	0.0	1000.0	COG2918@1|root,COG2918@2|Bacteria,1MW9B@1224|Proteobacteria,1RPNQ@1236|Gammaproteobacteria,1XTNN@135623|Vibrionales	Belongs to the glutamate--cysteine ligase type 1 family. Type 1 subfamily	gshA	GO:0003674,GO:0003824,GO:0004357,GO:0006518,GO:0006575,GO:0006749,GO:0006750,GO:0006790,GO:0006807,GO:0008150,GO:0008152,GO:0009058,GO:0009987,GO:0016874,GO:0016879,GO:0016881,GO:0019184,GO:0034641,GO:0042398,GO:0043043,GO:0043603,GO:0043604,GO:0044237,GO:0044249,GO:0044271,GO:0044272,GO:0051186,GO:0051188,GO:0071704,GO:1901564,GO:1901566,GO:1901576	ko:K01919	ko00270,ko00480,ko01100,map00270,map00480,map01100	ko00000,ko00001,ko00002,ko01000	Glu_cys_ligase
3225	GEA52817.1	1205908.AKXW01000153_gene2256	0.0	1818.0	COG0612@1|root,COG0612@2|Bacteria,1MVST@1224|Proteobacteria,1RN05@1236|Gammaproteobacteria,1XU3E@135623|Vibrionales	Insulinase (Peptidase family M16)	-	-	ko:K07263	-	ko00000,ko01000,ko01002	Peptidase_M16,Peptidase_M16_C
3225	GEA52818.1	1205908.AKXW01000153_gene2257	5.3e-104	300.0	COG1238@1|root,COG1238@2|Bacteria,1RHUV@1224|Proteobacteria,1S4XE@1236|Gammaproteobacteria,1XX13@135623|Vibrionales	membrane	yqaA	-	-	-	-	SNARE_assoc
3225	GEA52819.1	1205908.AKXW01000153_gene2258	6.94e-262	718.0	COG1883@1|root,COG1883@2|Bacteria,1MV0G@1224|Proteobacteria,1RP3W@1236|Gammaproteobacteria,1XTU0@135623|Vibrionales	Na -transporting methylmalonyl-CoA oxaloacetate decarboxylase, beta subunit	oadB	-	ko:K01572	ko00620,ko01100,map00620,map01100	ko00000,ko00001,ko01000,ko02000	OAD_beta
3225	GEA52820.1	1205908.AKXW01000153_gene2259	0.0	1095.0	COG0511@1|root,COG5016@1|root,COG0511@2|Bacteria,COG5016@2|Bacteria,1QTTG@1224|Proteobacteria,1RNG6@1236|Gammaproteobacteria,1XT1B@135623|Vibrionales	oxaloacetate	oadA	-	ko:K01571	ko00620,ko01100,map00620,map01100	ko00000,ko00001,ko01000,ko02000	Biotin_lipoyl,HMGL-like,PYC_OADA
3225	GEA52821.1	1205908.AKXW01000153_gene2260	4.36e-48	154.0	COG3630@1|root,COG3630@2|Bacteria,1NHYS@1224|Proteobacteria,1SG6X@1236|Gammaproteobacteria,1XYD5@135623|Vibrionales	Lyase and sodium transporter	oadG	GO:0003674,GO:0003824,GO:0006810,GO:0006811,GO:0006812,GO:0006814,GO:0008150,GO:0008948,GO:0015672,GO:0016829,GO:0016830,GO:0016831,GO:0030001,GO:0051179,GO:0051234	ko:K01573	ko00620,ko01100,map00620,map01100	ko00000,ko00001,ko01000,ko02000	OAD_gamma
3225	GEA52822.1	1205908.AKXW01000021_gene987	3.86e-129	368.0	COG0529@1|root,COG0529@2|Bacteria,1MX0D@1224|Proteobacteria,1RNWT@1236|Gammaproteobacteria,1XUJT@135623|Vibrionales	Catalyzes the synthesis of activated sulfate	cysC	-	ko:K00860	ko00230,ko00920,ko01100,ko01120,map00230,map00920,map01100,map01120	ko00000,ko00001,ko00002,ko01000	APS_kinase
3225	GEA52823.1	1205908.AKXW01000021_gene986	3.5e-193	540.0	COG0608@1|root,COG0608@2|Bacteria,1N37P@1224|Proteobacteria,1RQTR@1236|Gammaproteobacteria,1XTYY@135623|Vibrionales	single-stranded DNA 5'-3' exodeoxyribonuclease activity	-	-	-	-	-	DHHA1
3225	GEA52824.1	1454202.PPBDW_120341___1	1.14e-86	276.0	COG2148@1|root,COG2148@2|Bacteria,1MV6W@1224|Proteobacteria,1RMMN@1236|Gammaproteobacteria,1XTWQ@135623|Vibrionales	COG2148 Sugar transferases involved in lipopolysaccharide synthesis	-	-	ko:K21303	-	ko00000,ko01000,ko01003,ko01005	Bac_transf
3225	GEA52825.1	675812.VHA_002837	7.4e-49	172.0	COG0463@1|root,COG0463@2|Bacteria,1N840@1224|Proteobacteria,1SA3F@1236|Gammaproteobacteria,1XYR0@135623|Vibrionales	Glycosyl transferase family 2	-	-	ko:K12997	-	ko00000,ko01000,ko01003,ko01005	Glycos_transf_2
3225	GEA52826.1	1319815.HMPREF0202_01793	4.54e-66	214.0	COG1216@1|root,COG1216@2|Bacteria,379P8@32066|Fusobacteria	Glycosyltransferase, group 2 family protein	-	-	ko:K07011	-	ko00000	Glyco_tranf_2_3,Glycos_transf_2
3225	GEA52827.1	545697.HMPREF0216_00189	2.98e-43	157.0	COG1216@1|root,COG1216@2|Bacteria,1V5AQ@1239|Firmicutes,24IBY@186801|Clostridia,36KV3@31979|Clostridiaceae	Glycosyltransferase, group 2 family protein	-	-	ko:K12990	ko02024,ko02025,map02024,map02025	ko00000,ko00001,ko01000,ko01003,ko01005	Glycos_transf_2
3225	GEA52828.1	1123037.AUDE01000018_gene2911	2.37e-43	152.0	COG2227@1|root,COG2227@2|Bacteria,4NN49@976|Bacteroidetes,1I1EY@117743|Flavobacteriia	Methionine biosynthesis protein MetW	-	-	ko:K20444	-	ko00000,ko01000,ko01005,ko02000	Methyltransf_23
3225	GEA52829.1	1217713.F993_03352	1.88e-52	187.0	COG2244@1|root,COG2244@2|Bacteria,1R6ME@1224|Proteobacteria,1S4F9@1236|Gammaproteobacteria	Polysaccharide biosynthesis protein	-	-	-	-	-	Polysacc_synt,Polysacc_synt_3,Polysacc_synt_C
3225	GEA52830.1	1051646.VITU9109_13022	7.94e-98	288.0	COG1898@1|root,COG1898@2|Bacteria,1R9YD@1224|Proteobacteria,1S245@1236|Gammaproteobacteria,1XSKQ@135623|Vibrionales	Catalyzes the epimerization of the C3' and C5'positions of dTDP-6-deoxy-D-xylo-4-hexulose, forming dTDP-6-deoxy-L-lyxo-4- hexulose	rfbC	-	ko:K01790	ko00521,ko00523,ko01130,map00521,map00523,map01130	ko00000,ko00001,ko00002,ko01000	dTDP_sugar_isom
3225	GEA52831.1	1082705.JIBP01000002_gene2059	2.32e-100	302.0	COG1091@1|root,COG1091@2|Bacteria,1MUXM@1224|Proteobacteria,1RSNR@1236|Gammaproteobacteria	Catalyzes the reduction of dTDP-6-deoxy-L-lyxo-4- hexulose to yield dTDP-L-rhamnose	rfbD	-	ko:K00067	ko00521,ko00523,ko01130,map00521,map00523,map01130	ko00000,ko00001,ko00002,ko01000	RmlD_sub_bind
3225	GEA52832.1	754436.JCM19237_3169	4.44e-167	471.0	COG1209@1|root,COG1209@2|Bacteria,1MU0X@1224|Proteobacteria,1RMTR@1236|Gammaproteobacteria,1XU3P@135623|Vibrionales	Catalyzes the formation of dTDP-glucose, from dTTP and glucose 1-phosphate, as well as its pyrophosphorolysis	rmlA	-	ko:K00973	ko00521,ko00523,ko00525,ko01130,map00521,map00523,map00525,map01130	ko00000,ko00001,ko00002,ko01000	NTP_transferase
3225	GEA52833.1	55601.VANGNB10_cI2527c	1.4e-210	587.0	COG1088@1|root,COG1088@2|Bacteria,1MU5E@1224|Proteobacteria,1RP7G@1236|Gammaproteobacteria,1XUQ1@135623|Vibrionales	Belongs to the NAD(P)-dependent epimerase dehydratase family. dTDP-glucose dehydratase subfamily	rffG	-	ko:K01710	ko00521,ko00523,ko00525,ko01055,ko01130,map00521,map00523,map00525,map01055,map01130	ko00000,ko00001,ko00002,ko01000	GDP_Man_Dehyd
3225	GEA52834.1	1205908.AKXW01000021_gene985	3.25e-309	852.0	COG4715@1|root,COG4715@2|Bacteria,1R60K@1224|Proteobacteria,1S0TU@1236|Gammaproteobacteria,1XXWH@135623|Vibrionales	SWIM zinc finger	-	-	-	-	-	SWIM
3225	GEA52835.1	153948.NAL212_0924	3.94e-39	132.0	COG2827@1|root,COG2827@2|Bacteria,1MZME@1224|Proteobacteria,2VURH@28216|Betaproteobacteria,373GA@32003|Nitrosomonadales	PFAM Excinuclease ABC, C subunit	-	-	ko:K07461	-	ko00000	GIY-YIG
3225	GEA52838.1	1205908.AKXW01000076_gene3443	1.54e-74	223.0	COG2827@1|root,COG2827@2|Bacteria	Endonuclease containing a URI domain	-	-	ko:K07461	-	ko00000	GIY-YIG
3225	GEA52839.1	1205908.AKXW01000076_gene3444	1.89e-90	265.0	2E9QM@1|root,333WZ@2|Bacteria,1NED6@1224|Proteobacteria,1SDQD@1236|Gammaproteobacteria	-	-	-	-	-	-	-
3225	GEA52840.1	1205908.AKXW01000076_gene3445	4.67e-63	193.0	2C6PY@1|root,32V9H@2|Bacteria,1N4E7@1224|Proteobacteria,1SAQ4@1236|Gammaproteobacteria	-	-	-	-	-	-	-
3225	GEA52841.1	1205908.AKXW01000076_gene3446	2.39e-67	204.0	2EGM9@1|root,33ADF@2|Bacteria,1NPDP@1224|Proteobacteria,1SGRQ@1236|Gammaproteobacteria	-	-	-	-	-	-	-
3225	GEA52842.1	1205908.AKXW01000076_gene3447	6.82e-203	564.0	COG2990@1|root,COG2990@2|Bacteria,1NTXF@1224|Proteobacteria,1RPKK@1236|Gammaproteobacteria,1XV8W@135623|Vibrionales	protein conserved in bacteria	-	-	ko:K09824	-	ko00000	DUF535
3225	GEA52843.1	717773.Thicy_0901	3.07e-21	85.9	COG2827@1|root,COG2827@2|Bacteria,1MZME@1224|Proteobacteria,1S8Z1@1236|Gammaproteobacteria,462MC@72273|Thiotrichales	GIY-YIG catalytic domain	-	-	ko:K07461	-	ko00000	GIY-YIG
3225	GEA52844.1	1205908.AKXW01000076_gene3448	2.82e-131	373.0	2EYK5@1|root,33RTU@2|Bacteria,1NQK6@1224|Proteobacteria,1SKUJ@1236|Gammaproteobacteria,1XSV5@135623|Vibrionales	Phosphoribosyl-ATP pyrophosphohydrolase	VP1313	-	-	-	-	PRA-PH
3225	GEA52845.1	1219080.VEZ01S_21_00040	2.76e-231	653.0	COG2274@1|root,COG2274@2|Bacteria,1R2T0@1224|Proteobacteria,1SBE1@1236|Gammaproteobacteria,1XTDH@135623|Vibrionales	COG2274 ABC-type bacteriocin lantibiotic exporters, contain an N-terminal double-glycine peptidase domain	-	-	-	-	-	ABC_membrane,ABC_tran
3225	GEA52846.1	1219072.VHA01S_007_00030	4.54e-307	858.0	COG2274@1|root,COG2274@2|Bacteria,1R2T0@1224|Proteobacteria,1SBE1@1236|Gammaproteobacteria,1XSEE@135623|Vibrionales	COG2274 ABC-type bacteriocin lantibiotic exporters, contain an N-terminal double-glycine peptidase domain	-	-	ko:K06148,ko:K12541	ko02010,map02010	ko00000,ko00001,ko00002,ko02000,ko02044	ABC_membrane,ABC_tran
3225	GEA52847.1	1219072.VHA01S_007_00020	4.41e-216	607.0	COG0845@1|root,COG0845@2|Bacteria,1MUI8@1224|Proteobacteria,1RNK4@1236|Gammaproteobacteria,1XTWG@135623|Vibrionales	COG0845 Membrane-fusion protein	-	-	ko:K02022,ko:K12542	-	ko00000,ko00002,ko02000,ko02044	Biotin_lipoyl_2,HlyD,HlyD_3
3225	GEA52849.1	1205908.AKXW01000131_gene578	7.52e-263	720.0	COG1600@1|root,COG1600@2|Bacteria,1MV1H@1224|Proteobacteria,1RMD9@1236|Gammaproteobacteria,1XSXR@135623|Vibrionales	Catalyzes the conversion of epoxyqueuosine (oQ) to queuosine (Q), which is a hypermodified base found in the wobble positions of tRNA(Asp), tRNA(Asn), tRNA(His) and tRNA(Tyr)	queG	GO:0003674,GO:0003824,GO:0006091,GO:0006139,GO:0006725,GO:0006807,GO:0008150,GO:0008152,GO:0008616,GO:0009055,GO:0009058,GO:0009116,GO:0009119,GO:0009163,GO:0009987,GO:0016491,GO:0018130,GO:0019438,GO:0022900,GO:0034404,GO:0034641,GO:0034654,GO:0042455,GO:0044237,GO:0044238,GO:0044249,GO:0044271,GO:0044281,GO:0044283,GO:0046116,GO:0046483,GO:0052693,GO:0055086,GO:0055114,GO:0071704,GO:1901135,GO:1901137,GO:1901360,GO:1901362,GO:1901564,GO:1901566,GO:1901576,GO:1901657,GO:1901659	ko:K18979	-	ko00000,ko01000,ko03016	DUF1730,Fer4_16
3225	GEA52850.1	1205908.AKXW01000131_gene579	3.31e-108	312.0	COG0802@1|root,COG0802@2|Bacteria,1RGYU@1224|Proteobacteria,1S6IB@1236|Gammaproteobacteria,1XUDS@135623|Vibrionales	ATPase or kinase	yjeE	-	ko:K06925	-	ko00000,ko03016	TsaE
3225	GEA52851.1	1205908.AKXW01000131_gene580	0.0	1013.0	COG0860@1|root,COG1388@1|root,COG0860@2|Bacteria,COG1388@2|Bacteria,1MUQK@1224|Proteobacteria,1RMP1@1236|Gammaproteobacteria,1XU2J@135623|Vibrionales	N-acetylmuramoyl-L-alanine amidase	amiB	-	ko:K01448	ko01503,map01503	ko00000,ko00001,ko00002,ko01000,ko01011,ko03036	AMIN,Amidase_3,LysM
3225	GEA52852.1	1205908.AKXW01000131_gene581	0.0	1084.0	COG0323@1|root,COG0323@2|Bacteria,1MV61@1224|Proteobacteria,1RM89@1236|Gammaproteobacteria,1XTP3@135623|Vibrionales	This protein is involved in the repair of mismatches in DNA. It is required for dam-dependent methyl-directed DNA mismatch repair. May act as a molecular matchmaker , a protein that promotes the formation of a stable complex between two or more DNA-binding proteins in an ATP-dependent manner without itself being part of a final effector complex	mutL	GO:0003674,GO:0003676,GO:0003677,GO:0003697,GO:0003824,GO:0005488,GO:0005575,GO:0005622,GO:0005623,GO:0006139,GO:0006259,GO:0006281,GO:0006298,GO:0006725,GO:0006807,GO:0006950,GO:0006974,GO:0008150,GO:0008152,GO:0009987,GO:0016462,GO:0016787,GO:0016817,GO:0016818,GO:0016887,GO:0017111,GO:0032300,GO:0032991,GO:0033554,GO:0034641,GO:0043170,GO:0044237,GO:0044238,GO:0044260,GO:0044424,GO:0044464,GO:0046483,GO:0050896,GO:0051716,GO:0071704,GO:0090304,GO:0097159,GO:1901360,GO:1901363,GO:1990391	ko:K03572	ko03430,map03430	ko00000,ko00001,ko03400	DNA_mis_repair,HATPase_c_3,MutL_C
3225	GEA52853.1	1205908.AKXW01000131_gene582	3.36e-208	577.0	COG0324@1|root,COG0324@2|Bacteria,1MUB2@1224|Proteobacteria,1RMDU@1236|Gammaproteobacteria,1XSXN@135623|Vibrionales	Catalyzes the transfer of a dimethylallyl group onto the adenine at position 37 in tRNAs that read codons beginning with uridine, leading to the formation of N6-(dimethylallyl)adenosine (i(6)A)	miaA	GO:0003674,GO:0003824,GO:0006139,GO:0006396,GO:0006399,GO:0006400,GO:0006725,GO:0006807,GO:0008033,GO:0008150,GO:0008152,GO:0009451,GO:0009987,GO:0010467,GO:0016070,GO:0016740,GO:0016765,GO:0034470,GO:0034641,GO:0034660,GO:0043170,GO:0043412,GO:0044237,GO:0044238,GO:0046483,GO:0052381,GO:0071704,GO:0090304,GO:0140098,GO:0140101,GO:1901360	ko:K00791	ko00908,ko01100,ko01110,map00908,map01100,map01110	ko00000,ko00001,ko01000,ko01006,ko03016	IPPT
3225	GEA52854.1	1205908.AKXW01000131_gene583	2.17e-52	165.0	COG1923@1|root,COG1923@2|Bacteria,1MZM1@1224|Proteobacteria,1S8W0@1236|Gammaproteobacteria,1XXVV@135623|Vibrionales	RNA chaperone that binds small regulatory RNA (sRNAs) and mRNAs to facilitate mRNA translational regulation in response to envelope stress, environmental stress and changes in metabolite concentrations. Also binds with high specificity to tRNAs	hfq	GO:0003674,GO:0003676,GO:0003723,GO:0005488,GO:0006139,GO:0006378,GO:0006396,GO:0006397,GO:0006725,GO:0006807,GO:0008150,GO:0008152,GO:0009892,GO:0009987,GO:0010467,GO:0010468,GO:0010605,GO:0010608,GO:0010629,GO:0016043,GO:0016070,GO:0016071,GO:0016246,GO:0016441,GO:0016458,GO:0019222,GO:0022607,GO:0022613,GO:0022618,GO:0030423,GO:0031047,GO:0031123,GO:0031124,GO:0034622,GO:0034641,GO:0035194,GO:0040029,GO:0043170,GO:0043631,GO:0043933,GO:0044085,GO:0044237,GO:0044238,GO:0046483,GO:0048519,GO:0050789,GO:0060255,GO:0065003,GO:0065007,GO:0071704,GO:0071826,GO:0071840,GO:0090304,GO:0097159,GO:1901360,GO:1901363	ko:K03666	ko02024,ko03018,ko05111,map02024,map03018,map05111	ko00000,ko00001,ko03019,ko03036	Hfq
3225	GEA52855.1	1205908.AKXW01000131_gene584	5.93e-299	816.0	COG2262@1|root,COG2262@2|Bacteria,1MUA0@1224|Proteobacteria,1RN7V@1236|Gammaproteobacteria,1XUG9@135623|Vibrionales	GTPase that associates with the 50S ribosomal subunit and may have a role during protein synthesis or ribosome biogenesis	hflX	-	ko:K03665	-	ko00000,ko03009	GTP-bdg_M,GTP-bdg_N,MMR_HSR1
3225	GEA52856.1	1205908.AKXW01000131_gene585	3.41e-247	683.0	COG0330@1|root,COG0330@2|Bacteria,1MUM2@1224|Proteobacteria,1RMUG@1236|Gammaproteobacteria,1XU48@135623|Vibrionales	HflC and HflK could encode or regulate a protease	hflK	GO:0003674,GO:0003824,GO:0006508,GO:0006807,GO:0008150,GO:0008152,GO:0008233,GO:0016787,GO:0019538,GO:0043170,GO:0044238,GO:0071704,GO:0140096,GO:1901564	ko:K04088	-	ko00000,ko00002,ko01000	Band_7,HflK_N
3225	GEA52857.1	1205908.AKXW01000131_gene586	1.51e-178	503.0	COG0330@1|root,COG0330@2|Bacteria,1MV7R@1224|Proteobacteria,1RM8Z@1236|Gammaproteobacteria,1XTY8@135623|Vibrionales	HflC and HflK could regulate a protease	hflC	GO:0003674,GO:0003824,GO:0006508,GO:0006807,GO:0008150,GO:0008152,GO:0008233,GO:0016787,GO:0019538,GO:0043170,GO:0044238,GO:0071704,GO:0140096,GO:1901564	ko:K04087	-	ko00000,ko00002,ko01000	Band_7
3225	GEA52858.1	1205908.AKXW01000131_gene587	2.29e-36	122.0	COG3242@1|root,COG3242@2|Bacteria,1N6V7@1224|Proteobacteria,1SCHT@1236|Gammaproteobacteria,1XZ34@135623|Vibrionales	protein conserved in bacteria	C5260	-	ko:K09937	-	ko00000	DUF2065
3225	GEA52859.1	1205908.AKXW01000131_gene588	4.65e-312	850.0	COG0104@1|root,COG0104@2|Bacteria,1MU5B@1224|Proteobacteria,1RNEW@1236|Gammaproteobacteria,1XU7G@135623|Vibrionales	Plays an important role in the de novo pathway of purine nucleotide biosynthesis. Catalyzes the first committed step in the biosynthesis of AMP from IMP	purA	GO:0003674,GO:0003824,GO:0004019,GO:0005575,GO:0005622,GO:0005623,GO:0005737,GO:0006139,GO:0006163,GO:0006164,GO:0006167,GO:0006725,GO:0006753,GO:0006793,GO:0006796,GO:0006807,GO:0008150,GO:0008152,GO:0009058,GO:0009117,GO:0009123,GO:0009124,GO:0009126,GO:0009127,GO:0009150,GO:0009152,GO:0009156,GO:0009161,GO:0009165,GO:0009167,GO:0009168,GO:0009259,GO:0009260,GO:0009987,GO:0016874,GO:0016879,GO:0017144,GO:0018130,GO:0019438,GO:0019637,GO:0019693,GO:0034641,GO:0034654,GO:0044208,GO:0044237,GO:0044238,GO:0044249,GO:0044271,GO:0044281,GO:0044424,GO:0044464,GO:0046033,GO:0046040,GO:0046390,GO:0046483,GO:0055086,GO:0071704,GO:0072521,GO:0072522,GO:0090407,GO:1901135,GO:1901137,GO:1901293,GO:1901360,GO:1901362,GO:1901564,GO:1901566,GO:1901576	ko:K01939	ko00230,ko00250,ko01100,map00230,map00250,map01100	ko00000,ko00001,ko00002,ko01000	Adenylsucc_synt
3225	GEA52860.1	1205908.AKXW01000131_gene589	2.3e-276	756.0	COG1017@1|root,COG1018@1|root,COG1017@2|Bacteria,COG1018@2|Bacteria,1MV41@1224|Proteobacteria,1RMPJ@1236|Gammaproteobacteria,1XU5S@135623|Vibrionales	Is involved in NO detoxification in an aerobic process, termed nitric oxide dioxygenase (NOD) reaction that utilizes O(2) and NAD(P)H to convert NO to nitrate, which protects the bacterium from various noxious nitrogen compounds. Therefore, plays a central role in the inducible response to nitrosative stress	hmp	GO:0000166,GO:0001505,GO:0003674,GO:0003824,GO:0004155,GO:0005488,GO:0005575,GO:0005622,GO:0005623,GO:0006807,GO:0006873,GO:0006875,GO:0006879,GO:0006950,GO:0008150,GO:0008152,GO:0008941,GO:0009056,GO:0009987,GO:0016491,GO:0016645,GO:0016646,GO:0016705,GO:0016708,GO:0017144,GO:0019725,GO:0030003,GO:0033554,GO:0034641,GO:0036094,GO:0042133,GO:0042135,GO:0042592,GO:0042737,GO:0043167,GO:0043168,GO:0044237,GO:0044248,GO:0044270,GO:0044464,GO:0046209,GO:0046210,GO:0046916,GO:0048037,GO:0048878,GO:0050660,GO:0050662,GO:0050801,GO:0050896,GO:0051213,GO:0051409,GO:0051716,GO:0055065,GO:0055072,GO:0055076,GO:0055080,GO:0055082,GO:0055114,GO:0065007,GO:0065008,GO:0071500,GO:0071949,GO:0072593,GO:0097159,GO:0098771,GO:1901265,GO:1901363,GO:2001057	ko:K05916	ko05132,map05132	ko00000,ko00001,ko01000	FAD_binding_6,Globin,NAD_binding_1
3225	GEA52861.1	1205908.AKXW01000131_gene590	3.98e-92	270.0	COG1959@1|root,COG1959@2|Bacteria,1N05H@1224|Proteobacteria,1S8SJ@1236|Gammaproteobacteria,1XX3V@135623|Vibrionales	Nitric oxide-sensitive repressor of genes involved in protecting the cell against nitrosative stress. May require iron for activity	nsrR	GO:0000976,GO:0001067,GO:0001130,GO:0001217,GO:0003674,GO:0003676,GO:0003677,GO:0003690,GO:0003700,GO:0005488,GO:0005575,GO:0006355,GO:0008150,GO:0009889,GO:0009890,GO:0009892,GO:0010468,GO:0010556,GO:0010558,GO:0010605,GO:0010629,GO:0019219,GO:0019222,GO:0031323,GO:0031324,GO:0031326,GO:0031327,GO:0032991,GO:0032993,GO:0043565,GO:0044212,GO:0045892,GO:0045934,GO:0048519,GO:0048523,GO:0050789,GO:0050794,GO:0051171,GO:0051172,GO:0051252,GO:0051253,GO:0060255,GO:0065007,GO:0080090,GO:0097159,GO:0140110,GO:1901363,GO:1902679,GO:1903506,GO:1903507,GO:1990837,GO:2000112,GO:2000113,GO:2001141	ko:K13771	ko05132,map05132	ko00000,ko00001,ko03000	Rrf2
3225	GEA52862.1	1205908.AKXW01000131_gene591	0.0	1564.0	COG0557@1|root,COG0557@2|Bacteria,1MUS6@1224|Proteobacteria,1RMQE@1236|Gammaproteobacteria,1XTHJ@135623|Vibrionales	3'-5' exoribonuclease that releases 5'-nucleoside monophosphates and is involved in maturation of structured RNAs	rnr	GO:0003674,GO:0003824,GO:0004518,GO:0004540,GO:0006139,GO:0006396,GO:0006725,GO:0006807,GO:0008150,GO:0008152,GO:0008997,GO:0009987,GO:0010467,GO:0016070,GO:0016787,GO:0016788,GO:0034641,GO:0043170,GO:0044237,GO:0044238,GO:0046483,GO:0071704,GO:0090304,GO:0090305,GO:0090501,GO:0140098,GO:1901360	ko:K12573	ko03018,map03018	ko00000,ko00001,ko01000,ko03016,ko03019	HTH_12,OB_RNB,RNB,S1
3225	GEA52863.1	1205908.AKXW01000131_gene592	1.8e-164	461.0	COG0566@1|root,COG0566@2|Bacteria,1MWCM@1224|Proteobacteria,1RN2F@1236|Gammaproteobacteria,1XU81@135623|Vibrionales	Specifically methylates the ribose of guanosine 2251 in 23S rRNA	rlmB	GO:0000154,GO:0000451,GO:0000453,GO:0001510,GO:0003674,GO:0003824,GO:0005575,GO:0005622,GO:0005623,GO:0005737,GO:0005829,GO:0006139,GO:0006364,GO:0006396,GO:0006725,GO:0006807,GO:0008150,GO:0008152,GO:0008168,GO:0008171,GO:0008173,GO:0008649,GO:0008757,GO:0009451,GO:0009987,GO:0010467,GO:0016070,GO:0016072,GO:0016435,GO:0016740,GO:0016741,GO:0022613,GO:0031167,GO:0032259,GO:0034470,GO:0034641,GO:0034660,GO:0042254,GO:0043170,GO:0043412,GO:0043414,GO:0044085,GO:0044237,GO:0044238,GO:0044260,GO:0044424,GO:0044444,GO:0044464,GO:0046483,GO:0070039,GO:0071704,GO:0071840,GO:0090304,GO:0140098,GO:0140102,GO:1901360	ko:K03218	-	ko00000,ko01000,ko03009	SpoU_methylase,SpoU_sub_bind
3225	GEA52864.1	1205908.AKXW01000131_gene593	5.36e-09	56.6	COG0778@1|root,COG0778@2|Bacteria,1NIJ8@1224|Proteobacteria,1RMRT@1236|Gammaproteobacteria,1XTEA@135623|Vibrionales	NAD(P)h-flavin oxidoreductase	-	-	ko:K19285	ko00740,ko01100,map00740,map01100	ko00000,ko00001,ko01000	Nitroreductase
3225	GEA52865.1	1219072.VHA01S_059_00160	1.1e-81	242.0	COG0360@1|root,COG0360@2|Bacteria,1RH82@1224|Proteobacteria,1S5VU@1236|Gammaproteobacteria,1XWUY@135623|Vibrionales	Binds together with S18 to 16S ribosomal RNA	rpsF	GO:0003674,GO:0003676,GO:0003723,GO:0003735,GO:0005198,GO:0005488,GO:0005575,GO:0005622,GO:0005623,GO:0005737,GO:0005829,GO:0005840,GO:0006412,GO:0006518,GO:0006807,GO:0008150,GO:0008152,GO:0009058,GO:0009059,GO:0009987,GO:0010467,GO:0015935,GO:0019538,GO:0019843,GO:0022626,GO:0022627,GO:0032991,GO:0034641,GO:0034645,GO:0043043,GO:0043170,GO:0043226,GO:0043228,GO:0043229,GO:0043232,GO:0043603,GO:0043604,GO:0044237,GO:0044238,GO:0044249,GO:0044260,GO:0044267,GO:0044271,GO:0044391,GO:0044422,GO:0044424,GO:0044444,GO:0044445,GO:0044446,GO:0044464,GO:0070181,GO:0071704,GO:0097159,GO:1901363,GO:1901564,GO:1901566,GO:1901576,GO:1990904	ko:K02990	ko03010,map03010	br01610,ko00000,ko00001,ko00002,ko03011,ko03029	Ribosomal_S6
3225	GEA52866.1	1205908.AKXW01000131_gene595	4.68e-67	203.0	COG2965@1|root,COG2965@2|Bacteria,1RHIE@1224|Proteobacteria,1S6H5@1236|Gammaproteobacteria,1XXV4@135623|Vibrionales	Binds single-stranded DNA at the primosome assembly site (PAS)	priB	GO:0000228,GO:0000428,GO:0005575,GO:0005622,GO:0005623,GO:0005634,GO:0005657,GO:0005658,GO:0005694,GO:0006139,GO:0006259,GO:0006260,GO:0006261,GO:0006269,GO:0006725,GO:0006807,GO:0008150,GO:0008152,GO:0009058,GO:0009059,GO:0009987,GO:0016070,GO:0018130,GO:0019438,GO:0030880,GO:0030894,GO:0031974,GO:0031981,GO:0032774,GO:0032991,GO:0032993,GO:0034641,GO:0034645,GO:0034654,GO:0043170,GO:0043226,GO:0043227,GO:0043228,GO:0043229,GO:0043231,GO:0043232,GO:0043233,GO:0043596,GO:0043601,GO:0044237,GO:0044238,GO:0044249,GO:0044260,GO:0044271,GO:0044422,GO:0044424,GO:0044427,GO:0044428,GO:0044446,GO:0044454,GO:0044464,GO:0046483,GO:0055029,GO:0061695,GO:0070013,GO:0071704,GO:0090304,GO:1901360,GO:1901362,GO:1901576,GO:1902494,GO:1990234	ko:K02686	ko03440,map03440	ko00000,ko00001,ko03400	SSB
3225	GEA52867.1	1051646.VITU9109_07901	3.61e-46	148.0	COG0238@1|root,COG0238@2|Bacteria,1MZ8U@1224|Proteobacteria,1S8R8@1236|Gammaproteobacteria,1XY1I@135623|Vibrionales	Binds as a heterodimer with protein S6 to the central domain of the 16S rRNA, where it helps stabilize the platform of the 30S subunit	rpsR	GO:0003674,GO:0003735,GO:0005198,GO:0005575,GO:0005622,GO:0005623,GO:0005737,GO:0005829,GO:0005840,GO:0006412,GO:0006518,GO:0006807,GO:0008150,GO:0008152,GO:0009058,GO:0009059,GO:0009987,GO:0010467,GO:0015935,GO:0019538,GO:0022626,GO:0022627,GO:0032991,GO:0034641,GO:0034645,GO:0043043,GO:0043170,GO:0043226,GO:0043228,GO:0043229,GO:0043232,GO:0043603,GO:0043604,GO:0044237,GO:0044238,GO:0044249,GO:0044260,GO:0044267,GO:0044271,GO:0044391,GO:0044422,GO:0044424,GO:0044444,GO:0044445,GO:0044446,GO:0044464,GO:0071704,GO:1901564,GO:1901566,GO:1901576,GO:1990904	ko:K02963	ko03010,map03010	br01610,ko00000,ko00001,ko00002,ko03011	Ribosomal_S18
3225	GEA52868.1	1205908.AKXW01000131_gene597	2.14e-89	263.0	COG0359@1|root,COG0359@2|Bacteria,1RD0R@1224|Proteobacteria,1S3WS@1236|Gammaproteobacteria,1XU9I@135623|Vibrionales	Binds to the 23S rRNA	rplI	GO:0003674,GO:0003676,GO:0003723,GO:0003735,GO:0005198,GO:0005488,GO:0005575,GO:0005622,GO:0005623,GO:0005737,GO:0005829,GO:0005840,GO:0006412,GO:0006518,GO:0006807,GO:0008150,GO:0008152,GO:0009058,GO:0009059,GO:0009987,GO:0010467,GO:0015934,GO:0019538,GO:0022625,GO:0022626,GO:0032991,GO:0034641,GO:0034645,GO:0043043,GO:0043170,GO:0043226,GO:0043228,GO:0043229,GO:0043232,GO:0043603,GO:0043604,GO:0044237,GO:0044238,GO:0044249,GO:0044260,GO:0044267,GO:0044271,GO:0044391,GO:0044422,GO:0044424,GO:0044444,GO:0044445,GO:0044446,GO:0044464,GO:0071704,GO:0097159,GO:1901363,GO:1901564,GO:1901566,GO:1901576,GO:1990904	ko:K02939	ko03010,map03010	br01610,ko00000,ko00001,ko00002,ko03011	Ribosomal_L9_C,Ribosomal_L9_N
3225	GEA52869.1	1205908.AKXW01000131_gene598	3.18e-151	427.0	COG3137@1|root,COG3137@2|Bacteria,1N9KB@1224|Proteobacteria,1THEB@1236|Gammaproteobacteria,1XUUB@135623|Vibrionales	salt-induced outer membrane protein	VP2736	-	ko:K07283	-	ko00000	DUF481
3225	GEA52870.1	1205908.AKXW01000131_gene599	0.0	882.0	COG0305@1|root,COG0305@2|Bacteria,1MUG9@1224|Proteobacteria,1RPM2@1236|Gammaproteobacteria,1XTT6@135623|Vibrionales	it exhibits DNA-dependent ATPase activity and contains distinct active sites for ATP binding, DNA binding, and interaction with DnaC protein, primase, and other prepriming proteins	dnaB	-	ko:K02314	ko03030,ko04112,map03030,map04112	ko00000,ko00001,ko01000,ko03032	DnaB,DnaB_C
3225	GEA52871.1	1205908.AKXW01000131_gene600	1.24e-258	709.0	COG0787@1|root,COG0787@2|Bacteria,1MV0Q@1224|Proteobacteria,1RM8U@1236|Gammaproteobacteria,1XSJM@135623|Vibrionales	Catalyzes the interconversion of L-alanine and D- alanine. May also act on other amino acids	alr	GO:0000270,GO:0003674,GO:0003824,GO:0006022,GO:0006023,GO:0006024,GO:0006807,GO:0008150,GO:0008152,GO:0008784,GO:0009058,GO:0009059,GO:0009252,GO:0009273,GO:0009987,GO:0016853,GO:0016854,GO:0016855,GO:0030203,GO:0034645,GO:0036361,GO:0042546,GO:0043170,GO:0044036,GO:0044038,GO:0044085,GO:0044237,GO:0044249,GO:0044260,GO:0047661,GO:0070589,GO:0071554,GO:0071704,GO:0071840,GO:1901135,GO:1901137,GO:1901564,GO:1901566,GO:1901576	ko:K01775	ko00473,ko01100,ko01502,map00473,map01100,map01502	ko00000,ko00001,ko01000,ko01011	Ala_racemase_C,Ala_racemase_N
3225	GEA52872.1	1205908.AKXW01000131_gene601	0.0	1097.0	COG0166@1|root,COG0166@2|Bacteria,1MUFP@1224|Proteobacteria,1RNIT@1236|Gammaproteobacteria,1XT97@135623|Vibrionales	Belongs to the GPI family	pgi	GO:0003674,GO:0003824,GO:0004347,GO:0005975,GO:0006082,GO:0006090,GO:0006091,GO:0006096,GO:0006139,GO:0006163,GO:0006164,GO:0006165,GO:0006725,GO:0006732,GO:0006733,GO:0006753,GO:0006754,GO:0006757,GO:0006793,GO:0006796,GO:0006807,GO:0008150,GO:0008152,GO:0009056,GO:0009058,GO:0009108,GO:0009117,GO:0009123,GO:0009124,GO:0009126,GO:0009127,GO:0009132,GO:0009135,GO:0009141,GO:0009142,GO:0009144,GO:0009145,GO:0009150,GO:0009152,GO:0009156,GO:0009161,GO:0009165,GO:0009166,GO:0009167,GO:0009168,GO:0009179,GO:0009185,GO:0009199,GO:0009201,GO:0009205,GO:0009206,GO:0009259,GO:0009260,GO:0009987,GO:0016052,GO:0016053,GO:0016310,GO:0016853,GO:0016860,GO:0016861,GO:0017144,GO:0018130,GO:0019359,GO:0019362,GO:0019363,GO:0019438,GO:0019439,GO:0019637,GO:0019693,GO:0019752,GO:0032787,GO:0034404,GO:0034641,GO:0034654,GO:0034655,GO:0042866,GO:0043436,GO:0044237,GO:0044238,GO:0044248,GO:0044249,GO:0044270,GO:0044271,GO:0044281,GO:0044283,GO:0046031,GO:0046034,GO:0046390,GO:0046394,GO:0046434,GO:0046483,GO:0046496,GO:0046700,GO:0046939,GO:0051186,GO:0051188,GO:0055086,GO:0071704,GO:0072330,GO:0072521,GO:0072522,GO:0072524,GO:0072525,GO:0090407,GO:1901135,GO:1901137,GO:1901292,GO:1901293,GO:1901360,GO:1901361,GO:1901362,GO:1901564,GO:1901566,GO:1901575,GO:1901576	ko:K01810	ko00010,ko00030,ko00500,ko00520,ko01100,ko01110,ko01120,ko01130,ko01200,map00010,map00030,map00500,map00520,map01100,map01110,map01120,map01130,map01200	ko00000,ko00001,ko00002,ko01000,ko04147	PGI
3225	GEA52873.1	1205908.AKXW01000131_gene602	2.57e-211	585.0	COG0042@1|root,COG0042@2|Bacteria,1MUY1@1224|Proteobacteria,1RN28@1236|Gammaproteobacteria,1XUYB@135623|Vibrionales	Catalyzes the synthesis of 5,6-dihydrouridine (D), a modified base found in the D-loop of most tRNAs, via the reduction of the C5-C6 double bond in target uridines. Specifically modifies U20 and U20a in tRNAs	dusA	-	ko:K05539	-	ko00000,ko01000,ko03016	Dus
3225	GEA52874.1	1205908.AKXW01000131_gene603	1.71e-32	113.0	2AWUT@1|root,31NS1@2|Bacteria,1QKG7@1224|Proteobacteria,1TIK9@1236|Gammaproteobacteria,1XZ9X@135623|Vibrionales	Phage shock protein G (Phageshock_PspG)	-	-	-	-	-	Phageshock_PspG
3225	GEA52875.1	1205908.AKXW01000131_gene604	2.41e-156	438.0	COG3637@1|root,COG3637@2|Bacteria,1R3QN@1224|Proteobacteria,1RY3J@1236|Gammaproteobacteria,1XUQF@135623|Vibrionales	Has lipid A 3-O-deacylase activity. Hydrolyzes the ester bond at the 3 position of lipid A, a bioactive component of lipopolysaccharide (LPS), thereby releasing the primary fatty acyl moiety	SO3905	-	-	-	-	OMP_b-brl
3225	GEA52876.1	1205908.AKXW01000131_gene605	2.25e-45	146.0	2C2GZ@1|root,2ZHSS@2|Bacteria,1P942@1224|Proteobacteria,1STTI@1236|Gammaproteobacteria,1XYB8@135623|Vibrionales	-	VV2968	-	-	-	-	-
3225	GEA52877.1	1205908.AKXW01000131_gene606	0.0	1117.0	COG0369@1|root,COG0369@2|Bacteria,1QUAH@1224|Proteobacteria,1T1RJ@1236|Gammaproteobacteria,1XT6J@135623|Vibrionales	Component of the sulfite reductase complex that catalyzes the 6-electron reduction of sulfite to sulfide. This is one of several activities required for the biosynthesis of L- cysteine from sulfate. The flavoprotein component catalyzes the electron flow from NADPH - FAD - FMN to the hemoprotein component	cysJ	-	ko:K00380	ko00920,ko01100,ko01120,map00920,map01100,map01120	ko00000,ko00001,ko00002,ko01000	FAD_binding_1,Flavodoxin_1,NAD_binding_1
3225	GEA52878.1	1205908.AKXW01000131_gene607	0.0	1115.0	COG0155@1|root,COG0155@2|Bacteria,1MVVB@1224|Proteobacteria,1RMFH@1236|Gammaproteobacteria,1XTQM@135623|Vibrionales	Component of the sulfite reductase complex that catalyzes the 6-electron reduction of sulfite to sulfide. This is one of several activities required for the biosynthesis of L- cysteine from sulfate	cysI	GO:0003674,GO:0003824,GO:0004783,GO:0005575,GO:0005622,GO:0005623,GO:0006790,GO:0008150,GO:0008152,GO:0009337,GO:0009987,GO:0016002,GO:0016491,GO:0016651,GO:0016667,GO:0016668,GO:0016673,GO:0019419,GO:0032991,GO:0044237,GO:0044424,GO:0044464,GO:0050311,GO:0055114	ko:K00381	ko00920,ko01100,ko01120,map00920,map01100,map01120	ko00000,ko00001,ko00002,ko01000	NIR_SIR,NIR_SIR_ferr
3225	GEA52879.1	1205908.AKXW01000131_gene608	1.23e-177	495.0	COG0175@1|root,COG0175@2|Bacteria,1MXUR@1224|Proteobacteria,1RNC5@1236|Gammaproteobacteria,1XTU8@135623|Vibrionales	Belongs to the PAPS reductase family. CysH subfamily	cysH	GO:0003674,GO:0003824,GO:0004604,GO:0005575,GO:0005622,GO:0005623,GO:0005737,GO:0006790,GO:0008150,GO:0008152,GO:0009987,GO:0016491,GO:0016667,GO:0016671,GO:0044237,GO:0044424,GO:0044464,GO:0055114	ko:K00390	ko00920,ko01100,ko01120,map00920,map01100,map01120	ko00000,ko00001,ko00002,ko01000	PAPS_reduct
3225	GEA52880.1	1205908.AKXW01000115_gene1508	4.31e-86	256.0	COG0724@1|root,COG0724@2|Bacteria,1N0P8@1224|Proteobacteria,1S987@1236|Gammaproteobacteria,1XWU8@135623|Vibrionales	COG0724 RNA-binding proteins (RRM domain)	-	-	-	-	-	RRM_1
3225	GEA52881.1	1205908.AKXW01000115_gene1507	1.77e-158	447.0	COG0796@1|root,COG0796@2|Bacteria,1NAI2@1224|Proteobacteria,1RPU9@1236|Gammaproteobacteria,1XTNA@135623|Vibrionales	Provides the (R)-glutamate required for cell wall biosynthesis	murI	GO:0000270,GO:0003674,GO:0003824,GO:0006022,GO:0006023,GO:0006024,GO:0006807,GO:0008150,GO:0008152,GO:0008881,GO:0009058,GO:0009059,GO:0009252,GO:0009273,GO:0009987,GO:0016853,GO:0016854,GO:0016855,GO:0030203,GO:0034645,GO:0036361,GO:0042546,GO:0043170,GO:0044036,GO:0044038,GO:0044085,GO:0044237,GO:0044249,GO:0044260,GO:0047661,GO:0070589,GO:0071554,GO:0071704,GO:0071840,GO:1901135,GO:1901137,GO:1901564,GO:1901566,GO:1901576	ko:K01776	ko00471,ko01100,map00471,map01100	ko00000,ko00001,ko01000,ko01011	Asp_Glu_race
3225	GEA52882.1	1205908.AKXW01000115_gene1506	5.96e-264	723.0	COG2265@1|root,COG2265@2|Bacteria,1MY45@1224|Proteobacteria,1RN2B@1236|Gammaproteobacteria,1XSB1@135623|Vibrionales	Dual-specificity methyltransferase that catalyzes the formation of 5-methyluridine at position 54 (m5U54) in all tRNAs, and that of position 341 (m5U341) in tmRNA (transfer-mRNA)	trmA	GO:0006139,GO:0006396,GO:0006399,GO:0006400,GO:0006725,GO:0006807,GO:0008033,GO:0008150,GO:0008152,GO:0009451,GO:0009987,GO:0010467,GO:0016070,GO:0034470,GO:0034641,GO:0034660,GO:0043170,GO:0043412,GO:0044237,GO:0044238,GO:0046483,GO:0071704,GO:0090304,GO:1901360	ko:K00557	-	ko00000,ko01000,ko03016	tRNA_U5-meth_tr
3225	GEA52883.1	1205908.AKXW01000115_gene1505	6.59e-76	227.0	2ARMX@1|root,31GYK@2|Bacteria,1RH5N@1224|Proteobacteria,1S68Y@1236|Gammaproteobacteria,1XXAD@135623|Vibrionales	Protein of unknown function (DUF1422)	yijD	-	-	-	-	DUF1422
3225	GEA52884.1	1205908.AKXW01000115_gene1504	4.66e-133	378.0	COG1309@1|root,COG1309@2|Bacteria,1MUJ5@1224|Proteobacteria,1RN9W@1236|Gammaproteobacteria,1XUMQ@135623|Vibrionales	Transcriptional regulator	fabR	-	ko:K22105	-	ko00000,ko03000	TetR_N
3225	GEA52885.1	1205908.AKXW01000115_gene1503	0.0	915.0	COG1249@1|root,COG1249@2|Bacteria,1MVVE@1224|Proteobacteria,1RMJT@1236|Gammaproteobacteria,1XSSW@135623|Vibrionales	Conversion of NADPH, generated by peripheral catabolic pathways, to NADH, which can enter the respiratory chain for energy generation	sthA	GO:0003674,GO:0003824,GO:0003957,GO:0005215,GO:0006810,GO:0006811,GO:0006812,GO:0008150,GO:0008152,GO:0008324,GO:0008746,GO:0015075,GO:0015077,GO:0015078,GO:0015318,GO:0015672,GO:0016491,GO:0016651,GO:0016652,GO:0022857,GO:0022890,GO:0034220,GO:0051179,GO:0051234,GO:0055085,GO:0055114,GO:0098655,GO:0098660,GO:0098662,GO:1902600	ko:K00322	ko00760,ko01100,map00760,map01100	ko00000,ko00001,ko01000	Pyr_redox_2,Pyr_redox_dim
3225	GEA52886.1	1205908.AKXW01000115_gene1502	2.36e-305	835.0	COG0534@1|root,COG0534@2|Bacteria,1MV6B@1224|Proteobacteria,1RPGF@1236|Gammaproteobacteria,1XSWY@135623|Vibrionales	Na driven multidrug efflux pump	dinF	-	ko:K03327	-	ko00000,ko02000	MatE
3225	GEA52887.1	1205908.AKXW01000115_gene1501	6.65e-138	390.0	COG1974@1|root,COG1974@2|Bacteria,1MW80@1224|Proteobacteria,1RMXF@1236|Gammaproteobacteria,1XV2V@135623|Vibrionales	Represses a number of genes involved in the response to DNA damage (SOS response), including recA and lexA. In the presence of single-stranded DNA, RecA interacts with LexA causing an autocatalytic cleavage which disrupts the DNA-binding part of LexA, leading to derepression of the SOS regulon and eventually DNA repair	lexA	GO:0000976,GO:0001067,GO:0001130,GO:0001217,GO:0003674,GO:0003676,GO:0003677,GO:0003690,GO:0003700,GO:0005488,GO:0005575,GO:0006282,GO:0006355,GO:0008150,GO:0009889,GO:0009890,GO:0009892,GO:0010468,GO:0010556,GO:0010558,GO:0010605,GO:0010629,GO:0019219,GO:0019222,GO:0031323,GO:0031324,GO:0031326,GO:0031327,GO:0032991,GO:0032993,GO:0043565,GO:0044212,GO:0045892,GO:0045934,GO:0048519,GO:0048523,GO:0048583,GO:0050789,GO:0050794,GO:0051052,GO:0051171,GO:0051172,GO:0051252,GO:0051253,GO:0060255,GO:0065007,GO:0080090,GO:0080134,GO:0080135,GO:0097159,GO:0140110,GO:1901363,GO:1902679,GO:1903506,GO:1903507,GO:1990837,GO:2000112,GO:2000113,GO:2001020,GO:2001141	ko:K01356	-	ko00000,ko00002,ko01000,ko01002,ko03400	LexA_DNA_bind,Peptidase_S24
3225	GEA52888.1	1205908.AKXW01000115_gene1500	6.61e-71	214.0	COG0818@1|root,COG0818@2|Bacteria,1MZ3Q@1224|Proteobacteria,1S92I@1236|Gammaproteobacteria,1XXSV@135623|Vibrionales	Recycling of diacylglycerol produced during the turnover of membrane phospholipid	dgkA	-	ko:K00901	ko00561,ko00564,ko01100,ko01110,ko04070,ko04072,ko05231,map00561,map00564,map01100,map01110,map04070,map04072,map05231	ko00000,ko00001,ko01000	DAGK_prokar
3225	GEA52889.1	1205908.AKXW01000115_gene1499	0.0	1529.0	COG2937@1|root,COG2937@2|Bacteria,1MWZ6@1224|Proteobacteria,1RM7K@1236|Gammaproteobacteria,1XUC5@135623|Vibrionales	Belongs to the GPAT DAPAT family	plsB	GO:0003674,GO:0003824,GO:0004366,GO:0006629,GO:0006644,GO:0006793,GO:0006796,GO:0008150,GO:0008152,GO:0008374,GO:0008610,GO:0008654,GO:0009058,GO:0009987,GO:0016740,GO:0016746,GO:0016747,GO:0019637,GO:0044237,GO:0044238,GO:0044249,GO:0044255,GO:0071704,GO:0090407,GO:1901576	ko:K00631	ko00561,ko00564,ko01100,ko01110,map00561,map00564,map01100,map01110	ko00000,ko00001,ko00002,ko01000,ko01004	Acyltransferase
3225	GEA52890.1	1205908.AKXW01000094_gene2382	5.73e-186	518.0	COG0382@1|root,COG0382@2|Bacteria,1MV4Q@1224|Proteobacteria,1RMZ1@1236|Gammaproteobacteria,1XT4I@135623|Vibrionales	Catalyzes the prenylation of para-hydroxybenzoate (PHB) with an all-trans polyprenyl group. Mediates the second step in the final reaction sequence of ubiquinone-8 (UQ-8) biosynthesis, which is the condensation of the polyisoprenoid side chain with PHB, generating the first membrane-bound Q intermediate 3- octaprenyl-4-hydroxybenzoate	ubiA	GO:0002094,GO:0003674,GO:0003824,GO:0004659,GO:0006732,GO:0006733,GO:0006743,GO:0006744,GO:0008150,GO:0008152,GO:0008412,GO:0009058,GO:0009108,GO:0009987,GO:0016740,GO:0016765,GO:0042180,GO:0042181,GO:0044237,GO:0044249,GO:0044281,GO:0044283,GO:0051186,GO:0051188,GO:0071704,GO:1901576,GO:1901661,GO:1901663	ko:K03179	ko00130,ko01100,ko01110,map00130,map01100,map01110	ko00000,ko00001,ko00002,ko01000,ko01006	UbiA
3225	GEA52891.1	1205908.AKXW01000094_gene2381	6.84e-121	345.0	COG3161@1|root,COG3161@2|Bacteria,1N8BF@1224|Proteobacteria,1S6A0@1236|Gammaproteobacteria,1XWEG@135623|Vibrionales	Removes the pyruvyl group from chorismate, with concomitant aromatization of the ring, to provide 4- hydroxybenzoate (4HB) for the ubiquinone pathway	ubiC	GO:0003674,GO:0003824,GO:0006732,GO:0006733,GO:0006743,GO:0006744,GO:0008150,GO:0008152,GO:0008813,GO:0009058,GO:0009108,GO:0009987,GO:0016829,GO:0016830,GO:0016833,GO:0042180,GO:0042181,GO:0044237,GO:0044249,GO:0044281,GO:0044283,GO:0051186,GO:0051188,GO:0071704,GO:1901576,GO:1901661,GO:1901663	ko:K03181	ko00130,ko01100,ko01110,map00130,map01100,map01110	ko00000,ko00001,ko00002,ko01000	Chor_lyase
3225	GEA52892.1	1205908.AKXW01000094_gene2380	6.12e-193	536.0	COG0705@1|root,COG0705@2|Bacteria,1MYPM@1224|Proteobacteria,1RN1K@1236|Gammaproteobacteria,1XSZ8@135623|Vibrionales	membrane protein (homolog of Drosophila rhomboid)	glpG	-	ko:K02441	-	ko00000	Rhomboid,Rhomboid_N
3225	GEA52893.1	1205908.AKXW01000094_gene2379	1.64e-68	207.0	COG0607@1|root,COG0607@2|Bacteria,1MZPW@1224|Proteobacteria,1S94C@1236|Gammaproteobacteria,1XXT2@135623|Vibrionales	Catalyzes, although with low efficiency, the sulfur transfer reaction from thiosulfate to cyanide	glpE	GO:0003674,GO:0003824	ko:K02439	ko00920,ko01110,ko01120,map00920,map01110,map01120	ko00000,ko00001,ko01000	Rhodanese
3225	GEA52894.1	1205908.AKXW01000094_gene2378	8.4e-191	531.0	COG0568@1|root,COG0568@2|Bacteria,1MVWR@1224|Proteobacteria,1RMFR@1236|Gammaproteobacteria,1XTFM@135623|Vibrionales	RNA polymerase sigma	rpoH	GO:0000988,GO:0000990,GO:0003674,GO:0003676,GO:0003677,GO:0005488,GO:0005575,GO:0005622,GO:0005623,GO:0005737,GO:0005829,GO:0005886,GO:0006139,GO:0006351,GO:0006352,GO:0006355,GO:0006725,GO:0006807,GO:0008150,GO:0008152,GO:0009058,GO:0009059,GO:0009889,GO:0009987,GO:0010467,GO:0010468,GO:0010556,GO:0016020,GO:0016070,GO:0016987,GO:0018130,GO:0019219,GO:0019222,GO:0019438,GO:0031323,GO:0031326,GO:0032774,GO:0034641,GO:0034645,GO:0034654,GO:0043170,GO:0043254,GO:0044087,GO:0044237,GO:0044238,GO:0044249,GO:0044260,GO:0044271,GO:0044424,GO:0044444,GO:0044464,GO:0046483,GO:0050789,GO:0050794,GO:0051128,GO:0051171,GO:0051252,GO:0060255,GO:0065007,GO:0071704,GO:0071944,GO:0080090,GO:0090304,GO:0097159,GO:0097659,GO:0140110,GO:1901360,GO:1901362,GO:1901363,GO:1901576,GO:1903506,GO:2000112,GO:2000142,GO:2001141	ko:K03089	-	ko00000,ko03021	Sigma70_r1_2,Sigma70_r2,Sigma70_r4
3225	GEA52895.1	1205908.AKXW01000094_gene2377	6.73e-197	548.0	COG2177@1|root,COG2177@2|Bacteria,1MU65@1224|Proteobacteria,1RYBV@1236|Gammaproteobacteria,1XUCE@135623|Vibrionales	Part of the ABC transporter FtsEX involved in cellular division	ftsX	-	ko:K09811	ko02010,map02010	ko00000,ko00001,ko00002,ko02000,ko03036	FtsX
3225	GEA52896.1	1205908.AKXW01000094_gene2376	6.12e-157	440.0	COG2884@1|root,COG2884@2|Bacteria,1MVQ4@1224|Proteobacteria,1RMZA@1236|Gammaproteobacteria,1XSS6@135623|Vibrionales	Cell division ATP-binding protein FtsE	ftsE	-	ko:K09812	ko02010,map02010	ko00000,ko00001,ko00002,ko02000,ko03036	ABC_tran
3225	GEA52897.1	1205908.AKXW01000094_gene2375	1.65e-224	626.0	COG0552@1|root,COG0552@2|Bacteria,1MUDU@1224|Proteobacteria,1RNIN@1236|Gammaproteobacteria,1XUBA@135623|Vibrionales	Involved in targeting and insertion of nascent membrane proteins into the cytoplasmic membrane. Acts as a receptor for the complex formed by the signal recognition particle (SRP) and the ribosome-nascent chain (RNC). Interaction with SRP-RNC leads to the transfer of the RNC complex to the Sec translocase for insertion into the membrane, the hydrolysis of GTP by both Ffh and FtsY, and the dissociation of the SRP-FtsY complex into the individual components	ftsY	-	ko:K03110	ko02024,ko03060,ko03070,map02024,map03060,map03070	ko00000,ko00001,ko00002,ko02044	SRP54,SRP54_N
3225	GEA52898.1	1205908.AKXW01000094_gene2374	3.51e-95	280.0	COG0742@1|root,COG0742@2|Bacteria,1MXKW@1224|Proteobacteria,1RN21@1236|Gammaproteobacteria,1XTTV@135623|Vibrionales	Specifically methylates the guanine in position 966 of 16S rRNA in the assembled 30S particle	rsmD	-	ko:K08316	-	ko00000,ko01000,ko03009	Cons_hypoth95
3225	GEA52899.1	1205908.AKXW01000094_gene2373	2.79e-54	170.0	COG3776@1|root,COG3776@2|Bacteria,1NGTV@1224|Proteobacteria,1SGYB@1236|Gammaproteobacteria,1XYBG@135623|Vibrionales	membrane	-	-	ko:K08993	-	ko00000	DUF1145
3225	GEA52900.1	1205908.AKXW01000104_gene1350	4.72e-93	271.0	COG3245@1|root,COG3245@2|Bacteria,1MZBZ@1224|Proteobacteria,1S9Z9@1236|Gammaproteobacteria,1XX0W@135623|Vibrionales	cytochrome c5	cycB	-	-	-	-	Cytochrome_CBB3
3225	GEA52901.1	1219080.VEZ01S_57_00080	0.0	1298.0	COG0210@1|root,COG0210@2|Bacteria,1MU0G@1224|Proteobacteria,1RNJI@1236|Gammaproteobacteria,1XTFN@135623|Vibrionales	it can initiate unwinding at a nick in the DNA. It binds to the single-stranded DNA and acts in a progressive fashion along the DNA in the 3' to 5' direction	rep	-	ko:K03656	-	ko00000,ko01000,ko03400	UvrD-helicase,UvrD_C
3225	GEA52902.1	1205908.AKXW01000104_gene1348	1.52e-122	350.0	COG1309@1|root,COG1309@2|Bacteria,1N0GT@1224|Proteobacteria,1SA00@1236|Gammaproteobacteria,1XVJ8@135623|Vibrionales	Transcriptional regulator	-	-	ko:K18136	ko01501,map01501	ko00000,ko00001,ko03000	TetR_C_10,TetR_N
3225	GEA52903.1	1205908.AKXW01000104_gene1347	3.74e-245	675.0	COG0845@1|root,COG0845@2|Bacteria,1MUFW@1224|Proteobacteria,1RQJ9@1236|Gammaproteobacteria,1XT7F@135623|Vibrionales	Belongs to the membrane fusion protein (MFP) (TC 8.A.1) family	-	-	ko:K03585	ko01501,ko01503,map01501,map01503	ko00000,ko00001,ko00002,ko01504,ko02000,ko03036	HlyD_D23
3225	GEA52904.1	1205908.AKXW01000104_gene1346	0.0	1852.0	COG0841@1|root,COG0841@2|Bacteria,1MU48@1224|Proteobacteria,1RMBN@1236|Gammaproteobacteria,1XSSQ@135623|Vibrionales	Belongs to the resistance-nodulation-cell division (RND) (TC 2.A.6) family	-	-	ko:K18138	ko01501,ko01503,map01501,map01503	ko00000,ko00001,ko00002,ko01504,ko02000	ACR_tran
3225	GEA52905.1	1205908.AKXW01000104_gene1345	6.28e-47	151.0	COG2960@1|root,COG2960@2|Bacteria,1N7AH@1224|Proteobacteria,1SCH1@1236|Gammaproteobacteria,1XYA8@135623|Vibrionales	protein conserved in bacteria	yqiC	-	ko:K09806	-	ko00000	BMFP
3225	GEA52906.1	1205908.AKXW01000104_gene1344	0.0	983.0	COG0059@1|root,COG0059@2|Bacteria,1MV7M@1224|Proteobacteria,1RNA8@1236|Gammaproteobacteria,1XSFQ@135623|Vibrionales	Involved in the biosynthesis of branched-chain amino acids (BCAA). Catalyzes an alkyl-migration followed by a ketol- acid reduction of (S)-2-acetolactate (S2AL) to yield (R)-2,3- dihydroxy-isovalerate. In the isomerase reaction, S2AL is rearranged via a Mg-dependent methyl migration to produce 3- hydroxy-3-methyl-2-ketobutyrate (HMKB). In the reductase reaction, this 2-ketoacid undergoes a metal-dependent reduction by NADPH to yield (R)-2,3-dihydroxy-isovalerate	ilvC	GO:0003674,GO:0003824,GO:0004455,GO:0006082,GO:0006520,GO:0006549,GO:0006573,GO:0006807,GO:0008150,GO:0008152,GO:0008652,GO:0009058,GO:0009081,GO:0009082,GO:0009097,GO:0009099,GO:0009987,GO:0016053,GO:0016491,GO:0016614,GO:0016616,GO:0019752,GO:0043436,GO:0044237,GO:0044238,GO:0044249,GO:0044281,GO:0044283,GO:0046394,GO:0055114,GO:0071704,GO:1901564,GO:1901566,GO:1901576,GO:1901605,GO:1901607	ko:K00053	ko00290,ko00770,ko01100,ko01110,ko01130,ko01210,ko01230,map00290,map00770,map01100,map01110,map01130,map01210,map01230	ko00000,ko00001,ko00002,ko01000	IlvC,IlvN
3225	GEA52907.1	1205908.AKXW01000104_gene1343	3.19e-208	576.0	COG0583@1|root,COG0583@2|Bacteria,1MZX1@1224|Proteobacteria,1RNFR@1236|Gammaproteobacteria,1XSJR@135623|Vibrionales	Transcriptional regulator	ilvY	-	ko:K02521	-	ko00000,ko03000	HTH_1,LysR_substrate
3225	GEA52908.1	1219080.VEZ01S_57_00010	1.21e-136	389.0	2CDDT@1|root,3418A@2|Bacteria,1NYET@1224|Proteobacteria,1SQJ3@1236|Gammaproteobacteria,1XWSM@135623|Vibrionales	-	-	-	-	-	-	-
3225	GEA52909.1	1205908.AKXW01000110_gene1469	1.02e-85	252.0	COG0239@1|root,COG0239@2|Bacteria,1MZNH@1224|Proteobacteria,1S8RQ@1236|Gammaproteobacteria,1XXA0@135623|Vibrionales	Important for reducing fluoride concentration in the cell, thus reducing its toxicity	crcB	GO:0003674,GO:0005215,GO:0005575,GO:0005623,GO:0005886,GO:0005887,GO:0006810,GO:0006811,GO:0006820,GO:0008150,GO:0008509,GO:0015075,GO:0015103,GO:0015318,GO:0015698,GO:0016020,GO:0016021,GO:0022857,GO:0031224,GO:0031226,GO:0034220,GO:0044425,GO:0044459,GO:0044464,GO:0051179,GO:0051234,GO:0055085,GO:0071944,GO:0098656,GO:0098660,GO:0098661,GO:1903424,GO:1903425	ko:K06199	-	ko00000,ko02000	CRCB
3225	GEA52910.1	1205908.AKXW01000110_gene1468	1.35e-228	635.0	COG0352@1|root,COG0352@2|Bacteria,1QTW3@1224|Proteobacteria,1T1YB@1236|Gammaproteobacteria,1XSWF@135623|Vibrionales	Condenses 4-methyl-5-(beta-hydroxyethyl)thiazole monophosphate (THZ-P) and 2-methyl-4-amino-5-hydroxymethyl pyrimidine pyrophosphate (HMP-PP) to form thiamine monophosphate (TMP)	thiE	-	ko:K00788	ko00730,ko01100,map00730,map01100	ko00000,ko00001,ko00002,ko01000	TMP-TENI
3225	GEA52911.1	1205908.AKXW01000110_gene1467	8.16e-165	462.0	COG0476@1|root,COG0476@2|Bacteria,1MW7H@1224|Proteobacteria,1RPJ3@1236|Gammaproteobacteria,1XV7V@135623|Vibrionales	COG0476 Dinucleotide-utilizing enzymes involved in molybdopterin and thiamine biosynthesis family 2	thiF	-	ko:K03148	ko00730,ko01100,ko04122,map00730,map01100,map04122	ko00000,ko00001,ko01000	ThiF
3225	GEA52912.1	1219072.VHA01S_066_00250	2.42e-28	103.0	COG2104@1|root,COG2104@2|Bacteria,1NG8E@1224|Proteobacteria,1SGCU@1236|Gammaproteobacteria,1XYZ1@135623|Vibrionales	COG2104 Sulfur transfer protein involved in thiamine biosynthesis	thiS	-	ko:K03154	ko04122,map04122	ko00000,ko00001	ThiS
3225	GEA52913.1	1205908.AKXW01000110_gene1465	2.99e-175	489.0	COG2022@1|root,COG2022@2|Bacteria,1N0N5@1224|Proteobacteria,1RMPD@1236|Gammaproteobacteria,1XT63@135623|Vibrionales	Catalyzes the rearrangement of 1-deoxy-D-xylulose 5- phosphate (DXP) to produce the thiazole phosphate moiety of thiamine. Sulfur is provided by the thiocarboxylate moiety of the carrier protein ThiS. In vitro, sulfur can be provided by H(2)S	thiG	GO:0003674,GO:0003824,GO:0006725,GO:0006766,GO:0006767,GO:0006772,GO:0006790,GO:0006807,GO:0008150,GO:0008152,GO:0009058,GO:0009110,GO:0009228,GO:0009987,GO:0017144,GO:0018130,GO:0019438,GO:0034641,GO:0042364,GO:0042723,GO:0042724,GO:0044237,GO:0044249,GO:0044271,GO:0044272,GO:0044281,GO:0044283,GO:0046483,GO:0071704,GO:0072527,GO:0072528,GO:1901360,GO:1901362,GO:1901564,GO:1901566,GO:1901576	ko:K03149	ko00730,ko01100,map00730,map01100	ko00000,ko00001,ko01000	ThiG
3225	GEA52914.1	1205908.AKXW01000110_gene1464	1.07e-262	720.0	COG0502@1|root,COG0502@2|Bacteria,1MXK0@1224|Proteobacteria,1RNTV@1236|Gammaproteobacteria,1XV3B@135623|Vibrionales	COG1060 Thiamine biosynthesis enzyme ThiH and related	thiH	-	ko:K03150	ko00730,ko01100,map00730,map01100	ko00000,ko00001,ko01000	BATS,Radical_SAM
3225	GEA52915.1	1205908.AKXW01000110_gene1463	0.0	1122.0	COG0006@1|root,COG0006@2|Bacteria,1MUZS@1224|Proteobacteria,1RPQD@1236|Gammaproteobacteria,1XST4@135623|Vibrionales	COG0006 Xaa-Pro aminopeptidase	ampP	-	ko:K01262	-	ko00000,ko01000,ko01002	Creatinase_N,Creatinase_N_2,Peptidase_M24,Peptidase_M24_C
3225	GEA52916.1	1205908.AKXW01000110_gene1462	4.53e-55	172.0	2AWB4@1|root,31N6T@2|Bacteria,1QJY2@1224|Proteobacteria,1TI09@1236|Gammaproteobacteria,1XY2K@135623|Vibrionales	-	-	-	-	-	-	-
3225	GEA52917.1	1205908.AKXW01000110_gene1461	4.7e-98	285.0	COG2259@1|root,COG2259@2|Bacteria,1N1VA@1224|Proteobacteria,1S6T4@1236|Gammaproteobacteria,1XWXJ@135623|Vibrionales	DoxX	-	-	ko:K15977	-	ko00000	DoxX
3225	GEA52918.1	1205908.AKXW01000110_gene1460	3.56e-146	415.0	COG3219@1|root,COG3219@2|Bacteria,1N7C6@1224|Proteobacteria,1SD3Q@1236|Gammaproteobacteria,1XXFS@135623|Vibrionales	Putative DNA-binding domain	-	-	-	-	-	DUF2063
3225	GEA52919.1	1205908.AKXW01000110_gene1459	7.99e-192	533.0	COG3220@1|root,COG3220@2|Bacteria,1MURE@1224|Proteobacteria,1RQ9H@1236|Gammaproteobacteria,1XTSI@135623|Vibrionales	protein conserved in bacteria	-	-	ko:K09930	-	ko00000	DUF692
3225	GEA52920.1	1205908.AKXW01000110_gene1458	1.26e-51	163.0	COG5572@1|root,COG5572@2|Bacteria,1PZ3H@1224|Proteobacteria,1SG80@1236|Gammaproteobacteria,1XYG7@135623|Vibrionales	Integral membrane protein	-	-	-	-	-	DUF2282
3225	GEA52921.1	1205908.AKXW01000110_gene1457	0.0	1411.0	COG0210@1|root,COG0210@2|Bacteria,1MU0G@1224|Proteobacteria,1RNJI@1236|Gammaproteobacteria,1XUIR@135623|Vibrionales	COG0210 Superfamily I DNA and RNA helicases	uvrD	-	ko:K03657	ko03420,ko03430,map03420,map03430	ko00000,ko00001,ko01000,ko03400	UvrD-helicase,UvrD_C
3225	GEA52922.1	1205908.AKXW01000110_gene1455	0.0	1070.0	COG0405@1|root,COG0405@2|Bacteria,1MUV6@1224|Proteobacteria,1RMIT@1236|Gammaproteobacteria,1XT2R@135623|Vibrionales	Gamma-glutamyltranspeptidase	ggt	-	ko:K00681	ko00430,ko00460,ko00480,ko01100,map00430,map00460,map00480,map01100	ko00000,ko00001,ko01000,ko01002	G_glu_transpept
3225	GEA52923.1	1205908.AKXW01000110_gene1454	3.74e-134	382.0	COG1280@1|root,COG1280@2|Bacteria,1MX0K@1224|Proteobacteria,1RP43@1236|Gammaproteobacteria,1Y2QA@135623|Vibrionales	LysE type translocator	-	-	-	-	-	LysE
3225	GEA52924.1	1205908.AKXW01000110_gene1453	8.43e-206	570.0	COG2962@1|root,COG2962@2|Bacteria,1MX5G@1224|Proteobacteria,1RMAC@1236|Gammaproteobacteria,1XSTP@135623|Vibrionales	EamA-like transporter family	rarD	-	ko:K05786	-	ko00000,ko02000	EamA
3225	GEA52925.1	1205908.AKXW01000110_gene1452	0.0	1202.0	COG0514@1|root,COG0514@2|Bacteria,1MVGG@1224|Proteobacteria,1RMPG@1236|Gammaproteobacteria,1XU5H@135623|Vibrionales	DNA helicase	recQ	-	ko:K03654	ko03018,map03018	ko00000,ko00001,ko01000,ko03400	DEAD,HRDC,Helicase_C,RQC,RecQ_Zn_bind
3225	GEA52926.1	1205908.AKXW01000110_gene1451	1.02e-61	189.0	2EQ7T@1|root,33HU2@2|Bacteria,1NI3T@1224|Proteobacteria,1SHPX@1236|Gammaproteobacteria,1XYF0@135623|Vibrionales	Protein of unknown function (DUF3630)	-	-	-	-	-	DUF3630
3225	GEA52927.1	1205908.AKXW01000110_gene1450	2.9e-149	421.0	COG1738@1|root,COG1738@2|Bacteria,1MVQU@1224|Proteobacteria,1RNX0@1236|Gammaproteobacteria,1XV4J@135623|Vibrionales	Involved in the import of queuosine (Q) precursors, required for Q precursor salvage	yhhQ	-	ko:K09125	-	ko00000	Vut_1
3225	GEA52928.1	1205908.AKXW01000110_gene1449	1.11e-234	645.0	COG0547@1|root,COG0547@2|Bacteria,1QJ8Q@1224|Proteobacteria,1RY26@1236|Gammaproteobacteria,1XTQE@135623|Vibrionales	Glycosyl transferase family, helical bundle domain	-	-	-	-	-	Glycos_trans_3N,Glycos_transf_3
3225	GEA52929.1	1205908.AKXW01000110_gene1448	0.0	903.0	COG0248@1|root,COG0248@2|Bacteria,1MV35@1224|Proteobacteria,1RN3V@1236|Gammaproteobacteria,1XTYW@135623|Vibrionales	Catalyzes the conversion of pppGpp to ppGpp. Guanosine pentaphosphate (pppGpp) is a cytoplasmic signaling molecule which together with ppGpp controls the stringent response , an adaptive process that allows bacteria to respond to amino acid starvation, resulting in the coordinated regulation of numerous cellular activities	gppA	GO:0003674,GO:0003824,GO:0006139,GO:0006725,GO:0006793,GO:0006807,GO:0006950,GO:0007154,GO:0008150,GO:0008152,GO:0008894,GO:0009267,GO:0009605,GO:0009987,GO:0009991,GO:0015949,GO:0016462,GO:0016787,GO:0016817,GO:0016818,GO:0031667,GO:0031668,GO:0031669,GO:0033554,GO:0034641,GO:0042594,GO:0044237,GO:0044238,GO:0044281,GO:0046483,GO:0050896,GO:0051716,GO:0055086,GO:0071496,GO:0071704,GO:1901360	ko:K01524	ko00230,map00230	ko00000,ko00001,ko01000	Ppx-GppA
3225	GEA52930.1	1205908.AKXW01000110_gene1447	1.87e-303	828.0	COG0513@1|root,COG0513@2|Bacteria,1MU49@1224|Proteobacteria,1RMWA@1236|Gammaproteobacteria,1XTC7@135623|Vibrionales	DEAD-box RNA helicase involved in RNA degradation. Has RNA-dependent ATPase activity and unwinds double-stranded RNA	rhlB	GO:0003674,GO:0003724,GO:0003824,GO:0004004,GO:0004386,GO:0005575,GO:0005622,GO:0005623,GO:0005737,GO:0006139,GO:0006401,GO:0006725,GO:0006807,GO:0008026,GO:0008150,GO:0008152,GO:0008186,GO:0009056,GO:0009057,GO:0009987,GO:0010501,GO:0016070,GO:0016462,GO:0016787,GO:0016817,GO:0016818,GO:0016887,GO:0017111,GO:0019439,GO:0034641,GO:0034655,GO:0042623,GO:0043170,GO:0044237,GO:0044238,GO:0044248,GO:0044260,GO:0044265,GO:0044270,GO:0044424,GO:0044464,GO:0046483,GO:0046700,GO:0070035,GO:0071704,GO:0090304,GO:0140098,GO:1901360,GO:1901361,GO:1901575	ko:K03732	ko03018,map03018	ko00000,ko00001,ko00002,ko01000,ko03019	DEAD,Helicase_C
3225	GEA52931.1	1205908.AKXW01000110_gene1446	8.06e-74	221.0	COG3118@1|root,COG3118@2|Bacteria,1MZBB@1224|Proteobacteria,1S5WR@1236|Gammaproteobacteria,1XXAK@135623|Vibrionales	Belongs to the thioredoxin family	trxA	-	ko:K03671	ko04621,ko05418,map04621,map05418	ko00000,ko00001,ko03110	Thioredoxin
3225	GEA52932.1	1205908.AKXW01000110_gene1445	6.67e-300	818.0	COG1158@1|root,COG1158@2|Bacteria,1MUCF@1224|Proteobacteria,1RP95@1236|Gammaproteobacteria,1XT0A@135623|Vibrionales	Facilitates transcription termination by a mechanism that involves Rho binding to the nascent RNA, activation of Rho's RNA-dependent ATPase activity, and release of the mRNA from the DNA template	rho	-	ko:K03628	ko03018,map03018	ko00000,ko00001,ko03019,ko03021	ATP-synt_ab,Rho_N,Rho_RNA_bind
3225	GEA52933.1	1205908.AKXW01000110_gene1444	3.78e-165	469.0	2FIIZ@1|root,34AB0@2|Bacteria,1P1Z4@1224|Proteobacteria,1SSJF@1236|Gammaproteobacteria,1XU8I@135623|Vibrionales	-	VV10936	-	-	-	-	-
3225	GEA52934.1	1205908.AKXW01000110_gene1443	0.0	1201.0	COG0043@1|root,COG0043@2|Bacteria,1MU62@1224|Proteobacteria,1RNH8@1236|Gammaproteobacteria,1XUXR@135623|Vibrionales	Belongs to the UbiD family	ubiD	GO:0003674,GO:0003824,GO:0005575,GO:0005622,GO:0005623,GO:0005737,GO:0005829,GO:0006732,GO:0006733,GO:0006743,GO:0006744,GO:0008150,GO:0008152,GO:0008694,GO:0009058,GO:0009108,GO:0009987,GO:0016829,GO:0016830,GO:0016831,GO:0042180,GO:0042181,GO:0044237,GO:0044249,GO:0044281,GO:0044283,GO:0044424,GO:0044444,GO:0044464,GO:0051186,GO:0051188,GO:0071704,GO:1901576,GO:1901661,GO:1901663	ko:K03182	ko00130,ko01100,ko01110,map00130,map01100,map01110	ko00000,ko00001,ko00002,ko01000	UbiD
3225	GEA52935.1	1205908.AKXW01000110_gene1442	2.48e-57	177.0	COG0633@1|root,COG0633@2|Bacteria,1NCXF@1224|Proteobacteria,1SDEV@1236|Gammaproteobacteria,1XYDB@135623|Vibrionales	ferredoxin	-	-	-	-	-	Fer2
3225	GEA52936.1	1205908.AKXW01000110_gene1441	8.13e-163	456.0	COG0543@1|root,COG0543@2|Bacteria,1MV72@1224|Proteobacteria,1RPH5@1236|Gammaproteobacteria,1XVAC@135623|Vibrionales	COG0543 2-polyprenylphenol hydroxylase and related flavodoxin oxidoreductases	fre	-	ko:K05368	ko00740,ko00860,ko01100,map00740,map00860,map01100	ko00000,ko00001,ko01000	FAD_binding_6,NAD_binding_1
3225	GEA52937.1	1219080.VEZ01S_21_00010	0.0	1985.0	COG0354@1|root,COG2304@1|root,COG2911@1|root,COG2931@1|root,COG3420@1|root,COG0354@2|Bacteria,COG2304@2|Bacteria,COG2911@2|Bacteria,COG2931@2|Bacteria,COG3420@2|Bacteria,1MU7T@1224|Proteobacteria,1RNK8@1236|Gammaproteobacteria	COG2931 RTX toxins and related Ca2 -binding proteins	-	-	ko:K11005	-	ko00000,ko02000,ko02042	Big_3_2,Cadherin_3,Calx-beta,DUF5011,He_PIG,HemolysinCabind,OmpA_membrane,PPC,RTX,RTX_C,TSP_3,VWA_2,fn3
3225	GEA52938.1	1205908.AKXW01000072_gene3403	0.0	875.0	COG0665@1|root,COG0665@2|Bacteria,1MVGP@1224|Proteobacteria,1RNJ9@1236|Gammaproteobacteria,1XSCR@135623|Vibrionales	COG0665 Glycine D-amino acid oxidases (deaminating)	-	-	-	-	-	DAO
3225	GEA52939.1	1205908.AKXW01000072_gene3404	3.38e-159	447.0	COG2188@1|root,COG2188@2|Bacteria,1R4PN@1224|Proteobacteria,1RQ87@1236|Gammaproteobacteria,1XT3H@135623|Vibrionales	COG2188 Transcriptional regulators	phnR	-	-	-	-	GntR,UTRA
3225	GEA52940.1	1205908.AKXW01000072_gene3405	0.0	1087.0	COG1178@1|root,COG1178@2|Bacteria,1MXZZ@1224|Proteobacteria,1RY3W@1236|Gammaproteobacteria,1XTGS@135623|Vibrionales	ABC-type Fe3 transport system, permease component	-	-	ko:K02011	ko02010,map02010	ko00000,ko00001,ko00002,ko02000	BPD_transp_1
3225	GEA52941.1	1205908.AKXW01000072_gene3406	1.8e-258	710.0	COG3842@1|root,COG3842@2|Bacteria,1MU3I@1224|Proteobacteria,1RMTS@1236|Gammaproteobacteria,1XSM6@135623|Vibrionales	Belongs to the ABC transporter superfamily	-	-	ko:K02010	ko02010,map02010	ko00000,ko00001,ko00002,ko01000,ko02000	ABC_tran,TOBE_2
3225	GEA52942.1	1205908.AKXW01000072_gene3408	2.33e-282	773.0	COG0477@1|root,COG2814@2|Bacteria,1MVHG@1224|Proteobacteria,1RQ1W@1236|Gammaproteobacteria,1XV8M@135623|Vibrionales	COG0477 Permeases of the major facilitator superfamily	-	-	-	-	-	MFS_1
3225	GEA52943.1	1205908.AKXW01000072_gene3409	4.18e-234	644.0	COG1840@1|root,COG1840@2|Bacteria,1MXZ8@1224|Proteobacteria,1RPPC@1236|Gammaproteobacteria,1XSDQ@135623|Vibrionales	ABC-type Fe3 transport system, periplasmic component	-	-	ko:K02012	ko02010,map02010	ko00000,ko00001,ko00002,ko02000	SBP_bac_6
3225	GEA52944.1	1205908.AKXW01000072_gene3410	1.47e-245	676.0	COG0075@1|root,COG0075@2|Bacteria,1MWHJ@1224|Proteobacteria,1RNNI@1236|Gammaproteobacteria,1XT31@135623|Vibrionales	Belongs to the class-V pyridoxal-phosphate-dependent aminotransferase family. PhnW subfamily	phnW	GO:0003674,GO:0003824	ko:K03430	ko00440,ko01100,ko01120,map00440,map01100,map01120	ko00000,ko00001,ko01000,ko01007	Aminotran_5
3225	GEA52945.1	1205908.AKXW01000072_gene3411	0.0	868.0	COG0160@1|root,COG0160@2|Bacteria,1QTZ3@1224|Proteobacteria,1RXZS@1236|Gammaproteobacteria,1XU9C@135623|Vibrionales	Belongs to the class-III pyridoxal-phosphate-dependent aminotransferase family	-	-	ko:K00823	ko00250,ko00410,ko00640,ko00650,ko01100,ko01120,map00250,map00410,map00640,map00650,map01100,map01120	ko00000,ko00001,ko00002,ko01000,ko01007	Aminotran_3
3225	GEA52946.1	1205908.AKXW01000072_gene3412	1.18e-188	525.0	COG0637@1|root,COG0637@2|Bacteria,1MX6B@1224|Proteobacteria,1RQPM@1236|Gammaproteobacteria,1XTCI@135623|Vibrionales	Belongs to the HAD-like hydrolase superfamily. PhnX family	phnX	GO:0003674,GO:0003824	ko:K05306	ko00440,ko01100,ko01120,map00440,map01100,map01120	ko00000,ko00001,ko01000	HAD_2
3225	GEA52948.1	1205908.AKXW01000130_gene1106	0.0	1274.0	COG0556@1|root,COG0556@2|Bacteria,1MUFK@1224|Proteobacteria,1RN6Z@1236|Gammaproteobacteria,1XV2Z@135623|Vibrionales	damaged site, the DNA wraps around one UvrB monomer. DNA wrap is dependent on ATP binding by UvrB and probably causes local melting of the DNA helix, facilitating insertion of UvrB beta-hairpin between the DNA strands. Then UvrB probes one DNA strand for the presence of a lesion. If a lesion is found the UvrA subunits dissociate and the UvrB-DNA preincision complex is formed. This complex is subsequently bound by UvrC and the second UvrB is released. If no lesion is found, the DNA wraps around the other UvrB subunit that will check the other stand for damage	uvrB	-	ko:K03702	ko03420,map03420	ko00000,ko00001,ko03400	Helicase_C,ResIII,UVR,UvrB
3225	GEA52949.1	1205908.AKXW01000130_gene1107	9.18e-317	863.0	COG2204@1|root,COG2204@2|Bacteria,1MU0N@1224|Proteobacteria,1RMCK@1236|Gammaproteobacteria,1XTGI@135623|Vibrionales	COG2204 Response regulator containing CheY-like receiver, AAA-type ATPase, and DNA-binding domains	luxO	GO:0000156,GO:0000160,GO:0003674,GO:0003700,GO:0006355,GO:0007154,GO:0007165,GO:0008150,GO:0009889,GO:0009987,GO:0010468,GO:0010556,GO:0019219,GO:0019222,GO:0023052,GO:0031323,GO:0031326,GO:0035556,GO:0050789,GO:0050794,GO:0050896,GO:0051171,GO:0051252,GO:0051716,GO:0060089,GO:0060255,GO:0065007,GO:0080090,GO:0140110,GO:1903506,GO:2000112,GO:2001141	ko:K10912	ko02020,ko02024,ko05111,map02020,map02024,map05111	ko00000,ko00001,ko00002,ko02022	HTH_8,Response_reg,Sigma54_activat
3225	GEA52950.1	1219072.VHA01S_084_00130	7.56e-57	179.0	COG2198@1|root,COG2198@2|Bacteria,1NH5B@1224|Proteobacteria,1SGR8@1236|Gammaproteobacteria	phosphorelay protein	luxU	GO:0007154,GO:0007165,GO:0008150,GO:0008152,GO:0008218,GO:0009372,GO:0009987,GO:0023052,GO:0044237,GO:0044764,GO:0050789,GO:0050794,GO:0050896,GO:0051704,GO:0051716,GO:0065007	ko:K10911	ko02020,ko02024,ko05111,map02020,map02024,map05111	ko00000,ko00001,ko00002,ko02022	Hpt
3225	GEA52951.1	1205908.AKXW01000130_gene1109	1.57e-203	564.0	COG0391@1|root,COG0391@2|Bacteria,1NW3K@1224|Proteobacteria,1RQP9@1236|Gammaproteobacteria,1XUN3@135623|Vibrionales	Required for morphogenesis under gluconeogenic growth conditions	ybhK	-	-	-	-	UPF0052
3225	GEA52952.1	1205908.AKXW01000130_gene1110	1.16e-243	668.0	COG2896@1|root,COG2896@2|Bacteria,1MW3W@1224|Proteobacteria,1RR68@1236|Gammaproteobacteria,1XSSR@135623|Vibrionales	Catalyzes the cyclization of GTP to (8S)-3',8-cyclo-7,8- dihydroguanosine 5'-triphosphate	moaA	GO:0003674,GO:0003824,GO:0006732,GO:0006777,GO:0006793,GO:0006796,GO:0006807,GO:0008150,GO:0008152,GO:0009058,GO:0009108,GO:0009987,GO:0018130,GO:0019538,GO:0019637,GO:0019720,GO:0043170,GO:0043545,GO:0044237,GO:0044238,GO:0044249,GO:0044260,GO:0044267,GO:0046483,GO:0051186,GO:0051188,GO:0051189,GO:0071704,GO:0090407,GO:1901360,GO:1901362,GO:1901564,GO:1901566,GO:1901576	ko:K03639	ko00790,ko01100,ko04122,map00790,map01100,map04122	ko00000,ko00001,ko01000	Fer4_12,Mob_synth_C,Radical_SAM
3225	GEA52953.1	1205908.AKXW01000130_gene1111	2.95e-117	335.0	COG0521@1|root,COG0521@2|Bacteria,1R9W2@1224|Proteobacteria,1S21E@1236|Gammaproteobacteria,1XTIY@135623|Vibrionales	May be involved in the biosynthesis of molybdopterin	moaB	-	ko:K03638	ko00790,ko01100,map00790,map01100	ko00000,ko00001,ko01000	MoCF_biosynth
3225	GEA52954.1	1205908.AKXW01000130_gene1112	1.96e-103	300.0	COG0315@1|root,COG0315@2|Bacteria,1RCYZ@1224|Proteobacteria,1S3ST@1236|Gammaproteobacteria,1XURA@135623|Vibrionales	Catalyzes the conversion of (8S)-3',8-cyclo-7,8- dihydroguanosine 5'-triphosphate to cyclic pyranopterin monophosphate (cPMP)	moaC	GO:0003674,GO:0003824,GO:0006732,GO:0006777,GO:0006793,GO:0006796,GO:0006807,GO:0008150,GO:0008152,GO:0009058,GO:0009108,GO:0009987,GO:0018130,GO:0019538,GO:0019637,GO:0019720,GO:0043170,GO:0043545,GO:0044237,GO:0044238,GO:0044249,GO:0044260,GO:0044267,GO:0046483,GO:0051186,GO:0051188,GO:0051189,GO:0071704,GO:0090407,GO:1901360,GO:1901362,GO:1901564,GO:1901566,GO:1901576	ko:K03637	ko00790,ko01100,ko04122,map00790,map01100,map04122	ko00000,ko00001,ko01000	MoaC
3225	GEA52955.1	1205908.AKXW01000130_gene1113	5.53e-46	148.0	COG1977@1|root,COG1977@2|Bacteria,1N0IE@1224|Proteobacteria,1S8S1@1236|Gammaproteobacteria,1XYBT@135623|Vibrionales	Involved in sulfur transfer in the conversion of molybdopterin precursor Z to molybdopterin	moaD	-	ko:K03636	ko04122,map04122	ko00000,ko00001	ThiS
3225	GEA52956.1	1205908.AKXW01000130_gene1114	1.11e-95	279.0	COG0314@1|root,COG0314@2|Bacteria,1RGUX@1224|Proteobacteria,1S5YH@1236|Gammaproteobacteria,1XX2Y@135623|Vibrionales	Molybdopterin converting factor, large subunit	moaE	GO:0003674,GO:0003824,GO:0005575,GO:0005622,GO:0005623,GO:0005737,GO:0005829,GO:0006139,GO:0006163,GO:0006725,GO:0006732,GO:0006753,GO:0006777,GO:0006793,GO:0006796,GO:0006807,GO:0008150,GO:0008152,GO:0009058,GO:0009108,GO:0009116,GO:0009117,GO:0009119,GO:0009141,GO:0009144,GO:0009150,GO:0009199,GO:0009205,GO:0009259,GO:0009987,GO:0016740,GO:0016782,GO:0016783,GO:0018130,GO:0019538,GO:0019637,GO:0019693,GO:0019720,GO:0030366,GO:0032324,GO:0034641,GO:0042278,GO:0043170,GO:0043545,GO:0044237,GO:0044238,GO:0044249,GO:0044260,GO:0044267,GO:0044281,GO:0044424,GO:0044444,GO:0044464,GO:0046039,GO:0046128,GO:0046483,GO:0051186,GO:0051188,GO:0051189,GO:0055086,GO:0071704,GO:0072521,GO:0090407,GO:1901068,GO:1901135,GO:1901360,GO:1901362,GO:1901564,GO:1901566,GO:1901576,GO:1901657	ko:K03635	ko00790,ko01100,ko04122,map00790,map01100,map04122	ko00000,ko00001,ko01000	MoaE
3225	GEA52957.1	1205908.AKXW01000130_gene1115	0.0	1062.0	COG4166@1|root,COG4166@2|Bacteria,1P91R@1224|Proteobacteria,1RN57@1236|Gammaproteobacteria,1XTB9@135623|Vibrionales	COG4166 ABC-type oligopeptide transport system, periplasmic component	oppA	-	ko:K15580	ko01501,ko02010,ko02024,map01501,map02010,map02024	ko00000,ko00001,ko00002,ko02000	SBP_bac_5
3225	GEA52958.1	1205908.AKXW01000130_gene1116	9.95e-215	593.0	COG0601@1|root,COG0601@2|Bacteria,1MU8Z@1224|Proteobacteria,1RNJ1@1236|Gammaproteobacteria,1XUSF@135623|Vibrionales	COG0601 ABC-type dipeptide oligopeptide nickel transport systems, permease components	oppB	-	ko:K15581	ko01501,ko02010,ko02024,map01501,map02010,map02024	ko00000,ko00001,ko00002,ko02000	BPD_transp_1
3225	GEA52959.1	1205908.AKXW01000130_gene1117	3.4e-201	558.0	COG1173@1|root,COG1173@2|Bacteria,1MU26@1224|Proteobacteria,1RND6@1236|Gammaproteobacteria,1XT8X@135623|Vibrionales	COG1173 ABC-type dipeptide oligopeptide nickel transport systems, permease components	oppC	-	ko:K15582	ko01501,ko02010,ko02024,map01501,map02010,map02024	ko00000,ko00001,ko00002,ko02000	BPD_transp_1,OppC_N
3225	GEA52960.1	1205908.AKXW01000130_gene1118	6.63e-232	638.0	COG0444@1|root,COG0444@2|Bacteria,1R4KB@1224|Proteobacteria,1SMBI@1236|Gammaproteobacteria,1XSWQ@135623|Vibrionales	Belongs to the ABC transporter superfamily	oppD	-	ko:K15583	ko01501,ko02010,ko02024,map01501,map02010,map02024	ko00000,ko00001,ko00002,ko02000	ABC_tran,oligo_HPY
3225	GEA52961.1	1205908.AKXW01000130_gene1119	2.42e-238	655.0	COG4608@1|root,COG4608@2|Bacteria,1NU4K@1224|Proteobacteria,1SKPD@1236|Gammaproteobacteria,1XUJP@135623|Vibrionales	Belongs to the ABC transporter superfamily	oppF	-	ko:K10823	ko01501,ko02010,ko02024,map01501,map02010,map02024	ko00000,ko00001,ko00002,ko02000	ABC_tran,oligo_HPY
3225	GEA52964.1	1205908.AKXW01000130_gene1120	9.69e-224	617.0	COG0435@1|root,COG0435@2|Bacteria,1MV50@1224|Proteobacteria,1RMTI@1236|Gammaproteobacteria,1XSAM@135623|Vibrionales	Glutathione S-transferase	-	-	ko:K07393	-	ko00000,ko01000	GST_C_2,GST_N_2
3225	GEA52965.1	1517681.HW45_13830	6.64e-150	434.0	COG0729@1|root,COG0729@2|Bacteria,1R5Y3@1224|Proteobacteria,1RPB2@1236|Gammaproteobacteria,1XV4X@135623|Vibrionales	Surface antigen	-	-	-	-	-	Bac_surface_Ag
3225	GEA52966.1	1205908.AKXW01000140_gene1932	9.04e-78	231.0	COG1544@1|root,COG1544@2|Bacteria,1RE99@1224|Proteobacteria,1S4IT@1236|Gammaproteobacteria,1XXJJ@135623|Vibrionales	Sigma 54 modulation protein / S30EA ribosomal protein	-	-	-	-	-	Ribosomal_S30AE
3225	GEA52967.1	1205908.AKXW01000140_gene1933	0.0	1406.0	COG5652@1|root,COG5652@2|Bacteria,1MX6C@1224|Proteobacteria,1T4VM@1236|Gammaproteobacteria,1XVHS@135623|Vibrionales	Domain of unknown function (DUF4962)	-	-	-	-	-	DUF4962,Hepar_II_III
3225	GEA52969.1	1205908.AKXW01000176_gene3049	9.42e-203	562.0	COG0583@1|root,COG0583@2|Bacteria,1RM21@1224|Proteobacteria,1S6YP@1236|Gammaproteobacteria,1XVIQ@135623|Vibrionales	LysR substrate binding domain	-	-	-	-	-	HTH_1,LysR_substrate
3225	GEA52970.1	1205908.AKXW01000176_gene3050	9.66e-96	279.0	COG0589@1|root,COG0589@2|Bacteria,1MV6Y@1224|Proteobacteria,1RQQ7@1236|Gammaproteobacteria,1XX6F@135623|Vibrionales	COG0589 Universal stress protein UspA and related nucleotide-binding proteins	-	-	-	-	-	Usp
3225	GEA52971.1	1205908.AKXW01000176_gene3051	0.0	990.0	COG2194@1|root,COG2194@2|Bacteria,1MWS7@1224|Proteobacteria,1RMNG@1236|Gammaproteobacteria,1XSQM@135623|Vibrionales	membrane-associated, metal-dependent hydrolase	eptA	-	ko:K03760	ko01503,map01503	ko00000,ko00001,ko00002,ko01000,ko01005	DUF1705,Sulfatase
3225	GEA52972.1	1219072.VHA01S_012_00360	5.13e-201	560.0	COG1638@1|root,COG1638@2|Bacteria,1MVHC@1224|Proteobacteria,1RPNJ@1236|Gammaproteobacteria,1XU8W@135623|Vibrionales	TRAP-type C4-dicarboxylate transport system, periplasmic component	-	-	ko:K11688	ko02020,map02020	ko00000,ko00001,ko02000	DctP
3225	GEA52973.1	1219072.VHA01S_012_00350	4.33e-99	289.0	COG3090@1|root,COG3090@2|Bacteria,1RJ8K@1224|Proteobacteria,1SA02@1236|Gammaproteobacteria,1XUQB@135623|Vibrionales	TRAP-type C4-dicarboxylate transport system, small permease component	-	-	-	-	-	DctQ
3225	GEA52974.1	1219072.VHA01S_012_00340	4.76e-264	729.0	COG1593@1|root,COG1593@2|Bacteria,1MU0F@1224|Proteobacteria,1RNAM@1236|Gammaproteobacteria,1XTIW@135623|Vibrionales	TRAP-type C4-dicarboxylate transport system, large permease component	-	-	-	-	-	DctM
3225	GEA52975.1	1205908.AKXW01000176_gene3055	4.23e-143	405.0	COG0693@1|root,COG0693@2|Bacteria,1MVTT@1224|Proteobacteria,1RPVK@1236|Gammaproteobacteria,1XVT4@135623|Vibrionales	intracellular protease amidase	-	-	-	-	-	DJ-1_PfpI,Glyoxalase,IU_nuc_hydro
3225	GEA52976.1	1205908.AKXW01000176_gene3058	6.08e-74	221.0	COG2824@1|root,COG2824@2|Bacteria,1RGUU@1224|Proteobacteria,1S60W@1236|Gammaproteobacteria,1XXSS@135623|Vibrionales	Zn-ribbon-containing protein involved in phosphonate metabolism	phnA	-	ko:K06193	ko01120,map01120	ko00000	PhnA,PhnA_Zn_Ribbon
3225	GEA52977.1	575788.VS_II1116	2.05e-164	464.0	COG0697@1|root,COG0697@2|Bacteria,1MZXM@1224|Proteobacteria,1RRID@1236|Gammaproteobacteria,1XTUE@135623|Vibrionales	of the drug metabolite transporter (DMT) superfamily	-	-	-	-	-	EamA
3225	GEA52978.1	1205908.AKXW01000176_gene3067	1.08e-202	575.0	COG1289@1|root,COG1289@2|Bacteria,1QJE4@1224|Proteobacteria,1THDF@1236|Gammaproteobacteria,1XU9P@135623|Vibrionales	Aromatic acid exporter family member 1	-	-	-	-	-	FUSC
3225	GEA52979.1	1205908.AKXW01000176_gene3068	2.41e-168	474.0	COG1566@1|root,COG1566@2|Bacteria,1MWG0@1224|Proteobacteria,1SKG5@1236|Gammaproteobacteria,1XU0T@135623|Vibrionales	Belongs to the membrane fusion protein (MFP) (TC 8.A.1) family	-	-	-	-	-	HlyD_D23
3225	GEA52980.1	1219076.N646_0791	1.04e-15	71.2	2AWPN@1|root,31NKJ@2|Bacteria,1QKB8@1224|Proteobacteria,1TIEP@1236|Gammaproteobacteria,1XYZY@135623|Vibrionales	Protein of unknown function (DUF1656)	-	-	-	-	-	DUF1656
3225	GEA52981.1	1205908.AKXW01000176_gene3069	5.07e-175	492.0	COG0583@1|root,COG0583@2|Bacteria,1MY68@1224|Proteobacteria,1RSEX@1236|Gammaproteobacteria,1XV82@135623|Vibrionales	Bacterial regulatory helix-turn-helix protein, lysR family	-	-	-	-	-	HTH_1,LysR_substrate
3225	GEA52982.1	1205908.AKXW01000118_gene1514	4.56e-227	629.0	COG0845@1|root,COG0845@2|Bacteria,1R8W0@1224|Proteobacteria,1S0GT@1236|Gammaproteobacteria,1XSIB@135623|Vibrionales	Belongs to the membrane fusion protein (MFP) (TC 8.A.1) family	-	-	-	-	-	HlyD_D23
3225	GEA52983.1	1205908.AKXW01000118_gene1513	0.0	1907.0	COG0841@1|root,COG0841@2|Bacteria,1MU48@1224|Proteobacteria,1RMBN@1236|Gammaproteobacteria,1XSBB@135623|Vibrionales	Belongs to the resistance-nodulation-cell division (RND) (TC 2.A.6) family	-	-	ko:K03296,ko:K18138	ko01501,ko01503,map01501,map01503	ko00000,ko00001,ko00002,ko01504,ko02000	ACR_tran
3225	GEA52984.1	1205908.AKXW01000118_gene1512	6.7e-157	444.0	COG0122@1|root,COG0122@2|Bacteria,1N4N4@1224|Proteobacteria,1T1FZ@1236|Gammaproteobacteria,1Y3CW@135623|Vibrionales	AlkA N-terminal domain	-	-	ko:K13529	ko03410,map03410	ko00000,ko00001,ko01000,ko03000,ko03400	AlkA_N
3225	GEA52985.1	1205908.AKXW01000118_gene1511	1.36e-123	353.0	2AW55@1|root,31N04@2|Bacteria,1QJRV@1224|Proteobacteria,1THT1@1236|Gammaproteobacteria,1XXG1@135623|Vibrionales	Outer membrane protein beta-barrel domain	-	-	-	-	-	OMP_b-brl
3225	GEA52986.1	1205908.AKXW01000118_gene1510	4.06e-68	206.0	COG3492@1|root,COG3492@2|Bacteria,1MZ3I@1224|Proteobacteria,1S8SI@1236|Gammaproteobacteria,1XXCE@135623|Vibrionales	protein conserved in bacteria	-	-	ko:K09948	-	ko00000	DUF1244
3225	GEA52987.1	1205908.AKXW01000118_gene1509	3.05e-316	870.0	COG2176@1|root,COG2176@2|Bacteria,1MUZD@1224|Proteobacteria,1RPGP@1236|Gammaproteobacteria,1XUHP@135623|Vibrionales	VRR_NUC	-	-	-	-	-	VRR_NUC
3225	GEA52988.1	1205908.AKXW01000119_gene542	2.49e-258	707.0	COG0031@1|root,COG0031@2|Bacteria,1MUR6@1224|Proteobacteria,1RMS1@1236|Gammaproteobacteria,1XUZT@135623|Vibrionales	Cysteine synthase	-	-	ko:K01738	ko00270,ko00920,ko01100,ko01110,ko01120,ko01130,ko01200,ko01230,map00270,map00920,map01100,map01110,map01120,map01130,map01200,map01230	ko00000,ko00001,ko00002,ko01000	PALP
3225	GEA52989.1	1205908.AKXW01000119_gene541	3.83e-99	288.0	COG1522@1|root,COG1522@2|Bacteria,1RDB3@1224|Proteobacteria,1S2E1@1236|Gammaproteobacteria,1XWVX@135623|Vibrionales	Transcriptional regulator AsnC family	ybaO	-	ko:K05800	-	ko00000,ko03000	AsnC_trans_reg,HTH_24,HTH_AsnC-type
3225	GEA52990.1	1205908.AKXW01000119_gene540	2.96e-305	837.0	COG0591@1|root,COG0591@2|Bacteria,1MUBI@1224|Proteobacteria,1RMXU@1236|Gammaproteobacteria,1XSU8@135623|Vibrionales	Belongs to the sodium solute symporter (SSF) (TC 2.A.21) family	putP	-	ko:K11928	-	ko00000,ko02000	SSF
3225	GEA52991.1	1205908.AKXW01000119_gene539	6.7e-205	566.0	COG1946@1|root,COG1946@2|Bacteria,1MV9R@1224|Proteobacteria,1RPFI@1236|Gammaproteobacteria,1XU39@135623|Vibrionales	Acyl-CoA thioesterase	tesB	-	ko:K10805	ko01040,map01040	ko00000,ko00001,ko01000,ko01004	4HBT_3
3225	GEA52992.1	1205908.AKXW01000119_gene538	4.53e-90	265.0	COG3126@1|root,COG3126@2|Bacteria,1N8AF@1224|Proteobacteria,1SCM7@1236|Gammaproteobacteria,1XYJI@135623|Vibrionales	protein conserved in bacteria	-	-	ko:K09914	-	ko00000	YscW
3225	GEA52993.1	1205908.AKXW01000119_gene537	7.49e-64	195.0	COG3695@1|root,COG3695@2|Bacteria,1N7J2@1224|Proteobacteria,1SCIZ@1236|Gammaproteobacteria,1XXXX@135623|Vibrionales	methylated DNA-protein cysteine methyltransferase	-	-	ko:K07443	-	ko00000	DNA_binding_1
3225	GEA52994.1	1205908.AKXW01000119_gene536	3.46e-159	447.0	2C985@1|root,2ZJ32@2|Bacteria,1PA8E@1224|Proteobacteria,1STYN@1236|Gammaproteobacteria,1XVKD@135623|Vibrionales	-	-	-	-	-	-	-
3225	GEA52995.1	1219065.VPR01S_03_01130	3.4e-95	308.0	COG0582@1|root,COG0582@2|Bacteria,1NCC6@1224|Proteobacteria,1THY3@1236|Gammaproteobacteria,1XXVT@135623|Vibrionales	Phage integrase family	-	-	-	-	-	Phage_integrase
3225	GEA52996.1	1205908.AKXW01000105_gene1308	4.55e-203	565.0	COG0523@1|root,COG0523@2|Bacteria,1MVZV@1224|Proteobacteria,1RPKP@1236|Gammaproteobacteria,1XSPY@135623|Vibrionales	GTPases (G3E family)	-	-	-	-	-	cobW
3225	GEA52997.1	1219080.VEZ01S_21_00450	5.57e-182	512.0	COG1275@1|root,COG1275@2|Bacteria,1QMVH@1224|Proteobacteria,1RS7F@1236|Gammaproteobacteria,1XTYA@135623|Vibrionales	COG1275 Tellurite resistance protein and related permeases	-	-	-	-	-	SLAC1
3225	GEA52998.1	1205908.AKXW01000105_gene1304	3.26e-144	407.0	COG0302@1|root,COG0302@2|Bacteria,1MY3N@1224|Proteobacteria,1RMQM@1236|Gammaproteobacteria,1XUKF@135623|Vibrionales	GTP cyclohydrolase	folE	GO:0000166,GO:0001882,GO:0001883,GO:0003674,GO:0003824,GO:0003933,GO:0003934,GO:0005488,GO:0005525,GO:0005575,GO:0005622,GO:0005623,GO:0005737,GO:0006066,GO:0006082,GO:0006575,GO:0006725,GO:0006729,GO:0006732,GO:0006760,GO:0006807,GO:0008150,GO:0008152,GO:0008270,GO:0009058,GO:0009108,GO:0009987,GO:0016787,GO:0016810,GO:0016814,GO:0017076,GO:0017144,GO:0018130,GO:0019001,GO:0019238,GO:0019438,GO:0019751,GO:0019752,GO:0032549,GO:0032550,GO:0032553,GO:0032555,GO:0032561,GO:0034311,GO:0034312,GO:0034641,GO:0035639,GO:0036094,GO:0042558,GO:0042559,GO:0043167,GO:0043168,GO:0043169,GO:0043436,GO:0043603,GO:0044237,GO:0044249,GO:0044271,GO:0044281,GO:0044283,GO:0044424,GO:0044464,GO:0046146,GO:0046165,GO:0046173,GO:0046483,GO:0046872,GO:0046914,GO:0051186,GO:0051188,GO:0071704,GO:0097159,GO:0097367,GO:1901265,GO:1901360,GO:1901362,GO:1901363,GO:1901564,GO:1901566,GO:1901576,GO:1901615,GO:1901617	ko:K01495	ko00790,ko01100,map00790,map01100	ko00000,ko00001,ko00002,ko01000	GTP_cyclohydroI
3225	GEA52999.1	1205908.AKXW01000105_gene1303	4.29e-295	805.0	COG0303@1|root,COG0303@2|Bacteria,1MVD5@1224|Proteobacteria,1RMQU@1236|Gammaproteobacteria,1XSIM@135623|Vibrionales	molybdopterin biosynthesis	moeA	-	ko:K03750	ko00790,ko01100,map00790,map01100	ko00000,ko00001,ko01000	MoCF_biosynth,MoeA_C,MoeA_N
3225	GEA53000.1	1205908.AKXW01000105_gene1302	9.48e-160	449.0	COG0476@1|root,COG0476@2|Bacteria,1MW7H@1224|Proteobacteria,1RPJ3@1236|Gammaproteobacteria,1XTIB@135623|Vibrionales	COG0476 Dinucleotide-utilizing enzymes involved in molybdopterin and thiamine biosynthesis family 2	moeB	-	ko:K21029	ko04122,map04122	ko00000,ko00001,ko01000	ThiF
3225	GEA53001.1	1205908.AKXW01000105_gene1301	8.55e-220	607.0	COG0176@1|root,COG0176@2|Bacteria,1MWQ8@1224|Proteobacteria,1RMS0@1236|Gammaproteobacteria,1XSNT@135623|Vibrionales	Transaldolase is important for the balance of metabolites in the pentose-phosphate pathway	tal	GO:0003674,GO:0003824,GO:0004801,GO:0006081,GO:0006098,GO:0006139,GO:0006725,GO:0006732,GO:0006733,GO:0006739,GO:0006753,GO:0006793,GO:0006796,GO:0006807,GO:0008150,GO:0008152,GO:0009117,GO:0009987,GO:0016740,GO:0016744,GO:0019362,GO:0019637,GO:0019682,GO:0019693,GO:0034641,GO:0044237,GO:0044238,GO:0044281,GO:0046483,GO:0046496,GO:0051156,GO:0051186,GO:0055086,GO:0071704,GO:0072524,GO:1901135,GO:1901360,GO:1901564	ko:K00616	ko00030,ko01100,ko01110,ko01120,ko01130,ko01200,ko01230,map00030,map01100,map01110,map01120,map01130,map01200,map01230	ko00000,ko00001,ko00002,ko01000	TAL_FSA
3225	GEA53002.1	1219072.VHA01S_008_00110	1.91e-38	128.0	COG3360@1|root,COG3360@2|Bacteria,1N6UT@1224|Proteobacteria,1SCF7@1236|Gammaproteobacteria,1XZB2@135623|Vibrionales	Dodecin	-	-	ko:K09165	-	ko00000	Dodecin
3225	GEA53003.1	1205908.AKXW01000105_gene1298	1.95e-137	390.0	COG2197@1|root,COG2197@2|Bacteria,1Q7GF@1224|Proteobacteria,1RWWU@1236|Gammaproteobacteria,1XUUA@135623|Vibrionales	COG2197 Response regulator containing a CheY-like receiver domain and an HTH DNA-binding domain	narP	-	ko:K07685	ko02020,map02020	ko00000,ko00001,ko00002,ko02022	GerE,Response_reg
3225	GEA53004.1	1205908.AKXW01000105_gene1297	0.0	987.0	COG3850@1|root,COG3850@2|Bacteria,1MWZT@1224|Proteobacteria,1RNPP@1236|Gammaproteobacteria,1XSRJ@135623|Vibrionales	COG3850 Signal transduction histidine kinase, nitrate nitrite-specific	narQ	-	ko:K07674	ko02020,map02020	ko00000,ko00001,ko00002,ko01000,ko01001,ko02022	HAMP,HATPase_c,HisKA_3,PilJ
3225	GEA53005.1	1205908.AKXW01000105_gene1296	1.76e-64	197.0	COG3062@1|root,COG3062@2|Bacteria,1NGMR@1224|Proteobacteria,1SGGG@1236|Gammaproteobacteria,1XXWG@135623|Vibrionales	protein involved in formation of periplasmic nitrate reductase	napD	-	ko:K02570	-	ko00000	NapD
3225	GEA53006.1	1205908.AKXW01000105_gene1295	0.0	1690.0	COG0243@1|root,COG0243@2|Bacteria,1NS3T@1224|Proteobacteria,1RMWN@1236|Gammaproteobacteria,1XU9K@135623|Vibrionales	Catalytic subunit of the nitrate reductase (NAP). Only expressed at high levels during aerobic growth. NapAB complex receives electrons from the membrane-anchored tetraheme protein NapC. Essential function for nitrate assimilation and may have a role in anaerobic metabolism	napA	GO:0003674,GO:0003824,GO:0003954,GO:0005488,GO:0005575,GO:0008150,GO:0008152,GO:0008940,GO:0009325,GO:0016491,GO:0016651,GO:0016661,GO:0032991,GO:0048037,GO:0051536,GO:0051540,GO:0055114,GO:1902494	ko:K02567	ko00910,ko01120,map00910,map01120	ko00000,ko00001,ko00002,ko01000	Molybdop_Fe4S4,Molybdopterin,Molydop_binding
3225	GEA53007.1	1205908.AKXW01000105_gene1294	4.35e-110	318.0	COG3043@1|root,COG3043@2|Bacteria,1RH0X@1224|Proteobacteria,1T0CQ@1236|Gammaproteobacteria,1XWYR@135623|Vibrionales	Electron transfer subunit of the periplasmic nitrate reductase complex NapAB	napB	-	ko:K02568	ko00910,ko01120,map00910,map01120	ko00000,ko00001,ko00002	NapB
3225	GEA53008.1	1205908.AKXW01000105_gene1293	8.95e-140	394.0	COG3005@1|root,COG3005@2|Bacteria,1MWV2@1224|Proteobacteria,1RQ9A@1236|Gammaproteobacteria,1XSSS@135623|Vibrionales	COG3005 Nitrate TMAO reductases, membrane-bound tetraheme cytochrome c subunit	napC	-	ko:K02569	-	ko00000	Cytochrom_NNT
3225	GEA53009.1	1205908.AKXW01000105_gene1292	5.44e-22	85.5	28XWF@1|root,2ZJSR@2|Bacteria,1P7JD@1224|Proteobacteria,1SW8A@1236|Gammaproteobacteria,1XZFK@135623|Vibrionales	Protein  of unknown function (Duf2374)	-	-	-	-	-	DUF2374
3225	GEA53010.1	926560.KE387023_gene1910	3.43e-196	565.0	COG3507@1|root,COG3507@2|Bacteria,1WM4Q@1297|Deinococcus-Thermus	Glycosyl hydrolases family 43	-	-	ko:K01198	ko00520,ko01100,map00520,map01100	ko00000,ko00001,ko01000	Glyco_hydro_43
3225	GEA53011.1	1348635.BBJY01000003_gene3941	7.56e-202	564.0	COG3507@1|root,COG3507@2|Bacteria,1MZZY@1224|Proteobacteria,1RP03@1236|Gammaproteobacteria	Belongs to the glycosyl hydrolase 43 family	-	-	-	-	-	Glyco_hydro_43
3225	GEA53012.1	1120970.AUBZ01000003_gene134	2.33e-258	740.0	COG3693@1|root,COG3693@2|Bacteria,1Q4ED@1224|Proteobacteria,1SYNN@1236|Gammaproteobacteria	Beta-xylanase	cex	-	ko:K01181	-	ko00000,ko01000	CBM_4_9,Glyco_hydro_10
3225	GEA53013.1	1348635.BBJY01000006_gene483	1.88e-168	474.0	COG0395@1|root,COG0395@2|Bacteria,1R4Q1@1224|Proteobacteria,1RPKD@1236|Gammaproteobacteria,1XUM6@135623|Vibrionales	transport system, permease component	-	-	ko:K10119	ko02010,map02010	ko00000,ko00001,ko00002,ko02000	BPD_transp_1
3225	GEA53014.1	1348635.BBJY01000006_gene482	2.15e-211	586.0	COG1175@1|root,COG1175@2|Bacteria,1R854@1224|Proteobacteria,1S0N0@1236|Gammaproteobacteria,1XTV6@135623|Vibrionales	ABC-type sugar transport systems, permease	-	-	-	-	-	BPD_transp_1
3225	GEA53015.1	1348635.BBJY01000006_gene481	3.36e-222	621.0	COG1653@1|root,COG1653@2|Bacteria,1PCRV@1224|Proteobacteria,1RYNV@1236|Gammaproteobacteria,1XSVV@135623|Vibrionales	ABC-type sugar transport system, periplasmic component	-	-	-	-	-	SBP_bac_8
3225	GEA53016.1	1348635.BBJY01000006_gene480	2.39e-154	444.0	COG3842@1|root,COG3842@2|Bacteria,1MU3I@1224|Proteobacteria,1RM9E@1236|Gammaproteobacteria,1XSE0@135623|Vibrionales	Belongs to the ABC transporter superfamily	-	-	-	-	-	ABC_tran
3225	GEA53017.1	1348635.BBJY01000006_gene478	2.45e-156	450.0	COG3842@1|root,COG3842@2|Bacteria,1MU3I@1224|Proteobacteria,1RM9E@1236|Gammaproteobacteria,1XSE0@135623|Vibrionales	Belongs to the ABC transporter superfamily	-	-	-	-	-	ABC_tran
3225	GEA53018.1	1205908.AKXW01000003_gene3125	2.38e-309	844.0	COG1502@1|root,COG1502@2|Bacteria,1MVPU@1224|Proteobacteria,1RN1V@1236|Gammaproteobacteria,1XT62@135623|Vibrionales	COG1502 Phosphatidylserine phosphatidylglycerophosphate cardiolipi n synthases and related enzymes	pssA	-	ko:K00998	ko00260,ko00564,ko01100,ko01110,map00260,map00564,map01100,map01110	ko00000,ko00001,ko00002,ko01000	PLDc_2,Regulator_TrmB
3225	GEA53019.1	1205908.AKXW01000003_gene3124	1.88e-81	243.0	COG3153@1|root,COG3153@2|Bacteria,1QUGJ@1224|Proteobacteria,1T1YA@1236|Gammaproteobacteria,1XYFN@135623|Vibrionales	COG0454 Histone acetyltransferase HPA2 and related acetyltransferases	-	-	-	-	-	Acetyltransf_10,Acetyltransf_7
3225	GEA53020.1	1205908.AKXW01000003_gene3123	2.79e-235	649.0	COG0812@1|root,COG0812@2|Bacteria,1MXDH@1224|Proteobacteria,1RNXK@1236|Gammaproteobacteria,1XTDX@135623|Vibrionales	Cell wall formation	murB	GO:0000270,GO:0003674,GO:0003824,GO:0006022,GO:0006023,GO:0006024,GO:0006807,GO:0008150,GO:0008152,GO:0008762,GO:0009058,GO:0009059,GO:0009252,GO:0009273,GO:0009987,GO:0016491,GO:0016614,GO:0016616,GO:0030203,GO:0034645,GO:0042546,GO:0043170,GO:0044036,GO:0044038,GO:0044085,GO:0044237,GO:0044249,GO:0044260,GO:0055114,GO:0070589,GO:0071554,GO:0071704,GO:0071840,GO:1901135,GO:1901137,GO:1901564,GO:1901566,GO:1901576	ko:K00075	ko00520,ko00550,ko01100,map00520,map00550,map01100	ko00000,ko00001,ko01000,ko01011	FAD_binding_4,MurB_C
3225	GEA53021.1	1205908.AKXW01000003_gene3122	6.23e-218	602.0	COG0340@1|root,COG1654@1|root,COG0340@2|Bacteria,COG1654@2|Bacteria,1MWCC@1224|Proteobacteria,1RNGC@1236|Gammaproteobacteria,1XUFE@135623|Vibrionales	Acts both as a biotin-- acetyl-CoA-carboxylase ligase and a biotin-operon repressor. In the presence of ATP, BirA activates biotin to form the BirA-biotinyl-5'-adenylate (BirA-bio- 5'-AMP or holoBirA) complex. HoloBirA can either transfer the biotinyl moiety to the biotin carboxyl carrier protein (BCCP) subunit of acetyl-CoA carboxylase, or bind to the biotin operator site and inhibit transcription of the operon	birA	-	ko:K03524	ko00780,ko01100,map00780,map01100	ko00000,ko00001,ko01000,ko03000	BPL_C,BPL_LplA_LipB,HTH_11
3225	GEA53022.1	1205908.AKXW01000003_gene3121	5.49e-203	563.0	COG1072@1|root,COG1072@2|Bacteria,1MV3M@1224|Proteobacteria,1RNXX@1236|Gammaproteobacteria,1XUCB@135623|Vibrionales	pantothenic acid kinase	coaA	GO:0003674,GO:0003824,GO:0004594,GO:0005575,GO:0005622,GO:0005623,GO:0005737,GO:0005829,GO:0006139,GO:0006163,GO:0006164,GO:0006725,GO:0006732,GO:0006753,GO:0006793,GO:0006796,GO:0006807,GO:0008150,GO:0008152,GO:0009058,GO:0009108,GO:0009117,GO:0009150,GO:0009152,GO:0009165,GO:0009259,GO:0009260,GO:0009987,GO:0015936,GO:0015937,GO:0016301,GO:0016310,GO:0016740,GO:0016772,GO:0016773,GO:0018130,GO:0019438,GO:0019637,GO:0019693,GO:0033865,GO:0033866,GO:0033875,GO:0034030,GO:0034032,GO:0034033,GO:0034641,GO:0034654,GO:0044237,GO:0044238,GO:0044249,GO:0044271,GO:0044281,GO:0044424,GO:0044444,GO:0044464,GO:0046390,GO:0046483,GO:0051186,GO:0051188,GO:0055086,GO:0071704,GO:0072521,GO:0072522,GO:0090407,GO:1901135,GO:1901137,GO:1901293,GO:1901360,GO:1901362,GO:1901564,GO:1901566,GO:1901576	ko:K00867	ko00770,ko01100,map00770,map01100	ko00000,ko00001,ko00002,ko01000	PRK
3225	GEA53023.1	1348635.BBJY01000048_gene1971	3.45e-181	511.0	COG3547@1|root,COG3547@2|Bacteria,1MUER@1224|Proteobacteria,1RMAQ@1236|Gammaproteobacteria,1XWQE@135623|Vibrionales	COG3547 Transposase and inactivated derivatives	-	-	-	-	-	DEDD_Tnp_IS110,Transposase_20
